PT312,PT401,PT408,PT403,PT501,PT408_diff,PT403_diff,FT305,FT104,FT407,LI405,FT406,FT407_density,FT406_density,FT104_density,FT407_temp,FT406_temp,FT104_temp,LI504,VC501,VC302,VC101,PO1,PT417
0.1403774023,0.13532179589999999,0.1041524053,0.10643609759999999,0.1029299021,0.031080728800000002,0.5971025944,0.028392306444444442,1.994894981,0.09329477,0.853872776,0.192332804,69.26891327,266.6224976,998.3494873,20.32860947,20.06472969,19.56160927,21.61974907,22.51115036,56.91460037,43.18600082,2.079999924,0.0558525205
0.14030270579999998,0.135363698,0.10420600179999999,0.1065922976,0.10306609870000001,0.031147861500000002,0.5391668797,0.028181389694444444,1.984449029,0.312762409,0.857814014,0.1027845,69.93128204,265.3540039,998.3491821,20.32887077,20.06485939,19.57206917,21.62360001,22.4829998,56.91059113,43.22735977,2.015000105,0.0558525324
0.14032369849999998,0.1354056001,0.10433119539999999,0.1066756964,0.1032022953,0.031049761199999998,0.47693967820000005,0.028024749749999998,1.981613994,-0.088025272,0.861755073,0.173960298,69.93128204,261.4112854,998.3488159,20.32913971,20.06497955,19.56509972,21.62745094,22.45484924,56.92782974,43.26871872,2.164999962,0.0558525324
0.140376699,0.1353214025,0.1044741988,0.1067592025,0.10333850380000001,0.030896580200000003,0.6013941765,0.027982362111111114,1.981317043,-0.229886502,0.865696192,0.163422093,69.93128204,259.4273987,998.3483887,20.32939911,20.06510925,19.55813026,21.63130951,22.42670059,56.9450798,43.31008148,2.32249999,0.0558525383
0.14013299939999999,0.1351951957,0.1046172023,0.1068426013,0.1034747005,0.0307433903,0.6192755221999999,0.02798897213888889,1.981019974,-0.167181507,0.869637311,0.1709373,69.93128204,261.6169128,998.3480835,20.32966995,20.06522942,19.55116081,21.63516045,22.39855957,56.96232986,43.35144043,2.404999971,0.055852550300000005
0.1400349021,0.1350690007,0.10465300079999999,0.1069537997,0.1036108971,0.030590209400000002,0.6292891979,0.02803036161111111,1.980721951,-0.150253505,0.873707175,0.178594604,64.89102173,267.6474915,998.3477173,20.32992935,20.06534958,19.54417992,21.63900948,22.37041092,56.97957993,43.33758926,2.345000029,0.0558525622
0.1400182009,0.1351325989,0.1048854947,0.10707420110000002,0.1037471056,0.030193740099999998,0.5177093029,0.028104555333333336,1.986345053,0.268773586,0.877820015,0.08303,63.21092987,267.6585999,998.3474121,20.33019066,20.06547928,19.53721046,21.64286041,22.34226036,56.94110107,43.30532074,2.087500095,0.0558525622
0.1398458004,0.1351042032,0.1049271941,0.10703469510000001,0.1038833022,0.0302232206,0.4912446976,0.028169778194444446,1.993940949,0.55511862,0.881932795,0.076130033,63.21092987,262.9436951,998.3469849,20.33045959,20.06559944,19.53023911,21.64670944,22.3302803,56.88405991,43.27307129,2.00999999,0.0558525681
0.1397806048,0.13502399920000002,0.1048794985,0.10729279519999999,0.10401949880000001,0.0301596493,0.4633498192,0.028249251055555556,2.001538038,-0.0298503,0.886045575,0.051018219,63.21092987,255.9335022,998.3466187,20.3307209,20.06572914,19.52326965,21.65056038,22.32369995,56.82701111,43.24081039,2.287499905,0.05585258010000001
0.13992060420000002,0.13520669940000002,0.1048318028,0.107378602,0.1041556954,0.0301056892,0.4054141045,0.02832541572222222,2.009134054,-0.238588899,0.89199692,0.006402881,59.56092834,248.4273987,998.3463135,20.33098984,20.0658493,19.5163002,21.65442085,22.3171196,56.7699585,43.2085495,2.132499933,0.055852592
0.1402112961,0.1354768991,0.1050703049,0.1073680043,0.10422359699999999,0.030084049699999997,0.5227159977,0.02840425066666667,2.01673007,-0.133325502,0.898560882,-0.038212471,58.34426117,237.7088928,998.3458862,20.33124924,20.06598091,19.50933075,21.65826988,22.31053925,56.7129097,43.1762886,2.275000095,0.055852592
0.140535295,0.13552440400000001,0.10540410280000001,0.10735739470000001,0.10426889660000001,0.0300624102,0.5456042767,0.028469138666666668,2.017277956,-0.070978113,0.905125022,0.02463562,58.34426117,232.6676025,998.34552,20.33152008,20.06609917,19.50235939,21.66212082,22.3039608,56.6558609,43.14403152,2.125,0.055852597999999996
0.1405205011,0.1353173971,0.1055233002,0.1075536013,0.1043141007,0.0299434215,0.5405973911,0.028411500722222226,2.015476942,-0.200918198,0.911689103,-0.064933121,58.34426117,232.8119049,998.3450928,20.33177948,20.06623077,19.4953804,21.66596985,22.29737091,56.59880829,43.11177063,2.387500048,0.0558526099
0.1403928041,0.1352504969,0.1055709958,0.1078187943,0.10440490250000001,0.0297919691,0.5198551177999999,0.02827805625,2.013675928,-0.241748005,0.918253183,-0.02575295,58.34426117,231.7021942,998.3447266,20.33205032,20.06635094,19.48841095,21.66982079,22.29079056,56.54175949,43.07950974,2.237499952,0.0558526218
0.1402650952,0.1352504015,0.10561870339999999,0.1078740954,0.1045109034,0.029640519599999998,0.5320144176,0.028163166055555557,2.011874914,-0.234356999,0.924817324,0.0,62.69274902,232.5839996,998.3444214,20.33230972,20.06646919,19.48143959,21.67366982,22.28421021,56.53102112,43.10506821,2.029999971,0.0558526218
0.1401167035,0.1352501988,0.10563060049999999,0.1080518007,0.1046169043,0.0295949101,0.5878043175000001,0.028103222305555554,2.004889965,-0.238052502,0.931381285,0.022967091,64.14224243,232.3813019,998.3439941,20.33258057,20.0666008,19.47447014,21.67752075,22.27762985,56.53572083,43.1498909,2.372499943,0.0558526278
0.1401890993,0.1352499008,0.10567829609999999,0.10814249520000001,0.10472290520000001,0.0295845687,0.4733633995,0.028078055916666667,1.996178031,-0.245443493,0.935050189,0.008808552,64.14224243,235.0388031,998.3436279,20.33283997,20.06671906,19.46750069,21.68137932,22.2710495,56.54040909,43.19472122,2.5,0.0558526397
0.14033739569999998,0.1354555964,0.10574179889999999,0.1081827998,0.1048288941,0.029574230299999997,0.4855226994,0.028068445,1.987465024,-0.031638429,0.937753975,-0.020277079,64.14224243,236.8554993,998.3433228,20.33311081,20.06685066,19.46052933,21.68523026,22.26446915,56.5451088,43.2395401,2.424999952,0.055852651600000004
0.14048570389999998,0.135729897,0.105805397,0.10822310449999999,0.104934895,0.029642701100000002,0.4976819992,0.028037999472222224,1.978752017,0.206187695,0.937592983,-0.049362719,64.14224243,234.2720947,998.3428955,20.33337021,20.06697083,19.45355034,21.68907928,22.25787926,56.54980087,43.28437042,2.167500019,0.055852651600000004
0.1406340003,0.1360041022,0.10598230360000001,0.1082635045,0.10504089590000001,0.029737439799999998,0.5620551109,0.028013500638888886,1.97596395,0.01866865,0.936477184,-0.051336471,45.59119034,230.4461975,998.3425293,20.33363914,20.06710052,19.5223999,21.69293022,22.25130081,56.55450058,43.3291893,2.029999971,0.0558526576
0.1407822967,0.1362120032,0.1060060978,0.10830379720000001,0.1051468968,0.0299527198,0.49410581589999997,0.02800155638888889,1.975149989,-0.181725204,0.935361385,-0.044272929,39.40750885,227.7772064,998.3422241,20.33390045,20.06722069,19.54700089,21.69677925,22.24472046,56.55920029,43.37400818,2.257499933,0.05585266949999999
0.1411262989,0.1363978028,0.1059664011,0.10847280029999999,0.10525289769999999,0.0302081913,0.5498958111000001,0.02797638786111111,1.981371045,-0.102807499,0.934245527,-0.03720938,39.40750885,227.838501,998.3417969,20.33416939,20.06735039,19.54842949,21.70063019,22.23814011,56.56388855,43.35684967,2.099999905,0.05585268140000001
0.1415354967,0.1368098974,0.1059265971,0.1085237026,0.1053588986,0.030463659799999997,0.5012584209,0.027951889027777777,1.989936948,0.103785403,0.933129728,-0.035544161,39.40750885,228.6813965,998.3413696,20.33443069,20.06747055,19.54985046,21.70447922,22.23155975,56.56858826,43.31901932,1.967499971,0.05585268140000001
0.1419448018,0.1365694046,0.10620280499999998,0.1085211039,0.1054648995,0.0306071103,0.5999637126999999,0.027919445027777778,1.99850297,-0.145961896,0.932013929,-0.084345713,64.88432312,226.8652954,998.3411255,20.33469963,20.06760025,19.55127907,21.70833969,22.2249794,56.57328033,43.28118896,2.152499914,0.0558526874
0.1423539996,0.1371804953,0.1062266946,0.10851850510000001,0.1055583,0.030342748800000003,0.5684924126,0.02789261075,2.007069111,0.417787403,0.93135941,-0.054162409,73.37658691,224.1629944,998.3406982,20.33496094,20.06772041,19.55270004,21.69677925,22.21838951,56.57798004,43.24335861,2.325000048,0.055852699299999996
0.1426723957,0.1378702044,0.10639950039999999,0.1086565018,0.1056475997,0.0308167607,0.49267539979999997,0.02786877738888889,2.015635014,0.021291301,0.930858672,-0.04528448,73.37658691,221.4606018,998.340271,20.33522034,20.06785011,19.55413055,21.70741081,22.21180916,56.58267975,43.20552826,2.105000019,0.0558527112
0.1427389026,0.1379593968,0.1066617012,0.10867170100000001,0.105736804,0.0312203109,0.6278585911000001,0.027859834027777777,2.017203093,-0.019598121,0.930358112,-0.054086931,73.37658691,220.2463989,998.3400269,20.33548927,20.06797028,19.55555916,21.72714043,22.20523071,56.58737183,43.16770172,2.170000076,0.0558527112
0.1427317023,0.1380712986,0.1067093968,0.10897380109999999,0.10582610370000001,0.0312105089,0.5692076206000001,0.027849888277777776,2.016438007,0.090195313,0.929857373,-0.062889382,73.37658691,219.5281982,998.3395996,20.33575058,20.06809044,19.55698013,21.7468605,22.19865036,56.59207153,43.129879,2.144999981,0.0558527172
0.14272439480000002,0.138064301,0.10700750349999999,0.10901590590000002,0.10597189659999999,0.0311026812,0.6314349174,0.02783036125,2.015674114,0.415999204,0.929356694,0.040054131,58.35966873,224.6591034,998.3391724,20.33601952,20.06822014,19.55841064,21.76659012,22.19207001,56.5967598,43.09204102,2.067500114,0.0558527291
0.1427170992,0.1379966021,0.1071445942,0.10920059680000001,0.1061365962,0.030994850400000003,0.5119873047,0.02780827838888889,2.014909029,0.291781306,0.928856015,-0.02038713,53.35403061,234.845993,998.3389282,20.33628082,20.0683403,19.55982971,21.78631973,22.21822929,56.6014595,43.10289001,2.162499905,0.055852741
0.1428926945,0.1382303953,0.10719230179999999,0.109474504,0.1063012958,0.030887010700000002,0.4633499146,0.027786223083333332,2.010318041,0.115706503,0.928355277,0.02953798,53.35403061,240.0798035,998.338501,20.33654976,20.06847,19.56126022,21.80604935,22.25530052,56.60615921,43.12995148,2.200000048,0.055852752900000004
0.1431293011,0.1383499026,0.10747239589999999,0.10950809720000002,0.1064659953,0.0307791799,0.5220007896000001,0.027771752675,2.004450083,-0.164916396,0.927854717,0.037747201,53.35403061,240.9373932,998.3380737,20.33680916,20.06859016,19.56269073,21.82578087,22.29237938,56.61085129,43.15702057,2.222500086,0.055852752900000004
0.1431532979,0.1383978009,0.10758860109999999,0.10965600010000001,0.10663069489999999,0.030736830799999997,0.5305839062000001,0.027746916877777777,1.998582959,-0.247291297,0.922772586,-0.038672939,53.35403061,236.9342957,998.3377075,20.33708,20.06871986,19.5641098,21.84551048,22.32946014,56.61555099,43.18407822,2.36500001,0.0558527589
0.1431064963,0.1384456992,0.1076243997,0.109868598,0.10679539440000001,0.030716300000000002,0.48838381770000006,0.02771777470833333,1.992715001,-0.147869304,0.913445592,0.045542829,70.55046082,234.5661926,998.3372803,20.3373394,20.06884003,19.56554031,21.8652401,22.36654091,56.62023926,43.21115112,2.357500076,0.0558527589
0.14318460230000002,0.1384935975,0.1078657985,0.1100811005,0.1069601059,0.030539551399999997,0.5806518078,0.027717441983333334,1.986847997,-0.206998006,0.903212488,0.044835631,76.2826004,239.962204,998.3369751,20.33761024,20.06896973,19.56695938,21.88496971,22.40361023,56.62493896,43.23820877,2.325000048,0.055852782700000006
0.1432510018,0.1383255005,0.10817569490000001,0.11029369829999999,0.1071248055,0.030310720200000002,0.5856585979,0.027717772588888887,1.980980992,-0.241330698,0.892979503,-0.003917667,76.2826004,243.0550995,998.3366089,20.33786964,20.06908989,19.56838989,21.90469933,22.44068909,56.62963104,43.26528168,2.327500105,0.055852782700000006
0.1431341052,0.1380851984,0.10832469460000001,0.1105062962,0.10728950500000001,0.030081889,0.5370212078,0.02769624921944444,1.980070949,-0.246099204,0.889734507,-0.052670971,76.2826004,236.8686981,998.3361816,20.33814049,20.06921959,19.56981087,21.92443085,22.47776031,56.63433075,43.29233932,2.05250001,0.0558527887
0.1429622054,0.1381504059,0.108259201,0.11077179909999998,0.10745420459999999,0.0298530698,0.4855226994,0.027662474313888887,1.980813026,-0.097442962,0.892814517,-0.038199831,76.2826004,228.0957947,998.3358765,20.33839989,20.06933975,19.57123947,21.94416046,22.51483917,56.63903046,43.31940842,2.275000095,0.0558527887
0.1432042956,0.13852030040000002,0.10833070279999998,0.1108093023,0.1076189041,0.0297958493,0.49410581589999997,0.027643600038888886,1.981554985,-0.197341904,0.897226214,-0.039341189,57.56058121,225.160202,998.3355103,20.33867073,20.06946945,19.57266045,21.96389008,22.55191994,56.64371872,43.34646988,2.222500086,0.0558528125
0.14358450169999998,0.1389577985,0.10846580269999999,0.11076509949999999,0.1077836037,0.0300345808,0.49482111929999995,0.027639293669444443,1.986963987,-0.247291297,0.901637971,0.047047999,51.31990814,231.3011017,998.335083,20.33893013,20.06958961,19.57408905,21.98361969,22.58898926,56.64841843,43.33290863,2.289999962,0.0558528125
0.1439646959,0.1392830014,0.1086009026,0.1108832955,0.1079483032,0.0303528786,0.44975991249999997,0.027621082730555555,1.993929029,-0.247291297,0.906049788,0.114908099,51.31990814,233.4304962,998.3347778,20.33919907,20.06971931,19.57551956,22.0033493,22.62607002,56.6531105,43.30580139,2.119999886,0.0558528185
0.144344902,0.1395706058,0.108849299,0.1110558033,0.1080615044,0.030423590499999997,0.48695330620000005,0.02759028540833333,2.00089407,-0.247291297,0.910461605,0.165507495,51.31990814,253.1941986,998.3344116,20.33946037,20.06983948,19.57694054,22.02308083,22.66315079,56.67475891,43.27869034,2.17750001,0.0558528185
0.1445700049,0.1398583055,0.1088850021,0.11122820380000001,0.10815750360000001,0.0306702405,0.5287957191,0.027568100822222222,2.007858038,-0.221899301,0.913133085,0.064601369,51.96115112,260.0976868,998.3339844,20.33971977,20.06995964,19.41259956,22.0428009,22.70022011,56.7020607,43.25157928,2.130000114,0.055852842300000004
0.1448937058,0.1401460052,0.1090698004,0.11133029459999999,0.10825350279999998,0.0308831394,0.5616973877,0.027549555036111114,2.01482296,-0.188043401,0.915224612,0.056150969,52.17490005,256.5888977,998.3336792,20.33999062,20.07008934,19.35770035,22.06253052,22.73730087,56.72935867,43.22446823,2.00999999,0.055852842300000004
0.1450793982,0.14028860329999998,0.1090996027,0.1114089966,0.10834939480000001,0.0310560614,0.49052948949999997,0.027545912000000002,2.015686035,0.1773386,0.91731602,0.06945575,52.17490005,249.9051056,998.333313,20.34025002,20.0702095,19.35770035,22.08226013,22.77437973,56.75666046,43.19736099,2.392499924,0.0558528483
0.14520239829999998,0.1406738043,0.10905189509999999,0.11163280010000001,0.10844540600000001,0.0312289894,0.46621079439999996,0.027529351975,2.014513969,-0.111390702,0.919407427,-0.03357939,52.17490005,242.5995941,998.3328857,20.34052086,20.0703392,19.35770035,22.10198975,22.81144905,56.78395081,43.17024994,2.147500038,0.0558528483
0.145718503,0.1411560059,0.1091384053,0.1115370035,0.1085414052,0.0315354705,0.5098414898,0.027515284219444443,2.013343096,0.070644647,0.921498775,-0.01707845,52.17490005,235.2940979,998.3325806,20.34078026,20.07045937,19.35770035,22.12171936,22.84852982,56.81126022,43.14313889,1.960000038,0.05585287209999999
0.1460016012,0.14152090550000002,0.1092694998,0.1115803957,0.1086374044,0.0318864793,0.41256670949999996,0.02750402238611111,2.00620389,-0.128795505,0.923590183,-0.0215347,66.86654663,232.2028961,998.3322144,20.34104919,20.07058907,19.47534943,22.14145088,22.88561058,56.83855057,43.16851044,2.299999952,0.05585287209999999
0.1461634994,0.14159820080000002,0.10946320300000001,0.11171100140000001,0.10866140129999999,0.0319516212,0.5234313011,0.027487299177777775,1.997076035,-0.236860394,0.92568171,-0.0298624,71.76376343,230.5164032,998.3317871,20.3413105,20.07070923,19.5145607,22.1611805,22.9226799,56.86584854,43.21136856,2.127500057,0.0558528781
0.1463253021,0.14159280059999999,0.1096778035,0.1118415952,0.1087908983,0.031921491,0.5341600895,0.027460810344444444,1.987946987,-0.245205104,0.927773118,-0.00756139,71.76376343,233.7147064,998.3314209,20.34157944,20.07084084,19.5145607,22.18091011,22.95976067,56.89315033,43.2542305,2.015000105,0.05585289
0.14625879530000002,0.14148590560000002,0.1097581983,0.1119722009,0.1088951945,0.031891340000000004,0.48266167639999996,0.0274376297,1.978819013,-0.166466206,0.929864526,0.0,71.76376343,235.8148041,998.3311157,20.34184074,20.07095909,19.5145607,22.20063972,22.99683952,56.9204483,43.29710007,2.287499905,0.055852901899999995
0.14611619709999998,0.1414561033,0.10979399679999999,0.1120491982,0.1089766979,0.0317389905,0.4676414013,0.027427361805555554,1.975034952,0.117613897,0.931955874,0.02493095,71.76376343,234.7301025,998.3306885,20.34210968,20.07107925,19.5145607,22.22036934,23.03391075,56.94775009,43.33995819,2.267499924,0.055852901899999995
0.1461300015,0.14146339889999998,0.1099370956,0.1121080995,0.10905810590000001,0.0315459102,0.5012584209,0.02742669635277778,1.973031998,-0.127484098,0.931491673,-0.027233411,63.82009125,232.8865967,998.3303223,20.34236908,20.07121086,19.4910202,22.24010086,23.07098961,56.97504044,43.38282013,2.117500067,0.055852907900000005
0.145965004,0.1411021948,0.1101158977,0.1121672034,0.10913959740000001,0.031352820999999996,0.5920958996000001,0.02741312450833333,1.971029043,-0.243834198,0.930175722,-0.01184791,61.17219925,232.425705,998.3300171,20.34263992,20.07132912,19.4871006,22.25982094,23.10807037,57.00233841,43.4256897,2.267499924,0.0558529198
0.1457229018,0.1409528971,0.1101678014,0.11251120569999999,0.1092211008,0.030977359399999998,0.5756450176000001,0.027405507830555554,1.976691961,-0.160743997,0.928859591,-0.04617162,61.17219925,227.0984039,998.3295898,20.34289932,20.07146072,19.49233055,22.27955055,23.14514923,57.0296402,43.41271973,2.097500086,0.0558529317
0.1454807997,0.1407019019,0.11017730240000001,0.1125604987,0.1093026042,0.0308042288,0.5398821831,0.02740153418611111,1.984910965,-0.218561396,0.927543521,-0.051994812,61.17219925,223.7886963,998.3292236,20.34316063,20.07158089,19.4975605,22.29928017,23.18222046,57.05693817,43.38113022,2.170000076,0.0558529317
0.14540649649999998,0.1406811953,0.1101868033,0.1126590014,0.10938400029999999,0.0305055201,0.4232954979,0.027394248113888887,1.993129969,-0.1485845,0.924868405,-0.072953373,70.56640625,221.7434998,998.3289185,20.34342957,20.07171059,19.50279045,22.31900978,23.21929932,57.08423996,43.34954834,2.144999981,0.05585293770000001
0.1453881025,0.1407610059,0.11019639969999999,0.11255810260000002,0.109404397,0.0304382414,0.41256670949999996,0.027385862138888887,2.001348972,-0.199726105,0.921740413,-0.072225042,73.69780731,221.5337067,998.3284912,20.34369087,20.07183075,19.5080204,22.3387394,23.25637054,57.1115303,43.31797028,1.985000014,0.0558529496
0.14536969660000001,0.140842998,0.1102059007,0.11257200240000001,0.1095268965,0.0304718196,0.49625148770000005,0.027377471925,2.009567976,-0.151922405,0.918612182,-0.06052164,73.69780731,221.9356995,998.328125,20.34395981,20.07196045,19.51324081,22.35847092,23.2934494,57.13883972,43.28638077,2.180000067,0.0558529615
0.145468998,0.1409257054,0.11019049880000001,0.11265289780000001,0.1095710993,0.0305054009,0.4933905125,0.027375375958333333,2.010945082,-0.094462693,0.915484071,-0.048818231,73.69780731,222.3377075,998.3278198,20.34421921,20.07208061,19.51847076,22.37820053,23.33053017,57.16613007,43.25479889,2.102499962,0.0558529615
0.145607698,0.1409047008,0.11034539940000002,0.11265670059999999,0.1095756054,0.030538970199999998,0.5098413944,0.027375375958333333,2.010041952,-0.024366559,0.912356019,-0.037114829,73.69780731,226.7899933,998.3273926,20.34449005,20.07221031,19.52370071,22.39793015,23.36761093,57.19343185,43.22322083,1.982499957,0.055852967499999996
0.14564199449999998,0.1408489943,0.1103811979,0.11280800099999999,0.1095800996,0.030463919,0.4218649864,0.027375375958333333,2.009139061,-0.186612904,0.909227908,0.03392553,68.44030762,231.2613983,998.3270264,20.34474945,20.07233047,19.52893066,22.41765976,23.40468025,57.22072983,43.19163895,1.982499957,0.0558529794
0.1456416965,0.14079339500000002,0.110571897,0.1128101945,0.10958460569999999,0.030352660999999996,0.47121767999999997,0.027422065736111112,2.008234978,0.044537451,0.908259928,0.01415759,66.68781281,235.289093,998.3267212,20.34502029,20.07246017,19.53416061,22.43738937,23.44175911,57.24803162,43.16006088,2.297499895,0.0558529913
0.1455003977,0.1406298995,0.11058379410000001,0.1129009962,0.10958909990000001,0.030241391099999997,0.4104208946,0.02758763631111111,2.007332087,-0.01053808,0.908011973,0.0,66.68781281,235.9956055,998.3262939,20.34527969,20.07258034,19.53939056,22.4571209,23.47883034,57.27532959,43.16651917,2.339999914,0.0558529913
0.1453120947,0.14068700080000002,0.11035130019999999,0.11304429769999999,0.10969189409999999,0.0302411109,0.49052948949999997,0.02787308375,2.005143881,-0.199726105,0.907764018,0.0,66.68781281,235.5950928,998.3259277,20.34555054,20.0727005,19.54462051,22.47685051,23.51590919,57.2201004,43.18566895,2.349999905,0.0558529973
0.1455567002,0.1408295989,0.11033339499999999,0.11300120350000001,0.10971310139999998,0.030277809500000002,0.524861908,0.028034027944444446,2.002527952,-0.04308271,0.907516003,-0.02279146,66.68781281,231.6647949,998.3256226,20.34580994,20.0728302,19.54985046,22.47571945,23.55298996,57.13735962,43.2048111,2.412499905,0.055853009200000005
0.1457355022,0.14097230430000002,0.110405004,0.11289600129999999,0.1096961021,0.030510479200000003,0.4962515831,0.028071443777777778,1.999912024,-0.153949097,0.907267988,-0.007597153,67.86430359,230.1136017,998.3251953,20.34608078,20.07295036,19.55508041,22.46763992,23.59007072,57.05463028,43.22396088,2.174999952,0.0558530211
0.1458443999,0.1411149025,0.11047650579999999,0.11290689709999999,0.10967919829999999,0.030584791300000004,0.5320144176,0.02807177861111111,1.997295976,-0.2341782,0.907020092,-0.05477567,68.2564621,229.7476044,998.3248291,20.34634018,20.07308006,19.56030083,22.45956039,23.62714005,56.9718895,43.24311066,2.285000086,0.0558530211
0.14595320220000002,0.1412575006,0.11054799559999999,0.1129565954,0.109662199,0.0305845499,0.4933906078,0.028049888611111108,1.994680047,-0.243416995,0.908275604,-0.01825856,68.2564621,229.3816071,998.3244019,20.34660912,20.07320023,19.56553078,22.45148087,23.66422081,56.95344162,43.26224899,2.095000029,0.055853027099999994
0.1460211992,0.1411587954,0.1106196046,0.1130061984,0.10964529510000001,0.030584299599999996,0.49696679120000004,0.02801216761111111,1.992063999,-0.246516407,0.910032272,-0.02528118,68.2564621,233.5773926,998.3239746,20.34687042,20.07332993,19.57076073,22.44339943,23.70129013,56.9564209,43.28139877,2.152499914,0.05585303900000001
0.1458160996,0.1409796,0.1106910944,0.1130558014,0.1096282959,0.0304525614,0.5255770206,0.02800486036111111,1.989447951,-0.235847101,0.911789119,0.066392519,68.2564621,239.2937927,998.3237305,20.34713936,20.07345009,19.57599068,22.4353199,23.7383709,56.95940018,43.30054855,2.125,0.05585303900000001
0.14552439450000001,0.1408004045,0.11047650579999999,0.11310549969999999,0.10961140389999999,0.030398720499999997,0.49410581589999997,0.027989972444444445,1.986832023,-0.205567405,0.913545728,0.04748584,52.8975296,245.0101929,998.3233032,20.34740067,20.07357979,19.45965958,22.42724037,23.74633026,56.96237946,43.3196907,2.055000067,0.0558530509
0.1454851985,0.1407963991,0.11039899589999999,0.11303410529999999,0.1095944047,0.0303854495,0.4726480961,0.02795783361111111,1.984215975,0.108672999,0.915302515,-0.022212289,47.77788925,244.0121002,998.322876,20.34766006,20.07369995,19.42044067,22.41916084,23.74457932,56.9653511,43.33884048,2.122499943,0.05585306289999999
0.1455302,0.1408507943,0.11034539940000002,0.11292239429999999,0.109472096,0.0303721786,0.4182888031,0.027922083527777777,1.985965967,0.209764004,0.91429323,0.01270681,47.77788925,237.8470001,998.3225708,20.34793091,20.07382965,19.42044067,22.41107941,23.74283028,56.96833038,43.35799026,2.210000038,0.0558530688
0.14575970170000002,0.1409052014,0.11047049760000001,0.11281059980000001,0.1093927979,0.030358919499999998,0.45905828480000005,0.027910166833333333,1.989171028,-0.091243967,0.912361979,0.007538673,47.77788925,233.447998,998.3222046,20.34819031,20.07394981,19.42044067,22.40300941,23.74107933,56.97130966,43.3771286,2.214999914,0.0558530688
0.1455391049,0.1407093048,0.1102857947,0.11275860069999999,0.10933970209999999,0.0306217909,0.4740786076,0.027897249861111112,1.99237597,-0.148942202,0.910430729,-0.049488779,61.43312073,229.9631042,998.3217773,20.34845924,20.07407951,19.42168045,22.39492989,23.73933029,56.97428894,43.367939,2.112499952,0.0558530807
0.1454061985,0.14065450429999998,0.1101547003,0.1127264023,0.10928649900000001,0.0305189013,0.43187861439999997,0.02786447313888889,1.995581031,-0.155498803,0.908499479,-0.063898809,65.98487091,222.7032013,998.3214722,20.34872055,20.07419968,19.42333031,22.38685036,23.73759079,56.97726059,43.34931183,2.289999962,0.055853092699999995
0.1453593969,0.140674603,0.1100831032,0.1126940966,0.1092334032,0.0305271387,0.4955362797,0.02781313788888889,1.998785973,-0.225714102,0.909551024,-0.06111715,65.98487091,220.1965942,998.321106,20.34898949,20.07431984,19.42498016,22.37877083,23.73583984,56.98023987,43.3306694,2.329999924,0.0558530986
0.1454733968,0.1406947017,0.11001160139999999,0.1125892043,0.1091317058,0.030623298900000002,0.5255770206,0.02775751325833333,2.001991034,-0.124503903,0.911596715,-0.01510543,65.98487091,219.6938934,998.3206787,20.34925079,20.07444954,19.42663002,22.37068939,23.73409081,56.98321915,43.31203079,2.095000029,0.0558530986
0.1454166055,0.14064489600000002,0.1099400997,0.11246010070000001,0.1090137959,0.030719459100000002,0.5312991142000001,0.027689959208333333,2.005196095,-0.206401899,0.916095018,-0.026706509,65.98487091,224.5659027,998.3203735,20.34951973,20.0745697,19.42827988,22.36260986,23.73233986,56.9861908,43.29339981,1.99000001,0.0558531106
0.1452851057,0.14057190420000001,0.10981489419999999,0.1123309016,0.10889589790000001,0.030815619199999998,0.5112720013,0.02753796471388889,2.008400917,-0.222614601,0.921410918,-0.032363411,73.23867798,225.6808929,998.3200073,20.34977913,20.0746994,19.42992973,22.35453033,23.73059082,57.03837967,43.2747612,2.317500114,0.0558531225
0.14515349859999999,0.1404989004,0.10967179540000001,0.112201798,0.1087779999,0.0309117794,0.5116295815,0.02735219107777778,2.011605978,-0.004458318,0.926726699,-0.05609297,75.65660858,224.9463959,998.3195801,20.35004997,20.07481956,19.43158913,22.34645081,23.72883987,57.1069603,43.25613022,2.152499914,0.05585312839999999
0.14520009760000002,0.1405132055,0.1095288038,0.11207259890000001,0.1086601019,0.0309976697,0.5216432095,0.02726146486111111,2.014811039,-0.165512502,0.932042599,-0.089174703,75.65660858,218.8231049,998.3192749,20.35030937,20.07494926,19.43324089,22.33836937,23.72709084,57.17554855,43.23749161,2.022500038,0.05585312839999999
0.1453060031,0.14055680040000001,0.10949300529999999,0.1119434953,0.1085422039,0.031080129699999997,0.5713534832,0.027228016322222222,2.0180161,-0.243715003,0.937358379,-0.024361281,75.65660858,216.4788055,998.3189087,20.35058022,20.07506943,19.43489075,22.30929947,23.72534943,57.24414063,43.21884918,2.039999962,0.0558531404
0.1451714039,0.1406002998,0.10917119980000001,0.11193629499999999,0.1084243059,0.0313828886,0.5270075798,0.027214772966666665,2.016067982,-0.245304495,0.939924777,-0.037472509,75.65660858,220.4768066,998.3184814,20.35083961,20.07519913,19.4365406,22.2732296,23.72360039,57.31272888,43.2002182,2.170000076,0.0558531523
0.1452754974,0.14064379929999998,0.10911749600000001,0.1117648005,0.108306396,0.0314606607,0.5348753929,0.027228346930555557,2.012402058,-0.246893898,0.941574693,-0.04502444,71.70362854,222.0516052,998.3181152,20.35110092,20.07531929,19.43819046,22.23715019,23.72184944,57.38130951,43.18157959,2.015000105,0.055853158199999996
0.1453184009,0.1405562043,0.10918899769999998,0.1115249991,0.10818539860000001,0.0314389586,0.542027998,0.027249539694444446,2.008735895,0.303463995,0.94322449,-0.038439229,70.38597107,219.2507019,998.317688,20.35136986,20.0754509,19.43984032,22.20108032,23.69182968,57.44990158,43.18667984,2.30250001,0.055853158199999996
0.145096302,0.1401703954,0.109206903,0.1114434004,0.1080634952,0.031417259600000004,0.6185603142,0.02733431286388889,2.005069971,-0.02400892,0.943692803,-0.031854019,70.38597107,218.5852051,998.3173828,20.35162926,20.07556915,19.44149017,22.16501045,23.65237999,57.45077896,43.19969177,2.13499999,0.055853182099999996
0.1448045969,0.13969960210000001,0.109206903,0.11141459940000001,0.10794160370000001,0.031085461399999997,0.6249976158,0.02752471923888889,2.001405001,-0.117828101,0.94376719,-0.048266489,70.38597107,220.7386017,998.3170166,20.3519001,20.07570076,19.44314003,22.12894058,23.6129303,57.42908096,43.21269989,2.287499905,0.055853182099999996
0.1443366051,0.1392289042,0.10903700590000001,0.1113857031,0.1078196049,0.0306502789,0.515563488,0.02768465889722222,1.997738957,-0.124503903,0.943841577,-0.072344847,70.38597107,221.4241028,998.3167114,20.3521595,20.07582092,19.44478989,22.09287071,23.57348061,57.40739059,43.22571182,2.069999933,0.055853188
0.1438099027,0.13875819439999998,0.10881049629999999,0.1113569021,0.10769770149999999,0.030403199800000003,0.491960001,0.027775397830555555,1.994073033,-0.219276696,0.943916023,-0.055756699,68.49945831,219.5045929,998.3162842,20.35243034,20.07593918,19.44644928,22.05680084,23.53403091,57.38570023,43.23871994,2.097500086,0.055853188
0.1434442043,0.1385923982,0.10858399869999999,0.1112365961,0.10757579799999999,0.0302188188,0.489098978,0.027810804583333334,1.99040699,-0.247291297,0.943990409,-0.054500591,67.87062073,220.7509003,998.315918,20.35268974,20.07607079,19.44809914,22.02072906,23.49459076,57.36400986,43.25173187,2.170000076,0.0558532119
0.1433169007,0.1385280967,0.108357501,0.1110859036,0.1074537992,0.0302050292,0.4805160046,0.02781397288888889,1.990038991,-0.247291297,0.947086096,-0.062873676,67.87062073,223.2657013,998.3156128,20.35296059,20.07619095,19.4497509,21.98465919,23.45513916,57.34231186,43.26473999,2.075000048,0.0558532119
0.1432512045,0.1382969975,0.1083276987,0.11093510390000001,0.1073318958,0.0302480996,0.5148481846,0.027810666833333334,1.990771055,-0.183632597,0.951188803,-0.071246773,67.87062073,222.0592041,998.3151855,20.35321999,20.07632065,19.45140076,21.94858932,23.41568947,57.32062149,43.27774811,2.362499952,0.0558532178
0.1430258989,0.1380100965,0.10836349729999999,0.1107843995,0.10720989700000001,0.029995870600000002,0.499112606,0.027791972694444445,1.991502047,-0.225356504,0.955291629,-0.060790919,53.78641891,219.6121979,998.3148193,20.35349083,20.07644081,19.64003944,21.91251945,23.37624931,57.29891968,43.29076004,2.267499924,0.0558532178
0.1425726056,0.1377233028,0.10805059669999999,0.1106354952,0.1070880055,0.0299639791,0.5048346042999999,0.027776059044444443,1.992233992,-0.186255306,0.959394276,-0.086559772,49.09169006,217.1652069,998.3145142,20.35375023,20.07657051,19.70277977,21.87644005,23.33679962,57.27722931,43.30376816,2.237499952,0.0558532417
0.142266202,0.137390399,0.1081043005,0.11048719879999999,0.10696610209999999,0.029615929699999998,0.5677772045,0.02777075873611111,1.992964983,-0.227025405,0.963497102,-0.02413593,49.09169006,218.0196991,998.3140869,20.35401917,20.07669067,19.70277977,21.84037018,23.29734993,57.28310013,43.31678009,2.216249943,0.0558532417
0.1418648958,0.1370421052,0.1078001976,0.1103389978,0.1068441033,0.029464969,0.5527567863,0.02775618659166667,1.993695974,-0.240138605,0.966116011,-0.031772502,49.09169006,225.3294983,998.3137207,20.35428047,20.07682037,19.70277977,21.80430031,23.25790024,57.29814911,43.32978058,2.171250105,0.0558532476
0.1419072032,0.1371150017,0.1076138973,0.1103258967,0.10672219990000001,0.0294266492,0.5069804192,0.02772373411388889,1.994426966,-0.050712209,0.968240321,-0.074135832,49.09169006,228.3526001,998.3134155,20.35454941,20.07694054,19.70277977,21.76823044,23.21846008,57.31320953,43.32899857,2.234999895,0.0558532476
0.1419548988,0.1369760036,0.10752450229999999,0.10994650130000001,0.10660020109999999,0.0295949489,0.44725651739999994,0.02772042168611111,1.99515903,0.01020466,0.97036469,-0.021181669,56.89028168,225.9438019,998.3129883,20.35481071,20.0770607,19.58514023,21.73216057,23.17901039,57.32825851,43.3236084,2.387500048,0.0558532715
0.1417570949,0.13671950100000002,0.10743509529999999,0.10981129409999998,0.10647829769999999,0.029533401100000002,0.38288350109999997,0.027705523172222222,1.995890021,0.176027298,0.972488999,-0.02903113,59.48981094,229.9169006,998.3126221,20.35507965,20.0771904,19.54593086,21.6960907,23.1395607,57.34331894,43.31821823,2.392499924,0.0558532715
0.1416540027,0.1367113948,0.10734570029999999,0.1098032951,0.10635639429999999,0.029372268899999998,0.48266167639999996,0.027690951030555556,1.996621013,-0.126530498,0.975373328,-0.037513651,59.48981094,232.7944031,998.3123169,20.35533905,20.07731056,19.54593086,21.66002083,23.1001091,57.35837173,43.31283951,2.454999924,0.0558532774
0.141603899,0.1365010023,0.10726979969999999,0.1096647024,0.1062343955,0.029441678500000002,0.5277227878999999,0.027666117349999998,1.997352958,-0.246397197,0.978510976,-0.057790861,59.48981094,230.1186981,998.3118896,20.35560036,20.07744026,19.54593086,21.62394905,23.06067085,57.37342834,43.30744934,2.127500057,0.0558532774
0.14135630130000001,0.1363919973,0.1070731044,0.1097128034,0.10611250400000001,0.0294279695,0.5127025127,0.02766280916111111,1.998083949,-0.247112498,0.981648624,-0.085358053,59.48981094,220.5455933,998.3115234,20.35586929,20.07756042,19.54593086,21.58787918,23.02121925,57.38848114,43.30205917,2.295000076,0.055853301300000005
0.1413128018,0.1363484979,0.1068346024,0.1095713019,0.1059991956,0.0295573711,0.4511905193,0.027657174005555552,1.99881494,-0.083495267,0.981621921,0.000794711,68.93138123,219.3663025,998.3110962,20.3561306,20.07769012,19.66851997,21.55180931,22.98176956,57.40353012,43.29666901,2.075000048,0.055853301300000005
0.1413593054,0.1365190983,0.10659619570000001,0.1093412042,0.10588890310000001,0.0297522604,0.5012584209,0.027633003658333332,1.999547005,-0.192692593,0.980540395,-0.049670491,72.0785675,219.9223022,998.31073,20.35639954,20.07781029,19.7093792,21.51573944,22.94231987,57.41859055,43.29127884,2.210000038,0.0558533072
0.1416174054,0.1367612004,0.10642930269999999,0.1091109991,0.10577850339999999,0.0300671905,0.498397398,0.027629691230555555,2.000277996,-0.157525405,0.979458928,-0.01920763,72.0785675,226.1958008,998.3104248,20.35666084,20.07793999,19.7093792,21.47966003,22.90287971,57.43363953,43.28590012,2.297499895,0.0558533072
0.1417353988,0.1370031953,0.10628629919999999,0.10888079399999999,0.1056681991,0.030422139199999997,0.5177093029,0.027600218455555554,2.001008987,0.063015178,0.978377521,-0.05565241,72.0785675,227.963501,998.3099976,20.35692978,20.07806015,19.7093792,21.44359016,22.86343002,57.44869995,43.28050995,2.119999886,0.0558533311
0.14178329709999998,0.1372452021,0.1061432004,0.10875300169999999,0.1055577993,0.030777078899999998,0.5549026012,0.027578029633333334,2.001740932,-0.1541875,0.977295995,-0.091704383,59.85810089,222.0122986,998.3095703,20.35718918,20.07818985,19.68090057,21.40752029,22.82398033,57.46374893,43.27511978,2.172499895,0.0558533311
0.1420758963,0.1374873042,0.1060001016,0.1086593986,0.1054473996,0.0311320305,0.5191398144,0.027577035691666668,2.002471924,-0.1658701,0.976214528,-0.061014161,55.78461075,218.3728027,998.3093262,20.35746002,20.07831001,19.67140961,21.37145042,22.78553963,57.47880936,43.26972961,2.247499943,0.055853337
0.14245009420000002,0.13783509730000001,0.10585709809999999,0.1085657954,0.10533709529999999,0.0316000611,0.5556178092999999,0.02756610870277778,2.003202915,-0.141074196,0.975133002,-0.072562397,55.78461075,218.9458008,998.3088989,20.35771942,20.07843971,19.67140961,21.33538055,22.74744034,57.49385834,43.26435089,2.049999952,0.055853349
0.1428243041,0.1378980041,0.1060359001,0.1083709955,0.1052266955,0.031819579,0.5770754814,0.027555183833333333,2.003935099,-0.218084604,0.974051476,-0.080544554,55.78461075,220.4615021,998.3084717,20.35799026,20.07855988,19.67140961,21.29931068,22.70932961,57.50891113,43.25896072,2.25,0.055853349
0.1426772952,0.1378540993,0.1060359001,0.1083840966,0.1051162958,0.0319436997,0.542027998,0.027527039844444445,2.00466609,0.349837095,0.972970009,-0.080643907,55.78461075,218.1352997,998.3082275,20.35824966,20.07868004,19.67140961,21.26324081,22.67123032,57.52397156,43.25357056,2.261250019,0.0558533609
0.1426378965,0.1377740026,0.1061192989,0.1084776998,0.10500600339999999,0.031759700200000004,0.5491805077,0.027512467702777776,2.005397081,0.290112287,0.971888483,-0.04241275,63.02371979,216.1605988,998.3078003,20.35852051,20.07880974,19.57729912,21.22717094,22.63311958,57.53902054,43.24818039,2.15625,0.0558533728
0.1424047947,0.13737610579999998,0.1060299039,0.10835310220000001,0.1049780011,0.0317440689,0.5341600895,0.02749259948611111,2.006129026,0.163152501,0.972081721,-0.03865556,65.43675232,219.598999,998.307373,20.35877991,20.0789299,19.54593086,21.20999908,22.59502029,57.55408096,43.24279022,2.339999914,0.0558533788
0.1420758963,0.1370764017,0.1060508013,0.10836479660000001,0.10497759579999999,0.0312626511,0.43903107639999994,0.027489950391666663,2.006860018,-0.137021095,0.972699702,-0.05064863,65.43675232,222.3966064,998.3071289,20.35905075,20.0790596,19.54593086,21.19914055,22.55690956,57.56912994,43.2374115,2.230000019,0.0558533788
0.1417469025,0.1366672039,0.1061342001,0.10844620469999999,0.1049770951,0.0309212595,0.5534719944,0.027494364844444445,2.007591009,-0.208547696,0.973317683,0.005594505,65.43675232,226.1618042,998.3067017,20.35931015,20.07917976,19.54593086,21.18828011,22.51881027,57.58419037,43.23202133,2.252500057,0.055853390700000005
0.1413161039,0.1361992002,0.1061192989,0.10852769609999999,0.1049765944,0.0304781407,0.5338025093,0.027498781416666666,2.008179903,-0.214150697,0.973935723,0.00633541,65.43675232,227.2467041,998.3062744,20.35957909,20.07930946,19.54593086,21.17741966,22.48070908,57.59923935,43.22663116,2.107500076,0.055853402600000004
0.14085140229999998,0.1358410954,0.10600910189999999,0.1086091042,0.10497620110000001,0.030193799700000003,0.443680191,0.027509816488888887,2.008722067,-0.055242252,0.974553704,0.0,57.35367966,235.7709045,998.3060303,20.35984039,20.07942963,19.56945992,21.16655922,22.44260025,57.61429977,43.221241,2.297499895,0.0558534086
0.1406321049,0.13551969530000002,0.10587799550000002,0.10853209500000001,0.1049757004,0.0299857289,0.4790853977,0.027504189808333333,2.009263992,-0.178148896,0.973396182,-0.034598809,54.65932846,236.1958008,998.305603,20.36009979,20.07955933,19.57991028,21.15570068,22.40449905,57.62934875,43.21686172,2.207499981,0.0558534086
0.14049470420000001,0.1354882956,0.10561269520000001,0.1084022045,0.1049751997,0.0298666298,0.5284380913,0.02757174173888889,2.009805918,-0.176479995,0.971646786,-0.077076733,54.65932846,231.7868958,998.3051758,20.36037064,20.07967949,19.58340073,21.1448307,22.36639023,57.64440918,43.21281052,2.397500038,0.055853420499999994
0.1406211019,0.1358268023,0.10569620129999999,0.10819150209999999,0.104974699,0.0297771811,0.44189209939999996,0.027637969122222224,2.010346889,-0.223449096,0.969897509,-0.0735064,54.65932846,226.9822998,998.3048096,20.36063004,20.07980919,19.58687973,21.13397026,22.32829094,57.65945816,43.20875931,2.142499924,0.0558534324
0.1408354998,0.1359647036,0.10576169490000001,0.1079538941,0.10497430560000001,0.030130618799999998,0.47622442249999997,0.02767803616111111,2.010889053,-0.235847101,0.968148172,-0.077181853,54.65932846,223.2736969,998.3043823,20.36090088,20.07992935,19.59037018,21.12310982,22.29018021,57.67451096,43.2047081,2.067500114,0.0558534384
0.14077520370000002,0.1358523011,0.10577759739999999,0.10793999430000001,0.104973805,0.030154168599999996,0.5992484093,0.02772787306111111,2.011430979,-0.177433595,0.966398776,-0.088253692,48.93928909,219.9304047,998.3040771,20.36116028,20.08005905,19.59384918,21.11224937,22.25208092,57.63811111,43.20066071,2.327500105,0.0558534384
0.1406232953,0.1355090022,0.1057934999,0.1080006003,0.1049733043,0.030018559099999998,0.5878043175000001,0.027782834361111113,2.011972904,-0.225237295,0.964649379,-0.099325553,47.03261185,216.4598999,998.3037109,20.36142921,20.08017921,19.59733963,21.10139084,22.21397018,57.58456039,43.1966095,2.335000038,0.055853450299999996
0.14047139879999998,0.13548480270000002,0.10561870339999999,0.108236599,0.104972899,0.029882949599999997,0.5448888779,0.02785669538888889,2.012515068,-0.133206293,0.962900102,-0.072305217,47.03261185,212.9468994,998.3032837,20.36169052,20.08029938,19.60083008,21.0905304,22.1758709,57.53100967,43.19255066,2.085000038,0.0558534622
0.1406700015,0.1357663989,0.10553519730000001,0.1082337976,0.1049723983,0.029907900100000002,0.5280804157000001,0.027936833694444444,2.01305604,-0.192811906,0.961919188,-0.05050895,47.03261185,213.3368988,998.3029785,20.36195946,20.08042908,19.60430908,21.07966995,22.13776016,57.47745895,43.18849945,2.167500019,0.0558534682
0.14098540539999999,0.1361078024,0.1055034995,0.1081321001,0.1049718976,0.030248940000000002,0.5180668831,0.02799758275,2.013597965,-0.241807595,0.961194396,-0.05765729,64.67955017,218.522995,998.3026123,20.36222076,20.08054924,19.60779953,21.06879997,22.09966087,57.4239006,43.18444824,2.347500086,0.0558534682
0.1413009048,0.1364492059,0.1054715991,0.1080302,0.10497150420000001,0.0306774914,0.4619193077,0.02807044347222222,2.014139891,-0.207951605,0.960469604,-0.064410888,70.56186676,221.7675934,998.3021851,20.3624897,20.08068085,19.61128044,21.05793953,22.06155968,57.37034988,43.18040085,2.382499933,0.0558534801
0.1416162968,0.1367905974,0.10564249750000002,0.1080206037,0.10497100349999999,0.0308128089,0.4923176765,0.02814947127777778,2.014682055,-0.182678893,0.959744811,-0.068480588,70.56186676,221.1437073,998.3018799,20.3627491,20.0807991,19.61477089,21.04707909,22.02345085,57.31679916,43.17634964,2.357500076,0.055853492000000005
0.1417024016,0.1368569016,0.1058809042,0.1080415964,0.10497050290000001,0.030850398499999997,0.5566905975,0.028228499083333334,2.015223026,-0.230124906,0.959020019,-0.070231922,70.56186676,217.9120941,998.3015137,20.36301994,20.08093071,19.61824989,21.03622055,21.98534966,57.26324081,43.17229843,2.117500067,0.055853498
0.1417121053,0.1368314981,0.10599770550000001,0.10819339750000001,0.1050300002,0.0308879793,0.5920958996000001,0.028301917194444443,2.015764952,-0.247291297,0.958295226,-0.071210459,70.56186676,215.785202,998.3010864,20.36327934,20.08105087,19.62174034,21.02536011,21.98082924,57.20969009,43.16825104,2.144999981,0.055853498
0.141721797,0.1366866946,0.1060739994,0.10838890080000001,0.10510959630000001,0.0307422489,0.5191398144,0.028368473055555555,2.016307116,-0.2467549,0.957570374,-0.052698851,70.50749207,216.973999,998.3007813,20.36354065,20.08118057,19.62523079,21.01449966,21.98752022,57.15613174,43.16419983,2.105000019,0.0558535099
0.1415938973,0.1365020037,0.1061503053,0.10858420129999999,0.1051890969,0.0305354208,0.5173515797,0.028439333166666667,2.016849041,-0.246039599,0.956845582,-0.06113413,70.43498993,219.0834961,998.300415,20.36380959,20.08130074,19.62870979,21.00363922,21.99420929,57.10258102,43.16014099,2.3125,0.05585352180000001
0.1414201021,0.1365178943,0.1062265992,0.10864020590000001,0.1052687049,0.030328589700000002,0.5502532958999999,0.028506221777777778,2.014441967,0.371056706,0.956120789,-0.080717273,70.36248779,221.1931,998.2999878,20.36407089,20.0814209,19.63220024,20.99276924,22.00089073,57.02825165,43.15608978,2.150000095,0.055853527800000004
0.1415169954,0.1366006017,0.1063029051,0.10864959960000001,0.1053482056,0.0302142888,0.6636213779,0.02855922275,2.011051893,-0.040579289,0.955395997,-0.100300401,70.28999329,221.0711975,998.2996826,20.36433983,20.0815506,19.63567924,20.98191071,22.0075798,56.94699097,43.15203857,2.032500029,0.055853527800000004
0.1414865017,0.13643460270000002,0.1065186977,0.1086590052,0.1054473042,0.0301308513,0.6385875225000001,0.028459195027777776,2.007663012,-0.171949893,0.954671204,-0.049275201,70.21749115,225.3509979,998.2993164,20.36459923,20.08167076,19.63916969,20.97105026,22.01427078,56.86574173,43.14799118,2.335000038,0.055853539699999996
0.1411844015,0.1363648057,0.10640549660000001,0.1089275002,0.10555299520000001,0.030047398800000003,0.5584788799,0.028207193999999998,2.004273891,-0.210455105,0.953946412,-0.04629866,70.14498901,229.196106,998.2990112,20.36487007,20.08180046,19.56945992,20.96018982,22.02095032,56.87237167,43.15148163,2.267499924,0.055853551599999995
0.1412842989,0.1363546014,0.1065247059,0.1089516997,0.1056586027,0.0298215985,0.5792212009,0.02809891594444444,2.000884056,-0.169327304,0.95520997,-0.097580552,70.07248688,229.0245972,998.298584,20.36512947,20.08192062,19.54593086,20.94932938,22.02763939,56.90829086,43.1574707,2.375,0.055853557600000006
0.1413130045,0.1364832044,0.1065127015,0.1088657975,0.10576419829999999,0.029835718900000002,0.5262922764,0.028049916166666668,1.997495055,-0.130702898,0.957136512,-0.088613383,69.99997711,222.7496948,998.2982178,20.36540031,20.08205032,19.54593086,20.93847084,22.03432083,56.9442215,43.16347122,2.069999933,0.055853557600000006
0.1415434003,0.1372674942,0.1067571044,0.1089297056,0.10586990119999999,0.0297261,0.5298686981,0.028062500416666667,1.994104981,-0.215223595,0.959062874,-0.02012662,69.92749023,221.4252014,998.2977905,20.36565971,20.08217049,19.54593086,20.9276104,22.0410099,56.98014069,43.16947174,2.107500076,0.0558535695
0.14159200190000001,0.1369364977,0.10679290290000001,0.10904359820000001,0.1059754968,0.030474668700000002,0.4397463799,0.028107528694444446,1.990715981,-0.225356504,0.960989416,-0.04389986,69.8549881,222.3067932,998.2974243,20.36593056,20.08230019,19.54593086,20.92470932,22.04770088,56.94453049,43.17546082,2.339999914,0.0558535814
0.14154920580000002,0.13666659590000002,0.10684289929999999,0.10915750269999999,0.1060811996,0.030054220599999997,0.5463194846999999,0.02818533366666667,1.987326026,-0.074554443,0.962915778,-0.057961252,66.09275055,224.7823944,998.2971191,20.36618996,20.08242035,19.6635704,20.9244709,22.05438042,56.88507843,43.18146133,2.407500029,0.0558535874
0.141554296,0.1367534995,0.1069334984,0.1092713952,0.1061867952,0.0298166811,0.4790853977,0.028257861666666665,1.987154961,-0.186732098,0.964842319,-0.079054467,64.8447113,220.7108002,998.2966919,20.3664608,20.08255005,19.70277977,20.92423058,22.06106949,56.82563019,43.18746185,2.357500076,0.0558535874
0.1417984009,0.137153995,0.1070242047,0.1093852997,0.10629249810000001,0.029804509899999998,0.411136198,0.028338332694444444,1.988055944,-0.245503098,0.966901124,-0.04880267,64.8447113,217.283493,998.2963257,20.3667202,20.08267021,19.70277977,20.92399979,22.06775093,56.76617813,43.19345093,2.122499943,0.0558535993
0.1418779969,0.1374511957,0.1071148038,0.1093919992,0.1063981056,0.030057129300000002,0.46978712079999996,0.028413166472222223,1.988958001,-0.231197804,0.969003916,-0.041120689,64.8447113,218.5200958,998.2960205,20.36698914,20.08279991,19.70277977,20.92375946,22.07444,56.70672989,43.19945145,2.027499914,0.0558536112
0.142286098,0.1376860976,0.1072054029,0.10951620339999998,0.1064950943,0.030177751200000002,0.5076957226000001,0.028418138305555556,1.989858985,-0.241926804,0.971106827,-0.047476459,72.78764343,220.9774017,998.2955933,20.36725044,20.08292007,19.69807053,20.92351913,22.08112907,56.64728165,43.20544815,1.997499943,0.055853617200000004
0.1427943945,0.1379209995,0.1074247003,0.1096915007,0.1065893054,0.030224961,0.4933906078,0.028407861916666666,1.990759969,-0.246575996,0.973209679,-0.053832229,75.43528748,220.3171997,998.2952271,20.36751938,20.08304024,19.69179916,20.92328072,22.08781052,56.58782959,43.21144104,2.162499905,0.055853617200000004
0.1429486036,0.1381559014,0.10751709940000001,0.10979709630000001,0.10668339730000001,0.030374899500000004,0.4676414013,0.02827277713888889,1.991660953,-0.245622396,0.973267913,-0.054776881,75.43528748,221.4521027,998.2949219,20.36778069,20.08316994,19.68552971,20.92304039,22.09449959,56.52838135,43.21744156,2.257499933,0.055853640999999996
0.14298870560000002,0.1383105993,0.1075528979,0.1098795056,0.1067775965,0.0305590898,0.4376006126,0.02804761038888889,1.992563009,-0.244668707,0.972644389,-0.053917821,75.43528748,223.5316925,998.2944946,20.36804962,20.0832901,19.67925072,20.92280006,22.10117912,56.54047012,43.22343063,2.097500086,0.055853640999999996
0.14302890299999999,0.1384387016,0.10758860109999999,0.10996199849999999,0.10689820050000001,0.0305835992,0.44260740280000005,0.027938639333333334,1.993463993,-0.243715003,0.972020984,-0.084455222,75.43528748,221.3455963,998.2941284,20.36831093,20.0834198,19.67297935,20.92256927,22.1078701,56.57638931,43.22943115,2.174999952,0.055853653
0.1432919979,0.1386322975,0.1076243997,0.1100443959,0.1070276022,0.030766329199999998,0.491960001,0.02788566588888889,1.994364977,-0.091124788,0.971397579,-0.101139396,67.7375412,217.7375031,998.2938232,20.36857033,20.08353996,19.55208969,20.92233086,22.1427002,56.61231995,43.23543167,2.190000057,0.055853653
0.1437425017,0.1392598033,0.1075974941,0.1101268053,0.10715709920000001,0.0310195386,0.48337697979999994,0.027858528555555557,1.995267034,-0.159790397,0.970774174,-0.109717198,65.17162323,214.1293945,998.293396,20.36883926,20.08366966,19.51231003,20.92209053,22.18689919,56.64825058,43.24142075,2.307499886,0.055853658900000006
0.1444658995,0.1396909952,0.1080505013,0.11003639700000001,0.1072865963,0.0312727511,0.5312992096,0.027852556444444447,1.996168017,-0.104834102,0.970150828,-0.027965421,65.17162323,214.690506,998.2930298,20.36910057,20.08378983,19.51231003,20.9218502,22.23110962,56.68418121,43.24742126,2.342499971,0.0558536708
0.1445863962,0.13972580429999998,0.10818769930000001,0.1102548957,0.10741599799999998,0.0315259695,0.48766851429999997,0.027844251,1.997069001,-0.203421697,0.969527423,-0.0538131,65.17162323,220.2940979,998.2927246,20.36936951,20.08391953,19.51231003,20.92160988,22.27532005,56.69480896,43.25342178,2.242500067,0.055853682800000005
0.144649601,0.1396656036,0.1083963037,0.1105955005,0.10754549499999999,0.0313072085,0.4726480961,0.027818777305555556,1.997969985,-0.151684001,0.968904018,-0.087886631,65.17162323,221.9532013,998.2922974,20.36963081,20.08403969,19.51231003,20.92136955,22.31953049,56.69701004,43.25941086,2.232500076,0.055853682800000005
0.1444406033,0.1396054029,0.1083963037,0.1108147979,0.1076748967,0.0312787414,0.48027749059999997,0.027803221805555556,1.998872042,0.09067215,0.968280613,-0.093377262,66.74360657,216.4544067,998.2918701,20.36989975,20.08416939,19.49045944,20.92112923,22.36372948,56.69919968,43.26541138,2.105000019,0.0558536887
0.1445399046,0.1397544026,0.108515501,0.1109936953,0.1077955961,0.0310954988,0.4879068851,0.027802556361111112,1.999003053,0.05109407,0.967657089,-0.093526617,67.26760864,210.7357025,998.291626,20.37015915,20.08428955,19.48317909,20.92090034,22.40793991,56.70140076,43.26667023,2.0,0.0558537006
0.14477859740000001,0.13997310400000001,0.10870620010000001,0.11095949409999999,0.10791319610000001,0.0310136199,0.5220006943,0.027788306333333332,1.998877048,-0.098158211,0.967033684,0.005084214,67.26760864,213.8869019,998.2910767,20.37042999,20.08441925,19.48317909,20.92066002,22.45215034,56.70360184,43.26636124,2.085000038,0.05585371260000001
0.144856298,0.1399448037,0.10889699459999999,0.1110185981,0.10803090330000001,0.0309956014,0.5123447895,0.027761486899999997,1.998751044,-0.219395906,0.966410279,-0.049204499,67.26760864,219.8175964,998.2907715,20.37068939,20.08453941,19.48317909,20.92041969,22.49636078,56.7057991,43.2660408,2.359999895,0.05585371260000001
0.1447126985,0.1398342013,0.10890890360000001,0.1111325026,0.1081485987,0.030977571,0.48516511920000005,0.02775022718611111,1.99862504,0.681124687,0.965786874,-0.019565411,67.26760864,221.4161987,998.2904053,20.37096024,20.08466911,19.48317909,20.92017937,22.54055977,56.70800018,43.26573181,2.477499962,0.0558537185
0.1447412014,0.1398908019,0.108861196,0.1113638997,0.1082663059,0.0309595495,0.47622451779999997,0.0277508884,1.998499036,0.06218072,0.965163529,-0.048080739,43.75317001,221.570694,998.289978,20.37121964,20.08478928,19.38907051,20.91994095,22.5847702,56.71018982,43.26541901,2.19749999,0.0558537304
0.1448456049,0.1400032997,0.109028101,0.111453104,0.1083840013,0.030941531100000003,0.542027998,0.027729693519444442,1.998373032,-0.196149796,0.964540124,0.006066683,35.91501999,223.9335938,998.2896729,20.37149048,20.08490944,19.35770035,20.91970062,22.62898064,56.7123909,43.26509857,2.107500076,0.055853742399999996
0.1449501038,0.1402387977,0.10926660299999999,0.1114817977,0.1085016012,0.0308600396,0.4569125175,0.027799888194444445,1.998247027,-0.076104186,0.963916719,0.055714801,35.91501999,233.2942963,998.2893066,20.37174988,20.08503914,19.35770035,20.91946983,22.67318916,56.71458817,43.26477814,2.019999981,0.055853742399999996
0.1450546026,0.1401684999,0.1095049977,0.1116579056,0.1086192966,0.0307574093,0.5584787846,0.027879361055555555,1.998121023,-0.1039996,0.963293314,0.016116761,35.91501999,244.7420959,998.2888794,20.37200928,20.0851593,19.35770035,20.91922951,22.71739006,56.71678925,43.26446915,2.36500001,0.05585374829999999
0.1450786948,0.1401530981,0.1095108986,0.1118831992,0.1087370038,0.0306547701,0.4969668865,0.02792111077777778,1.997995019,-0.033188179,0.96266979,0.0,51.66799927,247.5912018,998.2885742,20.37228012,20.08529091,19.56945038,20.91898918,22.76160049,56.71897888,43.26414871,2.295000076,0.055853760200000005
0.1450760961,0.1401944995,0.10974340440000001,0.1119639993,0.10885469910000001,0.0303978205,0.4654955864,0.027914165916666667,1.997869015,-0.147869304,0.962046385,-0.03913663,56.91899109,239.1802979,998.288208,20.37254906,20.08540916,19.64003944,20.91875076,22.80581093,56.72117996,43.26383972,2.147500038,0.0558537722
0.14507349730000002,0.1400568008,0.1097820997,0.1119966984,0.1089723945,0.0303994805,0.5377365112,0.027894278638888888,1.997743011,-0.215402395,0.961384177,-0.065193497,56.91899109,227.9716034,998.2877808,20.37281036,20.08554077,19.64003944,20.91851044,22.85001945,56.72338104,43.26351929,2.232500076,0.055853778099999994
0.1450708985,0.1401996017,0.10972249510000001,0.1121745944,0.1090901017,0.030390539799999998,0.4798007011,0.02787441677777778,1.997617006,-0.240913495,0.960708976,-0.01738265,56.91899109,222.5823975,998.2874756,20.37306976,20.08566093,19.64003944,20.91827011,22.89422035,56.72557831,43.2632103,2.329999924,0.055853778099999994
0.1450682998,0.1404557943,0.1097970009,0.11217999460000001,0.1092077017,0.0303436309,0.48695330620000005,0.02785008325,1.997491002,-0.179341003,0.960033715,0.0,56.91899109,225.6663055,998.2871094,20.37334061,20.08577919,19.64003944,20.91803932,22.93843079,56.72777939,43.26288986,2.109999895,0.05585379
0.1451604962,0.14058510070000002,0.10991619829999999,0.11227040290000001,0.10932539699999999,0.0303754091,0.5713533878,0.027824249277777775,1.997364998,-0.216773197,0.959358513,-0.044409301,70.71295929,226.9817047,998.2866821,20.37360001,20.0859108,19.59297943,20.9178009,22.98263931,56.72996902,43.26258087,2.277499914,0.055853801999999994
0.14528429510000002,0.140672195,0.1100353956,0.11241370440000001,0.1094431043,0.0304334104,0.542027998,0.027789972083333333,1.997238994,0.05824675,0.958683312,-0.038121581,75.31095123,225.4261017,998.286377,20.37387085,20.08602905,19.57729912,20.91756058,23.02684975,56.7321701,43.26226044,2.180000067,0.055853807899999997
0.1454081059,0.1407592058,0.1101547003,0.1125568986,0.10956079960000001,0.030491420600000003,0.515563488,0.027784667555555555,1.997112989,-0.073719949,0.955281615,-0.072535068,75.31095123,223.1672058,998.2860107,20.37413025,20.08616066,19.57729912,20.91732025,23.07105064,56.73437119,43.26195145,2.32249999,0.055853807899999997
0.1454488993,0.14084630010000002,0.11027389759999999,0.1127002001,0.10965110060000001,0.030503869099999997,0.5470346927999999,0.027759168413888886,1.996986985,-0.102568999,0.950970888,-0.097082339,75.31095123,219.3289032,998.2855835,20.37439919,20.08628082,19.57729912,20.91707993,23.11525917,56.73656082,43.26163101,2.119999886,0.0558538198
0.1456557035,0.14093329910000002,0.11039309500000001,0.11284339430000001,0.1097322941,0.0305011392,0.46835660929999995,0.02773979398888889,1.996862054,0.26138249,0.94666028,-0.025164969,75.31095123,218.3249054,998.2852783,20.37466049,20.08641052,19.57729912,20.9168396,23.1594696,56.7387619,43.26131058,2.045000076,0.055853831799999996
0.14562400579999998,0.14093940259999999,0.1104408026,0.11295210120000002,0.1098134041,0.0304984093,0.515563488,0.02772588518055556,1.99673605,0.326233298,0.939889073,0.0,52.86196899,224.2490997,998.2849121,20.37492943,20.08653069,19.57729912,20.91659927,23.20564079,56.74095917,43.26100159,2.335000038,0.0558538377
0.1456658959,0.14106769560000001,0.1104645967,0.11304930449999999,0.1098945975,0.030495679399999996,0.44260740280000005,0.02771942986388889,1.996610045,0.03488135,0.932297587,-0.029423749,45.3789711,232.1116943,998.2844849,20.37519073,20.08666039,19.57729912,20.91637039,23.25247955,56.74316025,43.26068115,2.279999971,0.0558538377
0.14601629970000002,0.1412457943,0.1106315017,0.112986505,0.1099758029,0.030492949499999998,0.3989768028,0.027709494697222222,1.996484041,0.093652427,0.92470628,-0.068580747,45.3789711,233.2326965,998.2841187,20.37545967,20.08678055,19.57729912,20.91613007,23.29931068,56.74536133,43.26036835,2.057499886,0.055853849600000005
0.1460355997,0.1413789988,0.1107745051,0.11301560399999999,0.11005699630000002,0.0304902196,0.403983593,0.02769757588611111,1.996358037,0.1076001,0.918076873,-0.01959094,45.3789711,232.1065979,998.2838135,20.37571907,20.08691025,19.57729912,20.91588974,23.34613991,56.74755096,43.26005936,2.045000076,0.0558538616
0.1461864948,0.1414971948,0.11089379790000001,0.113093102,0.1101380944,0.0304874897,0.41542768480000003,0.027691614363888888,1.996232033,-0.161220893,0.911768317,-0.02892614,45.3789711,233.2899017,998.2833862,20.37598991,20.08703041,19.57729912,20.91564941,23.39296913,56.74974823,43.25973892,2.375,0.0558538675
0.1462052941,0.1415218949,0.1110129952,0.1131705999,0.1102192998,0.0304847598,0.4268717766,0.02767770767222222,1.996106029,-0.2292905,0.90290612,-0.084136397,68.87687683,230.5641022,998.28302,20.37624931,20.08716011,19.48317909,20.91540909,23.4398098,56.75194931,43.25942993,2.277499914,0.0558538675
0.1461501956,0.141515398,0.11084610219999999,0.11324809790000001,0.11030050520000001,0.0305574089,0.474793911,0.02766048855277778,1.995980024,-0.241330698,0.893192828,-0.083265983,76.70951843,221.4523926,998.2827148,20.37651062,20.08728027,19.45181084,20.91517067,23.48664093,56.77262115,43.2591095,2.007499933,0.0558538795
0.1463245034,0.141683805,0.1107805014,0.11332559589999999,0.11033960579999999,0.030655190300000003,0.4490447044,0.02763896306388889,1.99585402,-0.205448195,0.883479416,-0.01947818,76.70951843,219.2666016,998.2822876,20.37677956,20.08740044,19.45181084,20.91493988,23.53347015,56.79944992,43.25878906,2.0,0.0558538914
0.1465752959,0.141910398,0.11083409790000001,0.1133396029,0.110364604,0.030752968800000002,0.5127025127,0.027616004944444446,1.995728016,0.140740797,0.873766124,0.0,76.70951843,226.0148926,998.2819214,20.37704086,20.08753014,19.45181084,20.91469955,23.58029938,56.82627106,43.25848007,2.222500086,0.0558538973
0.1468261003,0.1421370029,0.1110219002,0.1133322954,0.1103896022,0.0308507502,0.5084109782999999,0.027593044705555556,1.995602012,-0.123311803,0.867282212,0.0,84.33657837,234.7928925,998.2816162,20.3773098,20.0876503,19.54593086,20.91445923,23.62713051,56.85309982,43.25815964,2.07249999,0.0558538973
0.147182703,0.14225219490000002,0.1112483978,0.11332499979999999,0.1104146957,0.0308852613,0.5262922764,0.027580348119444445,1.995476007,-0.242880598,0.861874819,0.0,86.87893677,237.3453979,998.281189,20.3775692,20.08778,19.57729912,20.91422081,23.67396927,56.87992859,43.25785065,2.045000076,0.055853909300000004
0.14717229599999998,0.1423300982,0.11114399429999999,0.1134235978,0.1104397058,0.031045270000000003,0.4111361027,0.027564618852777778,1.995350003,0.127985194,0.868097723,0.0,86.87893677,234.7940063,998.2808228,20.37784004,20.08790016,19.57729912,20.91398048,23.7208004,56.90676117,43.25753021,2.315000057,0.055853921200000003
0.1473584056,0.1425161004,0.1110605955,0.1135573983,0.11046479940000001,0.0312541395,0.4340242863,0.027546738519444443,1.995223999,-0.08587952,0.885675371,-0.040708479,86.87893677,231.2330017,998.2805176,20.37809944,20.08802986,19.57729912,20.91374016,23.76762962,56.93357849,43.25722122,2.137500048,0.0558539271
0.14765460489999999,0.1427381992,0.11102089879999999,0.1135964036,0.1104897976,0.0314630091,0.5198550224,0.027531837886111108,1.995097995,1.05497098,0.905745685,-0.034872878,86.87893677,227.6719971,998.2800903,20.37837029,20.08815002,19.57729912,20.91350937,23.81446075,56.96041107,43.25690079,2.049999952,0.0558539271
0.1479508042,0.1431735992,0.1109810948,0.11360369919999999,0.11051479580000001,0.0316706985,0.4018377781,0.02751793119722222,1.994971991,0.605425775,0.921299219,-0.081854522,83.79618073,222.0886993,998.2797241,20.37862968,20.08827972,19.48317909,20.91327095,23.86129951,56.98723984,43.2565918,2.380000114,0.05585393910000001
0.1482470989,0.1433181047,0.1112395048,0.113498199,0.1105355978,0.031877988600000004,0.48838372229999993,0.027502036625,1.995043039,0.060988601,0.935347021,-0.000780518,82.76859283,220.6417999,998.2794189,20.37890053,20.08839989,19.45181084,20.91303062,23.90813065,57.01406097,43.25627136,2.220000029,0.055853951
0.14832869769999998,0.1433421016,0.11128419640000001,0.11355049610000001,0.1105550051,0.0320852906,0.4554820061,0.027485478719444442,1.995177984,-0.156452507,0.937099516,-0.035358049,82.76859283,225.243103,998.2789917,20.37915993,20.08852959,19.45181084,20.93726921,23.95495987,57.04088974,43.25595856,2.257499933,0.0558539629
0.148338902,0.143366003,0.11122460370000001,0.113667798,0.1105744004,0.0321165413,0.4361701012,0.0274654452,1.995314002,-0.205567405,0.927125216,-0.037377831,82.76859283,231.326004,998.2786255,20.37943077,20.08864975,19.45181084,20.96968079,24.00178909,57.06771851,43.25563812,2.05250001,0.0558539629
0.148348999,0.1433899045,0.11131700280000001,0.1137851,0.11059379579999999,0.0320891201,0.5391668797,0.027444250319444446,1.995448947,0.070644677,0.914608002,0.048010621,82.76859283,237.4089966,998.2783203,20.37969017,20.08877945,19.45181084,21.00209045,24.04862022,57.09455109,43.25532913,2.1875,0.055853968899999995
0.14835920330000002,0.143145597,0.1114599943,0.11373380420000001,0.1106130958,0.031935810999999995,0.5642008781000001,0.02743398666388889,1.995584011,0.224069402,0.903968275,-0.0134225,78.08355713,240.759903,998.277771,20.37995911,20.08889961,19.49887085,21.03450012,24.09546089,57.12137985,43.2550087,2.200000048,0.0558539808
0.1480200052,0.14281179900000002,0.1114599943,0.1137907982,0.11063250300000001,0.031740540299999995,0.4755092144,0.02743332121111111,1.995720029,-0.108648799,0.896969378,0.02534407,76.52188873,241.6934967,998.2775269,20.38022041,20.08902931,19.51777077,21.06690979,24.14229012,57.14820099,43.25469971,2.337500095,0.0558539927
0.1475643039,0.1423290014,0.1114122987,0.11390249729999999,0.1106518984,0.031418931500000004,0.498397398,0.027421733008333334,1.995854974,0.024033129,0.890975475,-0.049379651,76.52188873,237.0198975,998.2770996,20.38048935,20.08914948,19.52205086,21.09930992,24.18911934,57.17502975,43.25437927,2.337500095,0.0558539927
0.1471086979,0.1420081973,0.11150770189999999,0.11401430370000001,0.11067130569999999,0.0308034092,0.5413126945,0.027416767544444443,1.995990992,-0.116755202,0.884219825,-0.080419518,76.52188873,230.6446075,998.2766724,20.38075066,20.08926964,19.52633095,21.13171959,24.23595047,57.20185852,43.25407028,2.214999914,0.0558539987
0.1468510985,0.14175820349999999,0.11165070530000001,0.11391930580000001,0.11069060559999999,0.0303568214,0.5971026897,0.027410477533333335,1.996126056,-0.233343601,0.8772102,-0.019986499,76.52188873,224.2693024,998.2764282,20.38101006,20.08939934,19.53059959,21.16412926,24.28278923,57.22867966,43.25374985,2.037499905,0.055854010600000004
0.1463999987,0.1415081024,0.11157029869999999,0.1139420033,0.11071000099999999,0.0301605493,0.49482111929999995,0.027472065819444443,1.996261954,-0.221899405,0.881122708,-0.025856979,71.89518738,225.8146057,998.276001,20.3812809,20.0895195,19.53487968,21.19654083,24.32962036,57.25550842,43.25344086,2.049999952,0.0558540225
0.14620300530000002,0.1414837003,0.1114153028,0.1140269041,0.1107293963,0.030019620099999998,0.491960001,0.027924389305555554,1.996397018,-0.238827303,0.897323489,-0.008618993,70.35295868,231.9944,998.2755737,20.3815403,20.0896492,19.53915977,21.22893906,24.37644958,57.14577103,43.25312042,2.220000029,0.0558540225
0.1464450002,0.14153449540000002,0.1116448045,0.1139485002,0.11074880359999999,0.029878690800000003,0.4461836815,0.028191305805555556,1.996533036,-0.003027769,0.90443331,0.0,70.35295868,238.8388977,998.2753296,20.38180923,20.08976936,19.54343033,21.26135063,24.42328072,56.99050903,43.25279999,2.329999924,0.0558540285
0.1462021947,0.1414644957,0.1115375042,0.11398710009999999,0.11076819899999998,0.0300172895,0.45905828480000005,0.028243306472222222,1.996667981,-0.163724303,0.898002982,0.037094541,70.35295868,243.8009033,998.2749023,20.38207054,20.08989906,19.54771042,21.2937603,24.47010994,56.83523941,43.252491,2.342499971,0.055854040400000006
0.1462717056,0.1416599989,0.11158809659999999,0.1140828967,0.110787499,0.029938879600000003,0.4654955864,0.028235999222222224,1.996803999,-0.241569102,0.888389885,0.044634592,67.0216217,248.135498,998.2744751,20.38233948,20.09001923,19.55199051,21.32616997,24.51695061,56.78189087,43.25217056,2.452500105,0.0558540523
0.14651110169999998,0.141534102,0.1117431045,0.11392010450000001,0.11080689429999999,0.0299348295,0.48337697979999994,0.028088332277777777,1.996938944,-0.237754405,0.878776729,-0.017497521,65.91117859,246.031601,998.2741699,20.38260078,20.09015083,19.5562706,21.35857964,24.56377983,56.76250076,43.25186157,2.174999952,0.0558540523
0.1462684989,0.1414690971,0.11149580480000001,0.11401300430000001,0.1108263016,0.0299900204,0.421149683,0.027753204769444446,1.997074008,0.043583799,0.872081816,0.060233481,65.91117859,247.8995056,998.2738037,20.38286972,20.09026909,19.56053925,21.39097977,24.61060905,56.860569,43.25154114,2.0625,0.055854058299999995
0.1461938977,0.14147160050000002,0.1113914967,0.1140218019,0.11084569689999998,0.030045220299999998,0.5055499077000001,0.02744292577222222,1.997210026,-0.150849596,0.866359711,0.076934412,65.91117859,253.5184937,998.2733765,20.38312912,20.09038925,19.56481934,21.42338943,24.65744019,56.9977684,43.25122833,2.352499962,0.055854070199999994
0.1462290049,0.14147399659999998,0.1113795042,0.1139647007,0.1108046055,0.0301004112,0.49839730260000004,0.027286957636111112,1.997344971,-0.229648098,0.860637426,0.017905749,65.91117859,255.4902039,998.2730713,20.38339996,20.09052086,19.56909943,21.4557991,24.70428085,57.13497925,43.25091934,2.450000048,0.0558540821
0.1462640047,0.1413923979,0.11136759519999999,0.11390750409999999,0.1107434034,0.030059400200000003,0.481946516,0.027223050858333334,1.997480989,-0.241449997,0.856844127,-0.033627409,53.34553146,248.274704,998.2727051,20.38365936,20.09063911,19.57337952,21.48821068,24.75111008,57.27219009,43.25059891,2.119999886,0.0558540821
0.1461323977,0.14138599629999998,0.11135569809999998,0.1138504028,0.1106820941,0.029986318899999996,0.5177093029,0.027185300191666664,1.997616053,-0.247291297,0.853693783,0.024512,49.15697861,243.2711029,998.2722778,20.38393021,20.09077072,19.57765961,21.52061081,24.7979393,57.33156967,43.25027847,2.11500001,0.0558540881
0.1461889982,0.1414139032,0.1115136981,0.11379319429999998,0.11062090399999999,0.0299132407,0.5098413944,0.02718165503611111,1.997751951,-0.247291297,0.85054338,0.056087021,49.15697861,249.5453033,998.2719727,20.38418961,20.09089088,19.58193016,21.55302048,24.84477043,57.36502075,43.24996948,2.315000057,0.0558541
0.1460209966,0.1412608981,0.11124540570000001,0.11381369830000002,0.1105597019,0.0301858395,0.48313860890000004,0.027173377141666667,1.997887015,-0.247291297,0.847393095,0.174056798,49.15697861,262.3497009,998.2716064,20.38445091,20.09102058,19.58621025,21.58543015,24.86377907,57.39846039,43.24964905,2.369999886,0.0558541119
0.1461475015,0.1414548993,0.1110988021,0.11386009450000001,0.1104984999,0.030140689,0.4564356804,0.027174038358333333,1.998023033,-0.247291297,0.844242811,0.053110048,49.15697861,265.7479858,998.2711792,20.38471985,20.09114075,19.59049034,21.61783981,24.87350082,57.43191147,43.24934006,2.272500038,0.0558541119
0.1464061975,0.14178470370000001,0.11104630230000001,0.1137101054,0.1104372025,0.030365130299999998,0.535590601,0.027228016322222222,1.998157978,-0.247291297,0.841092408,0.0,62.51477051,259.1828003,998.270813,20.38497925,20.09127045,19.59477043,21.65024948,24.88323021,57.4653511,43.24901962,2.337500095,0.0558541179
0.1467399001,0.1420492053,0.1109938979,0.1134945989,0.1103760004,0.0307275295,0.525577116,0.027446236080555554,1.998293996,-0.247291297,0.837942123,0.101250201,66.96736145,252.5074005,998.2703857,20.38525009,20.09139061,19.59903908,21.68264961,24.89295959,57.49879837,43.24871063,2.4375,0.0558541298
0.1470985055,0.1422919035,0.1109415054,0.1133911967,0.1103008986,0.031089940700000002,0.4461836815,0.02765618430277778,1.998428941,-0.247291297,0.83479172,-0.031695131,66.96736145,246.5131073,998.2700806,20.38550949,20.09152031,19.60331917,21.71505928,24.90269089,57.4828186,43.2483902,2.160000086,0.055854141700000005
0.14745709899999998,0.1425781965,0.1108890057,0.1133252025,0.1102210999,0.031333428600000005,0.5098414898,0.027739630805555554,1.998564005,0.155403793,0.831641376,-0.043020129,66.96736145,240.5187988,998.2697144,20.38578033,20.09164047,19.60759926,21.74747086,24.91241074,57.45037079,43.24808121,2.269999981,0.055854141700000005
0.1478157043,0.142878902,0.11098320479999998,0.11325910089999999,0.11014130120000001,0.0315372705,0.5212855816,0.027766452366666666,1.998700023,-0.113417298,0.828490973,-0.036131799,77.10028839,234.5245972,998.2692871,20.38603973,20.09177017,19.49102974,21.77988052,24.92214012,57.41791916,43.24776077,2.295000076,0.0558541477
0.1478209972,0.1428715944,0.11112619640000002,0.11319309470000001,0.11006150249999999,0.0317411214,0.498397398,0.027761486899999997,1.998834968,0.01509232,0.825340629,-0.009687815,80.47792816,230.1690979,998.2689819,20.38631058,20.09189034,19.45181084,21.79751968,24.93186951,57.3854599,43.24745178,2.400000095,0.055854159599999995
0.1477084994,0.1427616954,0.11106660370000002,0.1134155989,0.10998170380000001,0.031794598699999996,0.4755092144,0.027740292019444442,1.998970985,-0.159075096,0.822190285,0.06785021,80.47792816,231.5225983,998.2686157,20.38656998,20.0920105,19.45181084,21.81023026,24.9416008,57.35300827,43.24713135,2.184999943,0.05585417150000001
0.14769639969999998,0.1427158952,0.1109395027,0.113299799,0.1099617004,0.0317979693,0.4912447929,0.027721415625,1.99910605,-0.240436703,0.819039881,-0.01762774,80.47792816,234.5971069,998.2681885,20.38684082,20.0921402,19.45181084,21.82295036,24.95132065,57.35905838,43.24681091,2.122499943,0.05585417150000001
0.14771770239999998,0.1426913977,0.1108122945,0.11322259900000001,0.10987730030000001,0.031801331,0.4554820061,0.027700222863888888,1.999241948,-0.2325688,0.815889597,-0.01341483,80.47792816,236.4308929,998.2678833,20.38710022,20.09226036,19.45181084,21.83566093,24.96105003,57.37794113,43.24649811,2.047499895,0.055854177500000005
0.1477390051,0.1426669955,0.11080729959999999,0.1132063985,0.109799099,0.0318046987,0.5055499077000001,0.027677705552777775,1.999377012,-0.243118897,0.812739313,-0.04618562,60.7883606,233.1885986,998.2675171,20.38736916,20.09239006,19.45181084,21.84837914,24.97077942,57.39683151,43.24618912,2.162499905,0.0558541894
0.1475582957,0.1424944997,0.1108430982,0.1131901979,0.1097322941,0.0318080604,0.46907191279999993,0.02765916188611111,1.99951303,-0.231197804,0.809588909,-0.01861576,54.22517014,228.3919983,998.2672119,20.38763046,20.09251022,19.45181084,21.86108971,24.98049927,57.41571045,43.24586868,2.007499933,0.055854201299999996
0.1473103046,0.1422726989,0.1108103037,0.1131741047,0.10966550109999999,0.0316703111,0.46478028299999996,0.027657835219444447,1.999647975,-0.241926804,0.806438625,0.038670991,54.22517014,229.0101929,998.2667847,20.3878994,20.09263992,19.45181084,21.87380981,24.99023056,57.43460083,43.24555969,1.932500005,0.0558542073
0.14706239699999998,0.1420508981,0.1107545972,0.1131579041,0.1095986962,0.0314855307,0.5706381798,0.027643432616666668,1.999783993,-0.243357301,0.803288221,0.084547423,54.22517014,236.6194,998.2664185,20.38816071,20.09276009,19.45181084,21.88652039,24.99995995,57.45347977,43.24523926,2.335000038,0.0558542073
0.1468144059,0.14182909729999998,0.110698998,0.1131417036,0.1095319033,0.0313007504,0.5699228764,0.027622903188888888,1.999919057,0.063372828,0.799475014,0.080636993,54.22517014,245.9573059,998.2661133,20.38842964,20.09288979,19.45181084,21.89924049,25.00968933,57.47237015,43.24493027,2.402499914,0.0558542192
0.1465186,0.14160729649999998,0.11055999990000001,0.1131255031,0.1094650984,0.0312180996,0.5456041813,0.0276177703,2.000053883,-0.007200167,0.795440912,0.061398782,58.39575958,250.4246979,998.265686,20.38869095,20.09300995,19.54593086,21.9119606,25.01942062,57.49124908,43.24460983,2.095000029,0.0558542311
0.14620679620000002,0.1413854957,0.11039309500000001,0.1129472971,0.10939830539999999,0.031169509899999996,0.5069804192,0.027608826955555554,2.00019002,0.789725721,0.79140681,0.042160559,59.78596115,250.3251038,998.2653198,20.38895035,20.09313965,19.57729912,21.92466927,25.02914047,57.51013947,43.2442894,2.299999952,0.0558542371
0.1458950043,0.1411636949,0.110226202,0.1129361033,0.1093315005,0.0311209112,0.3968310118,0.02759343041388889,2.000324965,0.103546798,0.787372708,0.00933775,59.78596115,246.2897949,998.2650146,20.38921928,20.09325981,19.57729912,21.93738937,25.03886986,57.5290184,43.24398041,2.295000076,0.0558542371
0.1457483053,0.1409515023,0.1102380991,0.1129089952,0.1092646956,0.030952069199999998,0.5527567863,0.027576872508333333,2.000461102,-0.221899405,0.786932826,-0.076775923,59.78596115,237.2613983,998.2645264,20.38948059,20.09338951,19.57729912,21.95009995,25.04859924,57.54790115,43.24365997,2.095000029,0.055854249
0.14565650219999998,0.14074250459999998,0.1103096008,0.11285200120000001,0.1091979027,0.030743140000000002,0.6221365929,0.027564292483333332,2.000596046,-0.241092294,0.787690997,-0.025591981,59.78596115,226.8968048,998.2642212,20.38974953,20.09350967,19.57729912,21.96282005,25.05833054,57.56679153,43.24335098,2.047499895,0.055854249
0.1453639984,0.140389502,0.1102977037,0.11283260580000001,0.10913109780000001,0.0305342108,0.6006789207,0.02755303065,2.000731945,-0.218323007,0.788449228,0.0,61.82796097,226.5424042,998.2637939,20.39001083,20.09362984,19.62435913,21.97553062,25.06805038,57.58567047,43.24303055,2.200000048,0.05585427280000001
0.1450044036,0.1399886012,0.1102579951,0.1128257036,0.1090643048,0.0301071912,0.5048346996,0.02753729926111111,2.00086689,0.051690131,0.789207399,0.066972934,62.50862885,236.7420044,998.2634277,20.39027977,20.09375954,19.64003944,21.98825073,25.07777977,57.60456085,43.24272156,2.160000086,0.05585427280000001
0.1446449041,0.139587605,0.1102182031,0.1126835942,0.1089974999,0.029766610300000003,0.42615652080000005,0.027529021369444445,2.001003027,-0.072170168,0.78996563,0.137355804,62.50862885,249.3473969,998.2631226,20.39053917,20.0938797,19.64003944,22.00097084,25.08750916,57.62343979,43.24240112,2.085000038,0.055854278800000004
0.1442854047,0.13941270109999998,0.1098863959,0.1127228022,0.1089306951,0.0296817988,0.4354547977,0.027507830724999998,2.001137972,-0.221064895,0.790723681,0.159735993,62.50862885,260.5079041,998.2626953,20.39081001,20.0940094,19.64003944,22.0136795,25.09724045,57.64233017,43.24208832,2.002500057,0.055854278800000004
0.1443114042,0.1393133998,0.10977909560000002,0.1124374986,0.1088639021,0.029664579000000003,0.4376006126,0.02750220192777778,2.001272917,-0.034141868,0.793411016,0.098595873,48.8164711,261.3691101,998.2623291,20.39106941,20.09412956,19.40476036,22.02639961,25.1069603,57.66120911,43.2417717,2.167500019,0.0558543026
0.144146502,0.1392140031,0.10968970060000001,0.1122696996,0.108751595,0.0296473712,0.4998278141,0.027488625844444444,2.001409054,-0.039267961,0.796741188,0.107056201,44.25241852,256.7887878,998.2620239,20.39134026,20.09425926,19.32633972,22.03911018,25.11668968,57.68009949,43.24145889,2.042500019,0.0558543026
0.1440646052,0.13911459450000002,0.1094990015,0.1121855021,0.1086241961,0.029721269,0.5277227878999999,0.027481505075000003,2.001543999,-0.190189198,0.800071478,0.029226299,44.25241852,248.1412048,998.2615967,20.39159966,20.09437943,19.32633972,22.05183029,25.12641907,57.69897842,43.24113846,1.980000019,0.0558543086
0.1440456986,0.1391549945,0.1094900012,0.11210139990000001,0.1084967971,0.0296164215,0.48480749129999995,0.02747819476666667,2.001679897,-0.02818132,0.803401828,0.073965684,44.25241852,247.6210022,998.2612305,20.3918705,20.09450912,19.32633972,22.06454086,25.1020298,57.71786118,43.24082947,2.25,0.0558543086
0.1437996984,0.1388965011,0.1095497012,0.11201720239999999,0.10836939809999999,0.029635179,0.5663466930000001,0.02746047973611111,2.001815081,-0.134040803,0.806732118,0.02465523,44.25241852,250.1815948,998.2609253,20.3921299,20.09462929,19.32633972,22.07725906,25.06627083,57.73675156,43.24050903,2.234999895,0.0558543324
0.1434779048,0.13867410419999998,0.10918910500000001,0.1119331002,0.10824199910000001,0.0297183901,0.5180668831,0.027487629783333335,2.001950979,-0.190189198,0.810336411,0.0,48.54737091,246.5068054,998.260498,20.39240074,20.09476089,19.39691925,22.08996964,25.03050995,57.75563049,43.24020004,2.387500048,0.0558543324
0.1435243964,0.13874540330000001,0.1091532946,0.1118489027,0.10811460020000001,0.0295208097,0.41077852249999997,0.027603861491666666,2.002085924,-0.187804997,0.814031899,0.037180498,49.97901917,244.2055969,998.2600708,20.39266014,20.09487915,19.42044067,22.10268974,24.99474907,57.77452087,43.23987961,2.194999933,0.0558543384
0.1436936975,0.1388978004,0.1090221047,0.1117647052,0.10798720120000001,0.029717630099999996,0.5663465977000001,0.027667772505555556,2.002222061,-0.01482967,0.817727387,0.072964117,49.97901917,246.8643036,998.2598267,20.39292908,20.09501076,19.42044067,22.11540985,24.95899963,57.788311,43.23957062,2.102499962,0.0558543503
0.1438631058,0.1391762972,0.1088075042,0.11153279540000001,0.1078598022,0.030077120699999998,0.5413126945,0.02768929799444444,2.002357006,-0.174810901,0.821422994,-0.005710691,49.97901917,249.0279999,998.2593994,20.39319038,20.09513092,19.42044067,22.12812042,24.92324066,57.80039978,43.23925018,2.347500086,0.05585436219999999
0.1440323949,0.1393362045,0.1086824059,0.11125160460000001,0.1077324033,0.0304365993,0.5448890209,0.027688301933333333,2.002491951,-0.170400202,0.825118601,0.01280812,49.97901917,246.3641052,998.2589722,20.39344978,20.09524918,19.42044067,22.11911964,24.88747978,57.81248856,43.23894119,2.456249952,0.05585436219999999
0.1442018032,0.1394425035,0.1085870028,0.11115080120000001,0.1076050043,0.0306330115,0.5341600895,0.027669758266666667,2.002628088,-0.221660897,0.828814089,0.00714725,64.27702332,242.2870026,998.258728,20.39372063,20.09538078,19.27927971,22.10289001,24.85172081,57.82458115,43.23862076,2.491250038,0.055854368200000004
0.14424899819999998,0.139407599,0.1085631967,0.1111101985,0.1074780941,0.030775070199999997,0.5055500031,0.027647240955555555,2.002763987,-0.247291297,0.831552207,0.0,69.04302216,238.2098999,998.2583008,20.39398003,20.09550095,19.23222923,22.08665085,24.81595993,57.83666992,43.23831177,2.057499886,0.0558543801
0.1440976977,0.1391095996,0.1085631967,0.1110695958,0.1073513031,0.0308206201,0.5627704144,0.02763813654444444,2.002898932,-0.219395906,0.833971083,0.052444711,69.04302216,236.9812927,998.2578735,20.39425087,20.09563065,19.23222923,22.07041931,24.78019905,57.84877014,43.23799133,1.924999952,0.055854392100000004
0.14381079670000002,0.1387395978,0.1084648013,0.1110224009,0.1072245955,0.0305777013,0.515563488,0.027633503808333335,2.003034115,-0.236919999,0.836390018,0.01451179,69.04302216,236.702301,998.2575073,20.39451027,20.09575081,19.23222923,22.05418015,24.74444008,57.86085892,43.2376709,2.289999962,0.055854392100000004
0.1434962988,0.13850259780000002,0.1083336949,0.1109730005,0.1070978999,0.0304339588,0.6192756175999999,0.027607504527777778,2.003170013,-0.246933699,0.838808894,-0.059374198,60.53713989,233.4664001,998.2570801,20.39477921,20.09588051,19.23222923,22.03795052,24.7086792,57.87295151,43.23735809,2.335000038,0.055854398000000006
0.14330070020000002,0.1383100033,0.1082026005,0.1108289957,0.106971097,0.0303517491,0.6013941765,0.027591281466666666,2.003304958,-0.109602503,0.841227829,-0.019461419,57.70183945,231.2454071,998.2567749,20.39504051,20.09600067,19.23222923,22.02170944,24.67292023,57.88504028,43.2370491,2.362499952,0.0558544099
0.1431447029,0.13827760220000002,0.10807149410000001,0.11065349579999999,0.1068444014,0.0302695394,0.5212855816,0.02758067872777778,2.003441095,-0.041175328,0.843646705,-0.05157138,57.70183945,229.6911926,998.2564087,20.39530945,20.09613037,19.23222923,22.00547981,24.63715935,57.89712906,43.23672867,2.349999905,0.05585442189999999
0.14298870560000002,0.1380378962,0.1080922961,0.11047790049999999,0.1067428946,0.0301873296,0.542027998,0.027577039930555554,2.00357604,-0.131299004,0.846065581,-0.120333202,57.70183945,226.1060028,998.2559814,20.39557076,20.09625053,19.23222923,21.98924065,24.60140038,57.90922928,43.23641968,2.25,0.05585442189999999
0.14283269640000001,0.13792229890000002,0.1079761028,0.1104954958,0.10664989949999999,0.030105119899999998,0.5019735812999999,0.027551871405555556,2.003711939,-0.226429403,0.848484516,-0.085952312,57.70183945,221.8437042,998.2556763,20.39583969,20.0963707,19.23222923,21.97300911,24.56565094,57.92131042,43.23609924,2.182499886,0.055854427799999995
0.1427482009,0.137876904,0.1077972054,0.11034870150000001,0.10655679700000001,0.0301603705,0.5999637126999999,0.02753465228611111,2.003846884,-0.233701199,0.850903392,-0.01719046,64.35484314,223.6983032,998.2553101,20.39609909,20.0965004,19.39699936,21.95676994,24.52989006,57.93341064,43.23579025,2.289999962,0.0558544397
0.1426877022,0.1380588055,0.10732330080000001,0.11012569670000001,0.1064638019,0.0305603713,0.4561973095,0.02751180225,2.003983021,-0.232658103,0.853322327,0.0,66.57250214,227.5919037,998.2548828,20.39636993,20.09662056,19.45191956,21.94054031,24.49412918,57.94549942,43.23546982,2.112499952,0.055854451699999995
0.1430397987,0.13831640480000001,0.1072697043,0.1099027991,0.10633640289999999,0.0307738215,0.515563488,0.02750021404722222,2.004117966,-0.2373074,0.855741084,-0.028538421,66.57250214,229.4414978,998.2545776,20.39662933,20.09675026,19.45191956,21.92429924,24.45837021,57.9575882,43.23514938,2.19749999,0.055854451699999995
0.143243897,0.1385738969,0.1070492029,0.1097249031,0.1061975956,0.0312669814,0.5341600895,0.027493591308333332,2.004252911,-0.241956607,0.859694779,-0.043557338,66.57250214,228.1289063,998.2542114,20.39689064,20.09687042,19.45191956,21.90806961,24.42260933,57.96968079,43.23484039,2.130000114,0.0558544576
0.1435665965,0.1388314962,0.10698360200000001,0.1095621943,0.1060588956,0.0315639794,0.5270075798,0.02750584496388889,2.004389048,-0.246605903,0.864159882,-0.01425171,66.57250214,225.9893951,998.2537842,20.39715958,20.09700012,19.45191956,21.89183044,24.38685036,57.98176956,43.23429108,2.0,0.055854469500000004
0.1436221004,0.1388592005,0.10700750349999999,0.10939940210000001,0.1059201002,0.0317539185,0.5463194846999999,0.02755816353611111,2.004523993,-0.247648999,0.868625104,0.02726963,52.25754929,225.9006958,998.253479,20.39742088,20.09712029,19.33420944,21.87560081,24.33997917,57.99386978,43.23365021,2.015000105,0.0558544815
0.1435647964,0.1388102055,0.10688819890000001,0.1093435049,0.1057813048,0.0319438487,0.5456041813,0.027676381005555556,2.004659891,-0.247490004,0.873090327,-0.043072809,47.48590088,228.9580994,998.2531128,20.39768982,20.09724998,19.29496956,21.85935974,24.28940964,58.00595856,43.23302078,2.161250114,0.0558544815
0.1436480999,0.1388970017,0.1067391992,0.1093232036,0.10564249750000002,0.0319984406,0.5360674858000001,0.027769103580555555,2.004795074,-0.247330993,0.87755549,-0.043737751,47.48590088,230.2644958,998.2526855,20.39794922,20.09737015,19.29496956,21.84312057,24.23883057,57.95713043,43.23239136,2.336250067,0.0558544874
0.1437783003,0.13877489569999998,0.1068107009,0.10904380080000001,0.10550379750000001,0.0320079207,0.5265307903,0.027858693861111113,2.004930973,0.233367905,0.882020712,-0.00874755,47.48590088,227.933197,998.2523804,20.39822006,20.09749985,19.29496956,21.82689095,24.18825912,57.88800049,43.23175049,2.192500114,0.055854499300000006
0.1434468985,0.13830549720000002,0.10679290290000001,0.1089936972,0.1053650022,0.0320173889,0.569207716,0.027952056472222223,2.005065918,-0.087071583,0.886485815,-0.05302605,47.48590088,224.6748962,998.2520142,20.39847946,20.09762001,19.29496956,21.81064987,24.13768005,57.81887817,43.23112106,2.30250001,0.0558545113
0.1429615021,0.13774859909999998,0.1067214012,0.10904879569999999,0.10528359410000002,0.0316311091,0.5456041813,0.028031054611111113,2.005202055,-0.246039599,0.890950978,-0.017675349,63.42163086,222.1295013,998.2515869,20.39875031,20.09774971,19.48319054,21.79442024,24.08711052,57.74974823,43.23049164,2.089999914,0.0558545113
0.1423046947,0.13719160560000002,0.1067571044,0.10894889830000001,0.1052212954,0.031112921199999997,0.5820823193,0.02811116747222222,2.005337,-0.244370595,0.895416081,-0.091157697,68.7335434,219.821701,998.2512817,20.3990097,20.09786987,19.54593086,21.77095032,24.03652954,57.68061829,43.22985077,2.292500019,0.055854517199999995
0.1417294979,0.13663469550000001,0.1066900969,0.10907529590000001,0.1051589012,0.030594721400000004,0.6049705029,0.028182360333333333,2.005471945,-0.217488497,0.899881423,-0.126269802,68.7335434,216.0175018,998.2509155,20.39928055,20.09799004,19.54593086,21.74508095,23.98596001,57.61148834,43.22922134,2.059999943,0.05585452910000001
0.14120049480000002,0.136077702,0.10657680030000001,0.1090844035,0.1050966024,0.030111148999999997,0.5620551109,0.02826383377777778,2.005608082,0.422555894,0.904346526,-0.031961299,68.7335434,211.7144012,998.2504883,20.39953995,20.09811974,19.54593086,21.71920967,23.93538094,57.5423584,43.2285881,2.025000095,0.0558545411
0.1408015013,0.1357795954,0.1064635992,0.1090234041,0.1050343037,0.0296391189,0.5019736767,0.028334028444444444,2.00574398,0.083638698,0.908811688,-0.051058359,67.51959229,215.7566071,998.2501221,20.39981079,20.0982399,19.49887085,21.69333076,23.88480949,57.4732399,43.22795105,2.275000095,0.0558545411
0.1404456973,0.1353984952,0.10635030270000001,0.1087839961,0.1049720049,0.0294856787,0.5706381798,0.028410860694444446,2.005878925,-0.194242403,0.913276911,-0.017019451,67.11493683,222.5805054,998.2498169,20.40007019,20.0983696,19.48317909,21.66745949,23.83423042,57.40410995,43.22732162,2.140000105,0.055854547
0.1400899053,0.13524069789999998,0.1060359001,0.1086933017,0.1049096942,0.029438430100000003,0.5320144176,0.028468805944444446,2.006014109,-0.080276556,0.917742074,0.03009503,67.11493683,230.6463013,998.2493896,20.40033913,20.09848976,19.48317909,21.64159012,23.78366089,57.33498001,43.22668839,2.174999952,0.0558545589
0.1401090026,0.1353474975,0.10590469840000001,0.10867190360000001,0.10484739540000002,0.029391181500000002,0.6128382206,0.028549917,2.006150007,0.064088076,0.922207177,0.070221737,67.11493683,241.8287048,998.2490234,20.40060043,20.09861946,19.48317909,21.61572075,23.73308945,57.26585007,43.22605896,2.150000095,0.0558545589
0.1402529955,0.13532650470000002,0.10585709809999999,0.10837969780000001,0.10478509659999999,0.029403510700000003,0.6450247765,0.02861550013888889,2.006284952,0.123574398,0.925211787,-0.036049239,67.11493683,241.9281006,998.2487183,20.40086937,20.09873962,19.48317909,21.58983994,23.68251038,57.19672012,43.22542191,2.362499952,0.0558545709
0.1401790977,0.1352437973,0.1058094025,0.108267796,0.1047163963,0.029435700199999998,0.5134177207999999,0.028665500222222223,2.006421089,0.293330997,0.927729487,-0.087309889,48.97488022,228.5632935,998.248291,20.40113068,20.09886932,19.57729912,21.56397057,23.63194084,57.13267899,43.22478867,2.117500067,0.0558545828
0.1402511001,0.1351866007,0.10563650129999999,0.1082460046,0.10464570520000001,0.0295910805,0.48051590920000004,0.02868138844444444,2.006556034,0.25816381,0.930247188,-0.022868561,42.92819977,222.0005035,998.2479248,20.40139008,20.09898949,19.60866928,21.53809929,23.58135986,57.07033157,43.22415924,2.182499886,0.0558545887
0.14039579630000001,0.1351379991,0.10577960010000001,0.10806809660000001,0.1045748949,0.0294766814,0.5227159977,0.02850091722222222,2.006691933,-0.01065729,0.932765007,-0.052277509,42.92819977,224.0278931,998.2476196,20.40166092,20.09911919,19.60866928,21.51222038,23.53079033,57.00798035,43.22352982,2.180000067,0.0558545887
0.1400956988,0.1350893974,0.10557689669999999,0.1079962015,0.1045042038,0.0296517789,0.5141329765,0.028274417444444443,2.006827116,-0.207355604,0.935282707,-0.086185493,42.92819977,222.4662933,998.2471924,20.40192032,20.09923935,19.60866928,21.48634911,23.48020935,57.01258087,43.22288895,2.025000095,0.0558546007
0.13997639420000002,0.135176301,0.1054875016,0.1079769969,0.10443340539999998,0.0297258586,0.5520414829,0.028182360333333333,2.006963015,-0.244549498,0.937800527,-0.041614499,42.92819977,219.1228027,998.2468262,20.40218925,20.09936905,19.60866928,21.4604702,23.42963982,57.03950119,43.22225952,2.272500038,0.0558546126
0.13996679780000001,0.1351436973,0.1054875016,0.10795769690000001,0.10436270240000001,0.029722601199999997,0.6335806847,0.028196945194444444,2.00709796,-0.242165297,0.938723087,-0.045242231,66.20292664,221.7005005,998.246521,20.40245056,20.09948921,19.52275085,21.43460083,23.37906075,57.06642151,43.2216301,2.309999943,0.055854618499999995
0.1399570942,0.1350563049,0.1052371979,0.1079385042,0.10429190399999999,0.029904100300000003,0.5806518078,0.02826150047222222,2.007232904,0.494797707,0.939114213,-0.072330341,73.96116638,222.5032959,998.2460938,20.4027195,20.09960938,19.49411011,21.40872955,23.3284893,57.01544952,43.22098923,2.109999895,0.055854618499999995
0.1399474978,0.1351397991,0.10506429669999999,0.1078601956,0.1042212009,0.030024340700000002,0.5191398144,0.02832374997222222,2.007369041,0.0088933,0.939505219,-0.01977559,73.96116638,224.8206024,998.2457275,20.4029808,20.09973907,19.49411011,21.38285065,23.27791023,56.93851852,43.2203598,2.349999905,0.0558546305
0.1400920033,0.1352802992,0.1051059961,0.10776230099999999,0.10420349840000001,0.0301036209,0.5606245995,0.02839197158333333,2.007503986,-0.237039104,0.939896226,-0.018457061,73.96116638,228.0592041,998.2454224,20.40324974,20.09985924,19.49411011,21.35697937,23.2273407,56.86159134,43.21973038,2.446249962,0.0558546424
0.1402879,0.1354208946,0.10504050250000001,0.107664299,0.10411590340000001,0.03018291,0.5913805007999999,0.028463499277777776,2.007639885,-0.01065727,0.940287173,-0.084644802,73.96116638,227.2917938,998.2449951,20.40350914,20.09999084,19.49411011,21.33111,23.17676926,56.78466034,43.21908951,2.441250086,0.0558546484
0.14048379660000002,0.1354423046,0.1051895022,0.1075664043,0.1040668964,0.030262190100000003,0.5670619011,0.028535026972222224,2.007775068,-0.109840997,0.940678179,-0.02616415,73.96903992,225.1891022,998.2446289,20.40377998,20.1001091,19.55649948,21.30522919,23.12619019,56.70772934,43.21846008,2.140000105,0.0558546484
0.1404916048,0.1354239941,0.1051776052,0.1075701952,0.10404059889999999,0.030341470199999998,0.5289148808,0.028588693416666665,2.007910967,-0.227502301,0.941069186,-0.086676903,73.97953796,220.8914948,998.2442017,20.40403938,20.10024071,19.57729912,21.27935982,23.07562065,56.63079071,43.21783066,2.077500105,0.0558546722
0.1404366016,0.1354056954,0.105082202,0.1076079011,0.10401420589999999,0.0304207593,0.49076800350000005,0.028377083666666667,2.008045912,-0.118900999,0.941460311,-0.059381399,73.99004364,219.6632996,998.2437744,20.40431023,20.10036087,19.57729912,21.25349045,23.02503967,56.55385971,43.21718979,2.194999933,0.0558546722
0.1403817058,0.1353875041,0.10498679879999999,0.1076455951,0.10398780110000001,0.0305000395,0.498397398,0.02801647186111111,2.006093979,-0.198414803,0.941851318,-0.069067001,74.00052643,221.2767944,998.2435303,20.40456963,20.10049057,19.57729912,21.22761917,22.97447014,56.62440109,43.21656036,2.372499943,0.055854678199999994
0.1403267026,0.1353692055,0.10503449439999998,0.1075448036,0.1039615035,0.0304025888,0.5448888779,0.027829693694444445,2.003446102,-0.240794405,0.9420048,-0.073110983,52.0761795,221.6600037,998.243103,20.40483093,20.10061073,19.50671005,21.20174026,22.92388916,56.74411011,43.21593094,2.42750001,0.055854678199999994
0.14008549450000002,0.1351744056,0.1051298976,0.10739790199999999,0.10393509860000001,0.030246219,0.6486011028,0.02776942994722222,2.000797987,-0.242940202,0.942079186,-0.065874107,44.76718903,221.4579926,998.2426758,20.40509987,20.1007309,19.48317909,21.1758709,22.87331963,56.86380005,43.22285843,2.265000105,0.055854702
0.13978220219999998,0.13492079969999998,0.105082202,0.10758379700000001,0.10393160580000001,0.0300898612,0.6722043991,0.027757013108333332,1.998149991,0.143125102,0.942153573,-0.082475059,44.76718903,221.2561035,998.2423706,20.40535927,20.1008606,19.48317909,21.14999008,22.82274055,56.87242889,43.23231888,2.359999895,0.055854702
0.13966970439999998,0.1349014997,0.10498679879999999,0.1075901985,0.10393580200000001,0.029933491299999997,0.5971025944,0.0277537028,1.995501995,-0.1088873,0.942228019,-0.090658948,44.76718903,221.0541992,998.2420044,20.40563011,20.10098076,19.48317909,21.12412071,22.77216911,56.84402847,43.24177933,2.087500095,0.055854707999999996
0.1396206975,0.1349601984,0.10471270079999999,0.1074998975,0.10393999810000001,0.0300964713,0.5856585979,0.027831361555555555,1.992854953,0.498731703,0.942302287,-0.065331258,44.76718903,220.8522949,998.2415771,20.40589905,20.10111046,19.48317909,21.09824944,22.72159004,56.81563187,43.25122833,2.107500076,0.055854707999999996
0.1398833036,0.13555229900000001,0.1043787956,0.1073112965,0.1039440989,0.0305670589,0.4912446976,0.028047250111111113,1.990206957,0.007582024,0.942376673,-0.109154098,62.9486084,217.3524017,998.241272,20.40616035,20.10123062,19.50671959,21.09177971,22.67102051,56.78723145,43.26068878,2.210000038,0.0558547318
0.1409065008,0.13632210490000002,0.1044564009,0.1070899963,0.1039309978,0.0311047286,0.5270075798,0.028194944583333333,1.987558961,-0.105787702,0.942451119,-0.078893021,69.00908661,211.0890045,998.2409058,20.40641975,20.10136032,19.51236916,21.08498001,22.62044907,56.70716858,43.27014923,2.079999924,0.0558547318
0.141545701,0.136946702,0.10449219940000001,0.10686869619999999,0.1039121985,0.031831130400000004,0.5177093029,0.028377083666666667,1.984910965,-0.118304901,0.942525506,0.017244861,69.00908661,215.3358002,998.2404785,20.4066906,20.10148048,19.50943947,21.0759201,22.56987,56.60990143,43.27959824,2.307499886,0.0558547378
0.14198390249999998,0.137262702,0.10467389819999999,0.10692490340000001,0.1038933039,0.0322995901,0.6056858063,0.02849397236111111,1.982262969,-0.024843421,0.942599893,-0.01547718,69.00908661,228.5802002,998.2401733,20.40695,20.10161018,19.50651932,21.0668602,22.51930046,56.51261902,43.28905869,2.38499999,0.0558547378
0.1422443032,0.1366745949,0.10492420200000001,0.1070737004,0.1038743973,0.0323473513,0.5549026012,0.028529722416666667,1.98288095,-0.179460198,0.942674279,-0.008824417,69.00908661,235.7102966,998.2398071,20.40722084,20.10173035,19.50358963,21.05780029,22.46871948,56.41534042,43.29851913,2.327500105,0.055854761600000004
0.1420986056,0.1368577957,0.1050701976,0.1072224021,0.103855598,0.0316162407,0.5270075798,0.028493639638888887,1.984588981,0.167444095,0.940455079,-0.075967804,80.44795227,230.4295044,998.2393799,20.40748024,20.10186005,19.50066948,21.04874039,22.41814995,56.31806946,43.30796814,2.11500001,0.055854761600000004
0.14183739420000002,0.1368240952,0.1051815033,0.1074702024,0.10383670330000001,0.0316861898,0.612838316,0.028376750944444445,1.986296058,0.02796712,0.93747139,-0.025322599,84.2609024,227.394104,998.2390747,20.40774918,20.10198021,19.49773979,21.03968048,22.36757088,56.3282814,43.31742859,2.200000048,0.0558547676
0.1415761948,0.1364104986,0.10529279709999999,0.107603395,0.10395720010000001,0.0315263987,0.5749297141999999,0.02805719375,1.988003016,-0.163247496,0.93448782,0.0,84.2609024,229.8343048,998.2387085,20.40801048,20.10210991,19.49481964,21.03062057,22.31699944,56.37432098,43.32688904,2.369999886,0.0558547676
0.1409276009,0.1359331012,0.10531610250000001,0.1076872945,0.10405600070000001,0.031176048499999998,0.5935264111,0.027818111833333336,1.992048979,-0.225237295,0.931504071,-0.085518382,84.2609024,230.3470001,998.2382813,20.40827942,20.10223007,19.49189949,21.02156067,22.26642036,56.42036057,43.31451035,2.095000029,0.055854791400000006
0.1404531002,0.13545570369999999,0.1053102016,0.1077712059,0.10413219929999999,0.030568060299999998,0.5813670157999999,0.027708502875,1.996873975,0.419575602,0.928520381,-0.095456839,84.2609024,221.6992035,998.2379761,20.40854073,20.10235023,19.4889698,21.01250076,22.24522972,56.46640015,43.29486084,2.282500029,0.055854791400000006
0.1400797963,0.13511769769999998,0.1053042054,0.10774099829999999,0.1042083979,0.0301238805,0.5942416191000001,0.027668103111111113,2.001698971,7.17e-05,0.925536692,-0.052971359,72.78907776,216.0274048,998.2374878,20.40880966,20.10247993,19.48604965,21.00344086,22.23384094,56.51243973,43.27521896,2.432499886,0.0558547974
0.1397065043,0.1348263025,0.1052983046,0.1078354955,0.10428459640000001,0.029762929700000003,0.5842279911,0.027652537027777774,2.006524086,-0.201395005,0.922553003,-0.06140729,68.96513367,220.7380981,998.2371826,20.40906906,20.1026001,19.48311996,20.99438095,22.22244072,56.55847168,43.25556946,2.345000029,0.055854809299999995
0.13933310510000002,0.13453489540000002,0.1054219961,0.10787620540000001,0.10436079499999999,0.0294019699,0.6578992844,0.02763465881388889,2.011348963,-0.227383107,0.919902086,-0.08878687,68.96513367,223.8466949,998.2368164,20.4093399,20.1027298,19.48019981,20.98531914,22.2110405,56.60451126,43.23591995,2.0625,0.0558548212
0.1391842961,0.1344673991,0.1054010987,0.1078809023,0.10443700549999999,0.029266801500000002,0.602824688,0.027627703349999998,2.016175032,-0.244787902,0.917362094,-0.092912734,68.96513367,219.2673035,998.2365112,20.4095993,20.10284996,19.47727013,20.97625923,22.19964981,56.65055084,43.21627045,1.965000033,0.0558548212
0.13911030289999998,0.1344746947,0.10531769989999999,0.1078855991,0.1045132041,0.0292068988,0.5563331127,0.027631015777777778,2.01641798,-0.183274999,0.914822221,-0.000541768,66.41249847,221.6266937,998.236084,20.40986061,20.10297966,19.47434998,20.96721077,22.18824959,56.67901993,43.19662094,2.230000019,0.0558548272
0.1391973972,0.1346742034,0.1053326011,0.10789020060000001,0.10458940269999999,0.029146999099999998,0.4383159161,0.027618433633333335,2.015132904,-0.2112896,0.912282228,-0.01234706,65.56162262,230.7406006,998.2357178,20.41012955,20.10309982,19.47142029,20.95815086,22.17686081,56.70164108,43.17697144,2.109999895,0.0558548391
0.1393669963,0.1349377036,0.1053266048,0.1078948975,0.1046656013,0.0292547196,0.4955364227,0.02760982301388889,2.01384902,-0.242403701,0.909742117,-0.05369094,65.56162262,233.6658936,998.2354126,20.41039085,20.10322952,19.46850014,20.94908905,22.16546059,56.72425842,43.15731812,2.272500038,0.055854851000000004
0.13976609710000001,0.13520129919999999,0.10546369550000001,0.1078995943,0.10474179980000001,0.029418331399999997,0.6214212894,0.02759359359722222,2.012563944,-0.247291297,0.907202125,0.04698962,65.56162262,236.3361053,998.2349854,20.41065979,20.10334969,19.46557045,20.94002914,22.15406036,56.74687958,43.13766861,2.387500048,0.055854851000000004
0.14001970290000001,0.1354647994,0.10540410280000001,0.10790430310000002,0.1047608018,0.0297466487,0.481231308,0.02755683898888889,2.008759975,-0.247291297,0.904662073,0.052235719,65.56162262,246.6186981,998.2346191,20.41091919,20.10347939,19.4626503,20.93096924,22.14266968,56.76948929,43.14696121,2.204999924,0.0558548629
0.140417397,0.1357831955,0.1055292964,0.1079089999,0.1048892021,0.0299603999,0.5055499077000001,0.02754226896388889,2.004115105,0.108196199,0.9021222,0.01044714,52.98762131,250.459198,998.234314,20.41119003,20.10359955,19.45972061,20.92190933,22.13126945,56.79211044,43.16588974,2.042500019,0.0558548689
0.14088759420000002,0.1361199021,0.105743897,0.10791360139999999,0.10496560340000001,0.0301176697,0.5091261864,0.027530017427777775,1.999470949,-0.008273069,0.899582207,0.0,48.79627991,247.1929932,998.2338867,20.41144943,20.10372925,19.45680046,20.91284943,22.11986923,56.8147316,43.18481064,2.039999962,0.0558548689
0.1410400033,0.1363039017,0.1056902051,0.1079859018,0.1050104976,0.030451470600000002,0.5205702782,0.027505510119444444,1.994825959,-0.204256102,0.897953987,0.0,48.79627991,242.5281067,998.2335205,20.41172028,20.10384941,19.45387077,20.90378952,22.10848045,56.83734894,43.20373917,2.102499962,0.05585488079999999
0.1412786007,0.13643690349999998,0.10583319659999998,0.10808069709999998,0.1050552964,0.030466041,0.5613398075,0.02749408933888889,1.990182042,-0.246695295,0.896629691,-0.019054459,48.79627991,237.863205,998.2332153,20.41197968,20.10397911,19.45095062,20.89472961,22.09708023,56.85995865,43.22267151,2.105000019,0.055854892700000006
0.1414819002,0.1365699053,0.10592410560000001,0.1081755042,0.1051000953,0.0305335492,0.5491805077,0.027488127813888888,1.985538006,-0.233105198,0.895305514,-0.101397201,48.79627991,230.906601,998.2327881,20.41225052,20.10409927,19.44802094,20.88566971,22.08568954,56.8825798,43.24160004,2.017499924,0.0558548987
0.1416522026,0.1368311048,0.1059658051,0.1083924055,0.10514500140000001,0.0306607097,0.5649160862,0.02749259948611111,1.980893016,-0.235370204,0.893981218,-0.06101682,71.16052246,223.1860962,998.2324219,20.41250992,20.10421944,19.44510078,20.8766098,22.07428932,56.90520096,43.26052856,2.207499981,0.0558548987
0.1418223977,0.1370267987,0.1060075045,0.10841870309999999,0.10523099899999999,0.0307878703,0.5212854862,0.027477696736111112,1.982386947,-0.244907096,0.892656922,-0.009778308,78.61527252,223.2669067,998.2321167,20.41278076,20.10434914,19.44218063,20.8675499,22.0628891,56.9278183,43.27946091,2.265000105,0.055854910599999995
0.1418763995,0.1371865034,0.10604929919999999,0.1085446954,0.10533070559999999,0.0309150308,0.4912447929,0.0276320076,1.985926032,-0.2458608,0.891332626,-0.042499378,78.61527252,225.947998,998.2316895,20.41304016,20.1044693,19.43925095,20.86706924,22.05150032,56.95043945,43.29838943,2.335000038,0.0558549225
0.1422399044,0.1376224995,0.10639950039999999,0.1086076021,0.1054304004,0.0307719409,0.5459619045,0.02795452752777778,1.989465952,-0.213196993,0.890008271,-0.0471057,78.61527252,226.7640076,998.2313232,20.4133091,20.10460091,19.4363308,20.86661911,22.0401001,56.8652916,43.31732178,2.404999971,0.0558549285
0.1424460053,0.1377050996,0.10653660300000001,0.10862979889999999,0.1055302024,0.031074041099999998,0.6246399879,0.028105888361111112,1.993005991,-0.213435397,0.887620926,-0.100525901,78.61527252,226.9582977,998.230896,20.4135704,20.10471916,19.4333992,20.86523056,22.02869987,56.74422073,43.33625031,2.24000001,0.0558549285
0.1425608993,0.1378744006,0.10656830070000001,0.108873105,0.1056298971,0.031091010600000003,0.47693958280000004,0.02812341688888889,1.996544957,-0.228058696,0.884879112,-0.029848721,71.08011627,224.0016937,998.2305298,20.41383934,20.10485077,19.43047905,20.86383057,22.01730919,56.62314987,43.32857132,2.307499886,0.0558549404
0.1426758051,0.138122201,0.10660020109999999,0.10902880429999999,0.1057296038,0.031216529,0.5069804192,0.02811944538888889,1.998854041,-0.242681906,0.882137179,-0.040479779,68.56841278,226.8549957,998.2302246,20.41410065,20.10497093,19.42754936,20.86244011,22.00591087,56.59288025,43.31203079,2.147500038,0.0558549523
0.1430500031,0.1382588983,0.1068763971,0.1091307998,0.1058292985,0.0312312514,0.5162786961,0.028104555333333336,2.000751972,-0.197699502,0.879395425,-0.01349326,68.56841278,229.8719025,998.2297974,20.41436005,20.10508919,19.42462921,20.86104012,21.99452019,56.59289169,43.29547882,2.319999933,0.0558549583
0.1431362987,0.1383587003,0.10684059859999999,0.1092326999,0.1059290051,0.031404501200000004,0.5023312092000001,0.028066139222222224,2.002650976,-0.226548597,0.876653612,-0.091926523,68.56841278,227.5072937,998.2293701,20.41463089,20.10522079,19.42169952,20.85964966,21.98311996,56.59289932,43.27893066,2.19749999,0.0558549583
0.1433694005,0.13861169820000002,0.1070312977,0.10933459999999999,0.1060287952,0.0313227892,0.4923176765,0.028037999472222224,2.004549026,-0.000166707,0.873911679,-0.067141213,75.83046722,220.7285004,998.229126,20.41489029,20.10533905,19.41877937,20.85824966,22.00436974,56.59289932,43.26239014,2.400000095,0.0558549702
0.14344660039999999,0.13877370360000002,0.10712670090000001,0.109295404,0.1061540008,0.031485000299999996,0.5220006943,0.02800155638888889,2.00644803,0.357824206,0.870393813,-0.03858633,78.2511673,219.3406982,998.2286987,20.41515923,20.10547066,19.41584969,20.85684967,22.03650093,56.59291077,43.24584961,2.482500076,0.05585498209999999
0.14361560339999999,0.13888829949999998,0.1073024988,0.1095556021,0.1062878013,0.031379029200000005,0.5091261864,0.027977388166666665,2.008346081,0.376659602,0.866617084,0.01180125,78.2511673,220.0673065,998.2282715,20.41542053,20.10559082,19.41292953,20.85545921,22.06863022,56.59291077,43.22930145,2.157500029,0.0558549881
0.143572104,0.1388038039,0.1075289965,0.10962779520000002,0.1064216018,0.031257700900000004,0.6149839878,0.02792605505555556,2.010245085,0.587782502,0.862840474,0.04636791,78.2511673,226.4685974,998.2280273,20.41568947,20.10572052,19.41000938,20.85405922,22.10075951,56.5929184,43.21274948,2.327500105,0.0558549881
0.1434383035,0.13865280149999998,0.1075320005,0.1098307014,0.10655529500000001,0.0311741501,0.5177092075,0.027738636863888888,2.012142897,-0.001716446,0.859063923,-0.021694509,78.2511673,227.2359924,998.2276001,20.41595078,20.10584068,19.4070797,20.85267067,22.1328907,56.59292984,43.19620895,2.075000048,0.055855
0.143304503,0.1383517027,0.10788960460000001,0.10987459420000001,0.10668909550000001,0.030738580199999997,0.6078314781,0.027493591308333332,2.014040947,0.175073594,0.856714189,0.04243385,73.77423096,225.4949036,998.2271729,20.41621971,20.10597038,19.53455925,20.85127068,22.16501999,56.65167999,43.1796608,2.140000105,0.055855011899999994
0.1428848028,0.1380005956,0.1080147982,0.1101124048,0.10682289599999999,0.0303369701,0.5606245995,0.027381333244444445,2.010957003,0.055743288,0.854840219,0.01801803,72.28191376,227.8842926,998.2269287,20.41647911,20.10609055,19.57729912,20.84988022,22.19714928,56.73001099,43.16312027,2.184999943,0.055855017900000005
0.1426903963,0.1378605962,0.1080147982,0.1104410052,0.10695669649999999,0.0299857914,0.5084108829,0.027335970136111113,2.00621295,-0.105310902,0.852966189,0.095020197,72.28191376,231.6504974,998.2265015,20.41674995,20.10622025,19.57729912,20.84848022,22.22928047,56.80833817,43.17277908,2.05250001,0.055855017900000005
0.142603004,0.13779089449999998,0.1080147982,0.11044050459999999,0.10709040160000001,0.0298496515,0.4798007011,0.027307489183333335,2.001467943,-0.149895906,0.851092279,0.050468352,72.28191376,241.3894043,998.2260742,20.41700935,20.10634041,19.57729912,20.84708023,22.26140976,56.88666916,43.19118118,1.965000033,0.0558550298
0.1426530004,0.1379852057,0.1080147982,0.11043469909999999,0.1072242022,0.029785201,0.4297327995,0.02729921128888889,1.996723056,-0.223806798,0.84921819,0.048459191,72.28191376,245.7359924,998.2258301,20.4172802,20.10647011,19.57729912,20.84568977,22.29353905,56.96500015,43.20957947,2.099999905,0.0558550417
0.14303710460000002,0.1382673979,0.10833669900000001,0.11046370270000001,0.1073580027,0.0297207385,0.5312991142000001,0.027291592491666666,1.991979003,-0.246695295,0.847344279,0.05270857,56.4009285,241.8484039,998.2254028,20.4175396,20.10659027,19.41259956,20.84428978,22.32567024,57.0051918,43.2279892,2.172499895,0.05585504770000001
0.1431905031,0.138437295,0.10833669900000001,0.11061520579999999,0.1074918032,0.0299539506,0.559194088,0.027290265825,1.987233996,-0.138809204,0.84547019,0.089018129,51.10726929,242.010498,998.2249756,20.4178009,20.10671997,19.35770035,20.84289932,22.35779953,57.03266144,43.24637985,2.045000076,0.05585504770000001
0.1432350039,0.13856970070000002,0.10840820069999998,0.110807395,0.10759129519999999,0.030029091200000003,0.5284380913,0.027267752752777777,1.98248899,-0.211170301,0.84359628,0.04958782,51.10726929,244.1640015,998.2246704,20.41806984,20.10684013,19.35770035,20.84149933,22.38993073,57.06011963,43.26478958,2.05250001,0.0558550596
0.14327939750000002,0.1385036945,0.1085512042,0.11094670300000001,0.1076792955,0.030018448800000003,0.49219841960000005,0.027271063063888885,1.982223988,-0.2458608,0.843054771,0.008069622,51.10726929,241.4179993,998.2241821,20.41832924,20.1069603,19.35770035,20.84011078,22.42206001,57.08758926,43.28319168,2.242500067,0.0558550715
0.1433238983,0.1387053013,0.1083724022,0.1110682011,0.10776740309999999,0.0301103592,0.45595879549999996,0.027298550074999997,1.983453035,-0.243953407,0.842957616,0.0,51.10726929,233.6159058,998.223877,20.41860008,20.10709,19.35770035,20.83871078,22.4541893,57.1150589,43.30158997,2.119999886,0.0558550775
0.1438714981,0.1392092943,0.10840820069999998,0.1110684037,0.1078554988,0.030236458799999998,0.4597734928,0.02753796471388889,1.984681964,-0.086117923,0.842860222,0.056193359,62.55075836,234.6289978,998.2235107,20.41885948,20.10721016,19.33418083,20.83731079,22.4863205,57.1425209,43.31998825,2.022500038,0.0558550775
0.14441089629999998,0.1397771001,0.1085512042,0.1110281944,0.10794359449999999,0.030682331299999997,0.4361701012,0.027721415625,1.985910058,-0.081230268,0.842762887,0.018731119,66.36525726,238.9608002,998.2230835,20.41913033,20.10733986,19.32633972,20.83592033,22.51844978,57.11555862,43.33839035,2.152499914,0.0558551013
0.1448915958,0.1402292013,0.1089447021,0.1110618949,0.10803170200000001,0.030846458700000003,0.471932888,0.027800555749999997,1.987138987,-0.127126604,0.842665672,0.092324547,66.36525726,240.8668976,998.2227783,20.41938972,20.10746002,19.32633972,20.83452034,22.55057907,57.07046127,43.35678864,2.222500086,0.0558551013
0.14505130049999998,0.1403012991,0.10906389949999999,0.1111202955,0.10811970230000001,0.0311474293,0.4676414013,0.027829028222222222,1.991060972,-0.219395995,0.842568398,0.092324547,66.36525726,248.6282959,998.2224121,20.41966057,20.10758972,19.32633972,20.83312988,22.58271027,57.02534866,43.34445953,2.36500001,0.0558551073
0.14510400299999998,0.1402595043,0.10906389949999999,0.11147439480000002,0.108207798,0.0311599195,0.44189209939999996,0.027813805472222224,1.995880008,-0.246814504,0.842471123,0.051291421,60.61795044,249.8903046,998.2219849,20.41991997,20.10770988,19.46751022,20.83172989,22.61483955,56.98025131,43.32189941,2.492500067,0.0558551073
0.1451567054,0.1404898047,0.1091176033,0.11161079410000001,0.10829590559999999,0.0310466707,0.4569125175,0.027787306055555554,2.000699997,-0.226429403,0.842373788,0.01025828,58.70217896,246.684494,998.2216797,20.42019081,20.10783958,19.5145607,20.83033943,22.64697075,56.98337936,43.29932022,2.272500038,0.0558551311
0.145363605,0.1408107042,0.10918910500000001,0.1116418004,0.1083840013,0.031227728700000002,0.5262922764,0.027750892638888892,2.005520105,-0.240377098,0.842276514,0.057895139,58.70217896,242.9582977,998.2213135,20.42045021,20.10795975,19.5145607,20.82893944,22.67910004,57.00259018,43.2767601,2.047499895,0.0558551311
0.1454282045,0.1411316037,0.10926059480000001,0.1116727948,0.1084720969,0.031506890100000004,0.5234313011,0.02772108713888889,2.010339022,-0.145365804,0.842179179,0.01929838,58.70217896,240.5223999,998.2208862,20.42071915,20.10808945,19.5145607,20.82755089,22.71122932,57.02178955,43.25418854,1.962499976,0.055855137099999994
0.1458912969,0.1414525032,0.1093590021,0.1117413044,0.1085600972,0.0317860514,0.4554820061,0.027694594066666668,2.015158892,-0.206163496,0.842082024,0.0,58.70217896,238.5166016,998.2205811,20.42098045,20.10820961,19.5145607,20.82615089,22.74336052,57.04100037,43.23162079,1.934999943,0.055855137099999994
0.1462867022,0.1416270018,0.1094661951,0.1118224025,0.1086482048,0.0320652097,0.44189209939999996,0.027689959208333333,2.014990091,0.563344181,0.841984689,-0.020024391,68.15844727,234.9015045,998.2202148,20.42124939,20.10833931,19.40151978,20.8247509,22.77548981,57.06021118,43.20904922,2.200000048,0.05585514900000001
0.1464007974,0.1417528033,0.10957349540000001,0.11190350060000001,0.10873630050000001,0.0321357697,0.4933906078,0.027670756447222222,2.013156891,0.159814596,0.841887414,0.02558404,71.31053925,230.75,998.2197876,20.4215107,20.10845947,19.3638401,20.82336044,22.80761909,57.07941818,43.18648148,2.440000057,0.055855161
0.14661240579999998,0.14187860489999998,0.1096807957,0.11198459860000001,0.10882439610000001,0.032136789,0.559194088,0.02765916188611111,2.005784035,0.183776006,0.84179008,0.05720564,71.31053925,232.345993,998.2194824,20.42177963,20.10857964,19.3638401,20.82196045,22.83975029,57.098629,43.20930099,2.347500086,0.05585517290000001
0.1466812968,0.1418066025,0.1099758029,0.1120228052,0.1089120984,0.0319801897,0.5177093029,0.027661480375000002,1.996564031,0.53699863,0.841692805,0.01548423,71.31053925,238.4994049,998.2191162,20.42204094,20.10870934,19.3638401,20.82056999,22.87187958,57.11783981,43.2472496,2.157500029,0.05585517290000001
0.1465101004,0.1416687012,0.11011890170000001,0.11219979520000001,0.1089997053,0.03177104,0.5563331127,0.02764393064722222,1.987342954,-0.027585261,0.842321813,0.0,71.31053925,240.621994,998.218811,20.42230034,20.1088295,19.3638401,20.81917,22.90401077,57.13703918,43.28519058,2.237499952,0.0558551788
0.1462808013,0.1413665056,0.1103513956,0.11242779490000002,0.10908739569999999,0.0314090312,0.5767179012,0.027618764241666666,1.97812295,-0.238350496,0.843192816,-0.02811835,72.78542328,237.2312012,998.2183838,20.42256927,20.1089592,19.50041008,20.81777954,22.93614006,57.15625,43.32313919,2.347500086,0.055855190799999996
0.1459537983,0.1410094976,0.11042289729999999,0.1126557946,0.10917500259999999,0.030996081199999997,0.5781484127,0.027601545122222224,1.975829005,-0.135352105,0.844063878,0.056916509,73.27703857,232.5482025,998.2180176,20.42283058,20.10907936,19.54593086,20.81637955,22.96826935,57.17546082,43.36109161,2.325000048,0.055855202699999995
0.14559429880000002,0.1408987999,0.11043360230000002,0.11288379429999999,0.1092705965,0.0306888103,0.447614193,0.02759293238333333,1.975842953,0.285463095,0.844934881,-0.02632124,73.27703857,231.9192047,998.2177124,20.42309952,20.10920906,19.54593086,20.81498909,23.00786972,57.19467163,43.39904022,2.220000029,0.055855202699999995
0.14541360139999998,0.1408700943,0.1104478955,0.1129449964,0.1093690038,0.0304167807,0.4447531223,0.027586307525,1.975857019,-0.072885484,0.845805883,-0.01613922,73.27703857,232.6414032,998.2172241,20.42336082,20.10932922,19.54593086,20.8135891,23.04994965,57.213871,43.4369812,2.130000114,0.0558552086
0.1454987049,0.1408414006,0.1104622006,0.11295059919999999,0.1094673038,0.030341801,0.5484652996,0.027579686905555557,1.982450962,-0.206044301,0.846677005,0.097853541,61.18891144,238.0372925,998.2169189,20.40695,20.10946083,19.47533989,20.8121891,23.09203911,57.23308945,43.4214592,2.005000114,0.0558552206
0.1454736948,0.14081280229999998,0.11047650579999999,0.11295629739999999,0.10956560369999999,0.030332520600000003,0.4712175846,0.02754624260833333,1.991238952,-0.048924059,0.847548127,0.032617848,57.15953064,244.9909973,998.2164917,20.40154076,20.10957909,19.45181084,20.81080055,23.13413048,57.25228882,43.38811874,2.232500076,0.0558552325
0.14538910389999998,0.14085969920000002,0.110490799,0.1129619002,0.1096366048,0.030323231200000002,0.5148481846,0.027516771952777776,2.000025988,-0.182559699,0.84841907,0.034811791,57.15953064,246.2888947,998.2161255,20.4016304,20.10969925,19.45181084,20.82975006,23.17621994,57.27149963,43.35478973,2.275000095,0.05585523839999999
0.1455829978,0.1409319997,0.1105777979,0.1129778981,0.1096984982,0.0303139508,0.5316566944,0.027503528594444444,2.008812904,0.117733099,0.849290192,0.01160393,57.15953064,245.7015076,998.2158203,20.40172958,20.10983086,19.45181084,20.85548019,23.2183094,57.29071045,43.32144928,2.125,0.05585523839999999
0.1456863999,0.1410040975,0.11068910359999999,0.11299740080000001,0.109760499,0.0303046614,0.5187820911000001,0.027511145275,2.01107192,0.020695239,0.849886119,0.140419498,57.15953064,250.4080048,998.2153931,20.40183067,20.10994911,19.45181084,20.88121986,23.26040077,57.30992126,43.28810883,2.079999924,0.0558552504
0.145728898,0.14107639789999998,0.1108003974,0.1130169034,0.10982240439999999,0.030295380900000002,0.5305838107999999,0.027504520416666667,2.011153936,-0.173738107,0.850390375,0.046806499,67.90337372,253.9308929,998.2150269,20.40192986,20.11008072,19.33418083,20.90695,23.3024807,57.32912064,43.25476074,2.282500029,0.0558552623
0.1457713008,0.141018796,0.1107656002,0.11303639409999999,0.1098842978,0.0303077608,0.5785059929,0.027475378247222224,2.011235952,-0.149657398,0.85089457,0.062114179,71.48464966,251.0664978,998.2147217,20.40203094,20.11020088,19.29496956,20.93268013,23.34457016,57.34833145,43.22143173,2.095000029,0.055855268199999995
0.14581379889999999,0.141188395,0.1106822014,0.11305589680000001,0.1099462032,0.030327370799999996,0.5048346996,0.02745385487777778,2.011317968,-0.209262997,0.851398885,0.020704729,71.48464966,246.4006042,998.2142944,20.40212059,20.11033058,19.29496956,20.95841026,23.38665962,57.36753845,43.18809128,2.377500057,0.055855268199999995
0.14601349830000002,0.1414481997,0.1106971025,0.1130753994,0.1099617004,0.030491319300000003,0.5570483208,0.02744358698611111,2.011399984,-0.237968996,0.851903081,0.042960379,71.48464966,243.3899994,998.2139282,20.40221977,20.11045074,19.29496956,20.98414993,23.42874908,57.38674927,43.15475082,2.214999914,0.0558552802
0.1462656975,0.1415678978,0.11074479820000001,0.11309490200000001,0.10997910500000001,0.030703380699999998,0.5402398109,0.02743266211666667,2.011482,-0.240162507,0.852407396,0.01432012,71.48464966,240.9311066,998.213623,20.40232086,20.11058044,19.29496956,21.00988007,23.47084045,57.40596008,43.16627884,2.307499886,0.055855292099999995
0.14625090359999998,0.1416409016,0.1108162999,0.1131144047,0.1100023031,0.030760559399999998,0.48158879280000005,0.027420739066666668,2.007292032,-0.242356002,0.852911711,0.121556103,66.825737,243.7142029,998.2131958,20.40242004,20.11070061,19.41259956,21.0356102,23.51292992,57.4251709,43.19277954,2.099999905,0.055855298
0.1462638974,0.1417139053,0.1108958006,0.11322870249999999,0.1100255013,0.0307660997,0.5484652996,0.02741179996111111,2.00167799,-0.244549498,0.853415906,0.040518701,65.27277374,248.2445984,998.2128296,20.40251923,20.11083031,19.45181084,21.06134987,23.55501938,57.44437027,43.2192688,2.392499924,0.055855298
0.14631589650000001,0.1417291999,0.11097520590000001,0.113281703,0.11004869939999999,0.030771639899999998,0.5348753929,0.027398885091666665,1.996063948,-0.246742904,0.853920221,0.05910363,65.27277374,249.1289978,998.2125244,20.40261078,20.11095047,19.45181084,21.08708,23.59711075,57.46358109,43.2457695,2.130000114,0.055855310000000005
0.14636789560000002,0.1417251945,0.1108878016,0.11330369709999999,0.1101676941,0.030777180199999997,0.46120409970000004,0.027432000902777778,1.990448952,-0.225118101,0.854424477,0.019701211,65.27277374,246.0590057,998.2120972,20.40270996,20.11108017,19.45181084,21.11281013,23.63919067,57.4827919,43.27225876,2.32249999,0.0558553219
0.1465643048,0.1418665051,0.11085200310000001,0.11332570310000001,0.11018220190000001,0.030868980299999998,0.404698801,0.027511806488888887,1.984835029,-0.219515204,0.854928672,-0.031856429,65.27277374,239.5917969,998.2116699,20.40280914,20.11120033,19.45181084,21.1385498,23.68128014,57.5019989,43.29875183,2.414999962,0.0558553278
0.1468088031,0.1420562029,0.1108698964,0.11334769730000001,0.1101513028,0.0309895307,0.5041193962,0.027629691230555555,1.979220986,-0.240496293,0.855432987,-0.01061881,71.62776947,234.2042999,998.2114258,20.40291023,20.1113205,19.49887085,21.16427994,23.7233696,57.52120972,43.32524109,2.349999905,0.0558553278
0.1470533967,0.1422459006,0.1108937025,0.1133697033,0.11012029649999999,0.0311100811,0.5262922764,0.027704196505555556,1.979328036,-0.043440331,0.855937183,0.0,73.74610138,231.5229034,998.2109985,20.40300941,20.1114502,19.51717949,21.19001007,23.76545906,57.5365181,43.35174179,2.194999933,0.0558553398
0.1471678019,0.1424357057,0.11091760399999999,0.11339169739999999,0.11011519430000001,0.0312878996,0.431163311,0.02772936291111111,1.981341958,-0.178983405,0.856441498,-0.031945411,73.74610138,229.5314941,998.2105713,20.40309906,20.11157036,19.5206604,21.21574974,23.80755043,57.55052948,43.37823105,2.157500029,0.0558553517
0.1475049973,0.14265700580000001,0.1109413981,0.1133741975,0.1101186037,0.0314848095,0.5084108829,0.02772406684166667,1.983355999,0.016761299,0.856945813,-0.01064847,73.74610138,227.5401001,998.2102051,20.40320015,20.11170006,19.52415085,21.24147987,23.84963989,57.56454086,43.40473175,2.099999905,0.0558553576
0.1477501988,0.1428887963,0.11096529959999998,0.1133435011,0.1101220012,0.0316817194,0.5570484161,0.02772108713888889,1.987691045,-0.138213202,0.857450008,0.099410698,63.79478073,230.2451019,998.2097778,20.40329933,20.11182022,19.52762985,21.26721001,23.89171982,57.57854843,43.40161896,2.162499905,0.0558553576
0.147763896,0.1428864002,0.11098910570000001,0.1133128047,0.1101253986,0.0318786293,0.5978178977999999,0.02770022498333333,1.992799997,0.157787994,0.858997703,0.033136901,60.47768021,236.928894,998.2094727,20.40340042,20.11194992,19.5311203,21.29294968,23.93380928,57.59255981,43.38862991,2.339999914,0.0558553696
0.1479238987,0.1431056976,0.1110128999,0.11349450350000001,0.1101287961,0.0318674594,0.5541872978,0.027677374944444447,1.997907996,-0.1117483,0.86089319,-0.023972441,60.47768021,238.822403,998.2091064,20.4034996,20.11207008,19.5345993,21.31867981,23.97590065,57.6065712,43.3756485,2.442500114,0.0558553815
0.1481516004,0.1430701017,0.11114410159999999,0.11337640289999999,0.1101322055,0.0319328099,0.5677772045,0.027662639616666665,2.003015995,-0.03175766,0.862788677,-0.076172367,60.47768021,232.7171021,998.2086792,20.40358925,20.11219978,19.53808975,21.34440994,24.01799011,57.62057877,43.3626709,2.160000086,0.0558553874
0.1479642034,0.1429162979,0.1110785007,0.1134322047,0.110135603,0.032046780000000004,0.5227159977,0.027650055355555554,2.008125067,0.129654199,0.864684224,0.040650848,60.47768021,227.7496948,998.208374,20.40369034,20.11231995,19.54157066,21.37014008,24.06007957,57.63459015,43.34968948,2.127500057,0.0558553874
0.14788279529999998,0.1429469943,0.111087501,0.1135871053,0.1100772023,0.0318236113,0.3989768028,0.027633003658333332,2.008502007,-0.053930949,0.867861688,0.109151199,78.7713089,234.5850067,998.2080078,20.40378952,20.11244965,19.5450592,21.39587975,24.0921402,57.64860916,43.33670044,2.022500038,0.055855399400000005
0.14778269530000002,0.1427443981,0.1111471057,0.1134526968,0.10999809499999999,0.031790950899999997,0.518424511,0.027628366683333336,2.007302999,-0.209262997,0.871466696,0.050057959,84.8691864,245.0007935,998.2075806,20.40389061,20.11256981,19.54854012,21.42160988,24.12085915,57.66262054,43.32371902,2.347500086,0.055855411300000005
0.1475000978,0.1424437046,0.1114302039,0.1135877013,0.10997370479999999,0.0312437713,0.46692609789999995,0.027606514825,2.006103039,0.016999699,0.875071585,0.090670191,84.8691864,246.7931061,998.2072754,20.40398979,20.11269951,19.55203056,21.44734001,24.14958954,57.67662811,43.31074142,2.440000057,0.0558554173
0.1471678019,0.14200880529999999,0.11155539750000001,0.1136116028,0.1099675059,0.030893650700000004,0.48623800279999996,0.02760121451388889,2.004904032,-0.158598304,0.878676593,0.174734905,84.8691864,250.037796,998.2069092,20.40407944,20.11281967,19.5555191,21.47307968,24.17831039,57.6906395,43.29776001,2.077500105,0.0558554173
0.1465024948,0.1415292025,0.1113348961,0.11374189850000001,0.1100970984,0.0306775898,0.48051590920000004,0.027583003575,2.003704071,-0.2393042,0.881215811,0.048937779,84.8691864,252.4709015,998.2064819,20.40418053,20.11293983,19.55900002,21.49880981,24.20702934,57.70465088,43.28477859,2.042500019,0.055855429199999994
0.14604690069999998,0.14118809699999998,0.1112215996,0.11393339629999999,0.1102720022,0.0303747296,0.5305839062000001,0.027565778097222222,2.002505064,-0.231197804,0.883399725,0.0,72.188797,249.6856995,998.2061768,20.40427971,20.11306953,19.56249046,21.52453995,24.2357502,57.71865845,43.27180099,2.317500114,0.0558554411
0.145698297,0.1408931017,0.1111739039,0.1138918042,0.1103157043,0.030042940400000002,0.5820823193,0.02756213506111111,2.000734091,-0.223091498,0.88558358,0.030928461,67.96201324,243.1605072,998.2058105,20.4043808,20.1131897,19.56596947,21.55027962,24.26448059,57.73266983,43.27547073,2.257499933,0.0558554471
0.1455420017,0.1408164978,0.11098320479999998,0.11377240420000001,0.1103157043,0.029940530700000002,0.5777906895,0.027540281083333333,1.998772979,0.122978397,0.887767613,-0.008918194,67.96201324,235.8851013,998.2053833,20.40447044,20.1133194,19.56945992,21.55849075,24.29319954,57.74668884,43.28469086,2.352499962,0.0558554471
0.1454498053,0.1408125043,0.1108698964,0.1135848045,0.11025259489999999,0.0299145788,0.4590581894,0.027522070141666667,1.996811986,-0.124980703,0.889951527,0.032635741,67.96201324,235.0021973,998.2050781,20.40456963,20.11343956,19.57294083,21.56463051,24.32192039,57.76070023,43.29391098,2.407500029,0.055855458999999996
0.1454823017,0.1408085942,0.1107983947,0.1133744001,0.11016839739999999,0.030029070400000003,0.4790853977,0.027516441344444444,1.994850993,-0.245963007,0.892135382,0.01836518,67.96201324,234.2648926,998.2047119,20.40467072,20.11356926,19.57642937,21.57201958,24.35063934,57.77471161,43.3031311,2.170000076,0.0558554709
0.1456156015,0.1408046961,0.1107983947,0.11329770089999999,0.11014740469999999,0.029958760699999996,0.4190040112,0.027494915855555555,1.99289,-0.246099204,0.894922018,-0.026561189,61.77193069,232.8659058,998.2042847,20.4047699,20.11368942,19.71846962,21.57941055,24.37936974,57.78871918,43.31235123,2.224999905,0.0558554828
0.1456730008,0.1408007979,0.1108222008,0.1132655978,0.11012949940000001,0.0300061792,0.4633499146,0.027484982808333332,1.990929008,-0.246235505,0.897909403,-0.009448195,59.70856857,230.6707001,998.2039185,20.40486908,20.11381912,19.76552963,21.58680916,24.40809059,57.78913879,43.32157135,2.105000019,0.0558554828
0.1456984043,0.1409080982,0.110649395,0.1132334948,0.1099825025,0.0301185787,0.4676414013,0.02747306188055556,1.988966942,-0.246371701,0.900896788,0.0,59.70856857,228.2100983,998.2036133,20.40496063,20.11393929,19.76552963,21.59420013,24.43680954,57.78503036,43.33079147,2.162499905,0.0558554888
0.1457237005,0.1408887029,0.11065239909999999,0.1132014036,0.1099030972,0.0302309811,0.4676414013,0.027489289177777775,1.987005949,-0.246508002,0.903884292,0.025701581,59.70856857,229.1062012,998.203186,20.40505981,20.11407089,19.76552963,21.6015892,24.4655304,57.78092957,43.3400116,2.162499905,0.055855500700000005
0.1456261992,0.1408146977,0.11073579790000002,0.1131693006,0.10986000300000001,0.030215469000000002,0.5577635765,0.02760717603888889,1.988955975,-0.246644199,0.906871676,0.045485072,62.23302841,237.600296,998.2028198,20.4051609,20.11418915,19.43614006,21.60898018,24.49426079,57.77682114,43.34923172,2.352499962,0.055855512600000004
0.14548749919999998,0.1407407045,0.1106673002,0.11313710210000001,0.10981680149999999,0.030157330599999997,0.5720686912999999,0.02766710917222222,1.992210031,-0.246780396,0.909859121,0.03060727,63.07452011,243.7162018,998.2025146,20.40526009,20.11432076,19.32633972,21.61636925,24.52297974,57.77272034,43.35845947,2.371249914,0.055855512600000004
0.1453490019,0.1406666994,0.11054799559999999,0.1131049991,0.1097736001,0.030211728799999997,0.5198550224,0.027661810980555555,1.995463967,-0.026869999,0.912846625,0.080953553,63.07452011,246.8011932,998.2020874,20.40535927,20.11444092,19.32633972,21.62376022,24.55170059,57.76860809,43.3676796,2.306250095,0.0558555186
0.14545580149999998,0.140764904,0.1104287982,0.11307289599999999,0.1097305059,0.0303036392,0.5041193962,0.027670419480555555,1.99871695,-0.173857301,0.91583401,0.024951041,63.07452011,247.4817047,998.2017212,20.40545082,20.11455917,19.32633972,21.63114929,24.56118011,57.76449966,43.35321045,2.214999914,0.05585553049999999
0.1456444025,0.140920496,0.1103847027,0.1128993988,0.1096873045,0.0303955495,0.5234313011,0.02771843380277778,2.001971006,-0.227263793,0.918821514,0.0,63.07452011,243.7431946,998.201416,20.40555,20.11469078,19.32633972,21.63854027,24.56426048,57.76039886,43.33084106,2.11500001,0.0558555424
0.1456295967,0.1409644008,0.1103656054,0.112864995,0.10964419839999999,0.030501011,0.5062652111,0.027776707544444446,2.005224943,-0.240615502,0.921808779,0.0,61.19194031,238.7425995,998.2009888,20.40564919,20.11481094,19.47831917,21.64594078,24.56732941,57.75629044,43.30847931,2.269999981,0.0558555424
0.1455469012,0.1407320023,0.11034660339999999,0.1128924966,0.10960099699999999,0.030610978599999998,0.5048346996,0.02784097247222222,2.008479118,-0.247291297,0.924796283,-0.02964993,60.56441116,230.4163055,998.2006226,20.40575027,20.11494064,19.52898026,21.65332985,24.57040024,57.75218964,43.28612137,2.307499886,0.055855548399999996
0.14546420570000002,0.1406231999,0.1103274941,0.1129201055,0.10945739750000001,0.0303866088,0.397546196,0.027915638805555552,2.011732101,-0.247291297,0.927783728,-0.048668861,60.56441116,224.0451965,998.2003174,20.40584946,20.11506081,19.52898026,21.66072083,24.57348061,57.70006943,43.26375961,2.089999914,0.055855560299999996
0.1454259038,0.1405820966,0.1103085041,0.112864995,0.1093726993,0.0303341389,0.4383159161,0.027993138638888887,2.014986038,-0.247291297,0.930477917,-0.042063251,60.56441116,221.5664063,998.1998901,20.4059391,20.11519051,19.52898026,21.66810989,24.57654953,57.63196182,43.24140167,2.335000038,0.0558555722
0.145402503,0.1405411005,0.11021430489999999,0.1127822995,0.1093188047,0.0303761214,0.48337697979999994,0.028064138611111112,2.018239975,0.120355703,0.933074415,-0.063495122,60.56441116,220.0444946,998.1995239,20.40604019,20.11531067,19.52898026,21.67550087,24.57962036,57.56383896,43.21903992,2.410000086,0.0558555722
0.1453791022,0.1404999971,0.1100950003,0.11269949669999998,0.1092648983,0.030418100999999996,0.41685819630000004,0.028148916027777776,2.021492958,-0.019240471,0.935670793,-0.051574498,70.59190369,219.7566071,998.1992188,20.40613937,20.11544037,19.58875084,21.68288994,24.58270073,57.49573135,43.19667053,2.190000057,0.0558555782
0.1453555942,0.1404590011,0.1100563049,0.1126168013,0.1092110038,0.030460080499999997,0.4204345226,0.028228056166666668,2.019206047,-0.110198602,0.938267171,-0.051583361,73.93438721,222.0292969,998.1987915,20.40624046,20.11556053,19.5998497,21.69028091,24.58576965,57.42760849,43.17430878,2.059999943,0.0558555901
0.1453322053,0.140536797,0.1100443959,0.1125341058,0.1091570973,0.0304230809,0.5048346996,0.028290665944444446,2.015069962,-0.212600902,0.941491187,-0.04335618,73.93438721,225.0182953,998.1984253,20.40633965,20.11568069,19.58807945,21.69766998,24.58884048,57.35950089,43.15195084,2.025000095,0.055855602000000004
0.1453088045,0.1404742002,0.10989240410000001,0.1124513984,0.10910320280000001,0.0306384712,0.5459619045,0.028362833666666667,2.010935068,-0.2334629,0.944924474,-0.064875066,73.93438721,223.8894958,998.1981201,20.40644073,20.11581039,19.57632065,21.70505905,24.59192085,57.29138947,43.16962814,2.154999971,0.055855602000000004
0.1452854037,0.14057309629999998,0.1096936941,0.1123687029,0.10904929640000001,0.0307666212,0.5674194813,0.02843966588888889,2.005795956,-0.216296494,0.945782781,-0.045756929,73.93438721,221.3881073,998.1976929,20.40653038,20.11593056,19.56455994,21.71245003,24.59498978,57.22327042,43.20064926,2.087500095,0.055855608
0.1455211997,0.1409574986,0.10949499609999999,0.1122859955,0.10895589590000002,0.0310693711,0.602824688,0.028505556305555554,2.000323057,-0.235608697,0.945772111,-0.009151386,45.51707077,222.9185028,998.1973267,20.40662956,20.11606026,19.55278969,21.7198391,24.59806061,57.155159,43.23167038,1.982499957,0.0558556199
0.14589879509999998,0.1412564039,0.10941309930000001,0.1121629953,0.108849299,0.031450340199999996,0.5441737175,0.02856783336111111,1.994848967,-0.246337593,0.945757687,-0.058077771,36.04463959,223.7301025,998.1968994,20.40673065,20.11618042,19.54103088,21.72723961,24.60112953,57.08703995,43.26269913,2.222500086,0.05585563180000001
0.1460984945,0.1415032983,0.1093701959,0.11202659610000001,0.1087427974,0.031831309200000005,0.5727838993,0.028623110444444443,1.989375949,-0.233701199,0.945743382,-0.064780138,36.04463959,220.7458038,998.1964722,20.40682983,20.11631012,19.52926064,21.73463058,24.6042099,57.0189209,43.29372025,2.0625,0.05585563180000001
0.1464308023,0.14175029990000002,0.1093273044,0.11190379859999999,0.1086362004,0.0321273506,0.47622451779999997,0.028456556527777777,1.98390305,0.125243396,0.945729077,-0.075312309,36.04463959,216.725296,998.196228,20.40693092,20.11643028,19.51749992,21.74201965,24.60728073,56.95080948,43.32474899,1.987499952,0.0558556378
0.14658620360000002,0.1418087006,0.1092844009,0.1117854953,0.1085296988,0.032395088700000005,0.4790853977,0.028238639833333336,1.97842896,0.287370503,0.945714891,-0.020057339,65.46244812,214.5901947,998.1958008,20.40702057,20.11655998,19.63220024,21.74941063,24.61034966,56.94738007,43.35577011,2.244999886,0.055855649699999996
0.1466604948,0.14157929419999998,0.1092414975,0.1116672993,0.1084231019,0.0325481713,0.4712175846,0.028142278472222223,1.98099196,0.028443979,0.945700586,-0.050042789,75.26837921,217.1248016,998.1953735,20.40711975,20.11668015,19.67140961,21.7567997,24.59870911,56.96549988,43.38679123,2.202500105,0.055855661599999995
0.1464473009,0.1412750006,0.10946320300000001,0.1116451025,0.10831650500000001,0.0321398199,0.44260740280000005,0.028084028027777777,1.986232996,-0.175407007,0.945686281,-0.075933859,75.26837921,219.2458954,998.1951294,20.40722084,20.11680984,19.67140961,21.76419067,24.58217049,56.98363113,43.41781998,2.279999971,0.055855661599999995
0.1463700056,0.1407423019,0.10951390270000001,0.11165490149999999,0.10824069979999999,0.031695959,0.4354547977,0.028052554666666667,1.991474986,-0.227263898,0.945671976,-0.019750981,75.26837921,220.7801971,998.1947021,20.40732002,20.11693001,19.67140961,21.77157974,24.56562996,57.00175858,43.39912033,2.440000057,0.055855667600000006
0.1454825044,0.14013359549999999,0.1094781041,0.11181240079999999,0.10817509890000002,0.031298389999999995,0.48266167639999996,0.028091638361111112,1.996554017,-0.01423362,0.94712323,-0.072590522,75.26837921,221.1632996,998.1942749,20.4074192,20.11705971,19.67140961,21.77897072,24.5490799,57.01988983,43.36386108,2.307499886,0.0558556795
0.1448400021,0.1395248055,0.10934400559999999,0.111807704,0.108109498,0.030900821099999996,0.49410581589999997,0.02818799972222222,2.001579046,-0.03175766,0.949063122,-0.073403627,45.76609039,217.5223999,998.1939697,20.40751076,20.11717987,19.69611931,21.77014923,24.53253937,56.97365189,43.32859039,2.174999952,0.0558556914
0.1443778038,0.1391443968,0.1091771007,0.1117323995,0.1080438972,0.030378291,0.44975991249999997,0.028279722000000004,2.006603956,-0.070024423,0.951002777,-0.095375992,35.93199921,216.0036011,998.1936035,20.40760994,20.11730003,19.70435905,21.75593948,24.51600075,56.90596008,43.29333115,2.397500038,0.0558556974
0.1439156055,0.1388401985,0.1090816975,0.1116572022,0.1079782963,0.030072128799999997,0.48695330620000005,0.028356861527777777,2.011629105,-0.025558669,0.95294261,-0.026324579,35.93199921,215.5966949,998.1931763,20.40770912,20.11742973,19.70435905,21.74171066,24.49945068,56.83826065,43.25806046,2.157500029,0.0558556974
0.143630898,0.1385360003,0.10901019569999999,0.11155370469999999,0.1079126954,0.0298519611,0.4654955864,0.02842311011111111,2.016654968,-0.090290301,0.954882383,0.021960121,35.93199921,226.7501984,998.1928711,20.40781021,20.1175499,19.70435905,21.72750092,24.48291016,56.77056885,43.22280121,2.192500114,0.0558557093
0.1434051991,0.1383314967,0.1087957025,0.111440599,0.1078470945,0.029682588599999997,0.41399722099999997,0.028454888666666664,2.021680117,0.240162894,0.957768619,-0.04270827,35.93199921,238.7960052,998.1925049,20.40790939,20.1176796,19.70435905,21.71327019,24.46636963,56.70288086,43.18753052,2.337500095,0.0558557212
0.1431795001,0.1381602049,0.1087479949,0.11132760049999998,0.1077815056,0.029530158600000002,0.5599093914,0.028452250166666665,2.019711018,0.278787315,0.960970104,0.007894251,63.44952011,244.2845001,998.1920776,20.40800095,20.11779976,19.60906029,21.6990509,24.4498291,56.63518906,43.15227127,2.085000038,0.055855727200000004
0.1429538012,0.13788720370000002,0.10877180099999999,0.111214602,0.1077159047,0.0293777287,0.559194088,0.02838402852777778,2.0154109,-0.109244898,0.964171588,-0.01960256,72.62203217,242.2790985,998.1917725,20.40810013,20.11792946,19.57729912,21.68482971,24.43328094,56.56748962,43.15428925,2.252500057,0.055855727200000004
0.1426010966,0.1375802994,0.10860790010000002,0.1112401962,0.1076503038,0.029164418600000002,0.5220007896000001,0.028235028583333335,2.011111021,-0.003623832,0.967373192,-0.03009369,72.62203217,239.4281006,998.1914063,20.40819931,20.11804962,19.57729912,21.67061043,24.41674042,56.55710983,43.16873932,2.107500076,0.0558557391
0.1422060966,0.1372732997,0.10838140249999999,0.11118990179999999,0.107584703,0.0291497201,0.5606245995,0.028126082944444443,2.006812096,-0.155021995,0.970574677,-0.058479611,72.62203217,236.9217072,998.190979,20.4083004,20.11817932,19.57729912,21.65638924,24.40019989,56.56584167,43.18320084,1.992499948,0.055855750999999995
0.1420356035,0.13711080550000002,0.10827109809999999,0.11109889749999999,0.1075191021,0.0289807588,0.5220007896000001,0.028075082555555554,2.002511978,0.189617395,0.973776281,-0.061833911,72.62203217,230.1721954,998.1906128,20.40839958,20.11829948,19.57729912,21.64216995,24.38364983,56.57455826,43.19765091,2.287499905,0.055855763
0.14193999770000001,0.1369964004,0.10819959640000001,0.110848105,0.10741729739999999,0.0289209396,0.5041193962,0.028036666444444445,1.99821198,0.30429849,0.976977825,-0.01488503,64.9078064,225.2888947,998.1901855,20.40848923,20.11842918,19.62435913,21.62795067,24.3671093,56.58327866,43.21210098,2.299999952,0.055855763
0.1418444037,0.1368819952,0.1081280947,0.1107419014,0.10730350019999998,0.0289227605,0.4955362797,0.02801613913888889,1.993911982,-0.109364003,0.980179429,-0.04260641,62.33639908,227.2579041,998.1898804,20.40859032,20.11854935,19.63121986,21.61372948,24.35055923,56.5920105,43.22655106,2.315000057,0.055855768900000005
0.1417487979,0.13693749900000002,0.10790749790000001,0.11070170399999998,0.1071895957,0.0290385991,0.7566100121,0.027993138638888887,1.992805004,-0.199010804,0.983380914,-0.060074769,62.33639908,228.1945953,998.1895142,20.4086895,20.11867905,19.61944962,21.59951019,24.33402061,56.6007309,43.24100113,2.13499999,0.055855768900000005
0.1418207049,0.1370496988,0.1076372981,0.1105100989,0.1070757031,0.0293399513,0.599965477,0.027967304666666668,1.992763996,-0.179221705,0.986582518,-0.085841522,62.33639908,225.7427979,998.1890869,20.40879059,20.11879921,19.60769081,21.58529091,24.31748009,56.60945129,43.25545883,2.332499981,0.055855792800000005
0.1422147989,0.13753910060000002,0.10736709829999999,0.11026810410000001,0.106961906,0.0296904802,0.4497600079,0.027948915694444444,1.992720962,-0.2302441,0.986942887,-0.02351688,61.33750916,222.489502,998.1887817,20.40888977,20.11893082,19.5959301,21.57106972,24.30093956,56.61817932,43.26990891,2.269999981,0.055855792800000005
0.1426977038,0.1379899979,0.1073441982,0.1099120975,0.1068480015,0.0302038103,0.5084108829,0.027927055361111112,1.992679,-0.246814504,0.986356378,-0.0407198,61.00453949,226.7478943,998.1884155,20.40899086,20.11904907,19.58415985,21.55685043,24.26959038,56.62689972,43.28435898,2.30250001,0.0558557987
0.1430170059,0.1381677032,0.1074038982,0.10980039829999999,0.1067342043,0.030577608899999997,0.5119872093,0.027913165611111113,1.992637992,-0.245542899,0.983970106,-0.074843667,61.00453949,227.8746948,998.1879883,20.40908051,20.11916924,19.57239914,21.54262924,24.23329926,56.63562012,43.2988205,2.28125,0.0558557987
0.1430765033,0.1382725954,0.10732940440000001,0.1097828984,0.10662029980000001,0.030886810999999997,0.4998279095,0.027889639527777777,1.99259603,-0.244271293,0.980983913,-0.086273357,61.00453949,220.9546051,998.1876831,20.40917969,20.11930084,19.5606308,21.52840996,24.19701958,56.64434052,43.31327057,2.216249943,0.05585582260000001
0.1430675983,0.1382264018,0.10721009969999999,0.1097653985,0.10650650260000001,0.0310798585,0.5777906895,0.027869777666666668,1.992552996,-0.225714102,0.977997601,-0.07054425,61.00453949,217.8392029,998.1873169,20.40928078,20.1194191,19.54887009,21.51419067,24.1607399,56.65306854,43.32772064,2.192500114,0.05585582260000001
0.143058598,0.13812990190000002,0.1072340012,0.1097478986,0.1063925982,0.0310104012,0.6257127762,0.02785750072222222,1.992511988,-0.170280904,0.975011289,-0.074455768,73.68830872,218.1098022,998.1870117,20.40937996,20.1195507,19.42828941,21.49996948,24.12445068,56.66178894,43.34217072,2.339999914,0.0558558285
0.1429047942,0.138033402,0.1071504951,0.1097303033,0.106278801,0.030991369499999998,0.6264280796,0.02783647325,1.992470026,-0.084448949,0.972025096,-0.05043019,77.91623688,218.8580017,998.1865845,20.40947914,20.11967087,19.38907051,21.4857502,24.0881691,56.67050934,43.35662842,2.359999895,0.0558558404
0.14270269870000002,0.1378546953,0.1070153952,0.1097128034,0.1062036037,0.0310140193,0.542743206,0.027811972305555557,1.995069027,0.204041898,0.969038785,-0.097548112,77.91623688,216.9776001,998.1862183,20.40957069,20.11980057,19.38907051,21.47153091,24.05187988,56.67924118,43.34643936,2.282500029,0.055855852399999996
0.14254610539999998,0.1377815008,0.10688029530000001,0.1095463037,0.106141305,0.030971539,0.5434585094,0.027808833638888888,1.998548985,-0.090171114,0.966052592,-0.085730933,77.91623688,211.2471924,998.1859131,20.40966988,20.11992073,19.38907051,21.45730972,24.0156002,56.68796158,43.32802963,2.102499962,0.055855852399999996
0.1425565004,0.13775240179999998,0.10698959830000002,0.1093299985,0.1060788989,0.0309073508,0.6965230942,0.027798887888888887,2.002028942,0.256137192,0.96306628,-0.04499682,77.91623688,210.5279999,998.1854858,20.40976906,20.12004089,19.38907051,21.44309044,23.97932053,56.69667816,43.3096199,1.99000001,0.055855858300000005
0.1423702002,0.1374788046,0.1069478989,0.10932409759999999,0.1060166001,0.030843159599999996,0.596387291,0.027770426008333335,2.0055089,0.377613187,0.961987197,-0.04166704,57.19834137,213.9817963,998.1851196,20.40987015,20.12017059,19.41259956,21.42886925,23.9430294,56.70541,43.29122162,2.285000086,0.055855870200000005
0.1421013951,0.13712359670000002,0.10682870149999998,0.1093883991,0.10595430139999999,0.0306233287,0.525577116,0.027763142055555558,2.008990049,-0.093389846,0.961543679,-0.073375583,50.29236984,216.3045959,998.1848145,20.40996933,20.12029076,19.42248917,21.41464996,23.90674973,56.7141304,43.27281952,2.127500057,0.0558558822
0.14183269739999999,0.136994803,0.1067093968,0.10930290220000001,0.10589200260000001,0.030351609,0.5978178977999999,0.02774658415,2.012470007,-0.2458608,0.96110028,-0.087304577,50.29236984,215.6540985,998.1843872,20.41006088,20.12042046,19.42521095,21.40043068,23.87046051,56.7228508,43.25440979,2.272500038,0.0558558822
0.1418061018,0.1369415045,0.1065901995,0.1091675997,0.10582970380000001,0.0304493189,0.6478857994,0.027733008066666665,2.015949965,-0.245224997,0.960656822,-0.092799284,50.29236984,212.5657959,998.184021,20.41016006,20.12054062,19.42794037,21.38620949,23.83418083,56.73157883,43.23600006,2.140000105,0.055855888099999994
0.141860199,0.137184,0.1062922001,0.1091707945,0.105767405,0.030670169000000004,0.627143383,0.027713470458333334,2.019429922,-0.244589105,0.960213304,-0.062675901,50.29236984,211.2799988,998.1835938,20.41025925,20.12067032,19.43066978,21.3719902,23.79789925,56.74029922,43.21760178,2.19749999,0.0558559
0.1422204018,0.1375249982,0.10619690420000001,0.108851099,0.1057050943,0.031016918999999997,0.5889964104,0.027696914672222222,2.017648935,0.126077905,0.959769785,-0.068440117,57.33089066,213.2261963,998.1832275,20.41036034,20.12079048,19.4333992,21.35777092,23.76161003,56.74901962,43.19918823,2.367500067,0.055855911999999994
0.1424458027,0.13769270179999998,0.10618890519999999,0.1087208986,0.1055551052,0.0314056307,0.55084939,0.0276952574,2.014113903,-0.06048755,0.96031338,0.001510081,59.67707062,218.2975006,998.1829224,20.41045952,20.12092018,19.43613052,21.34354973,23.72533035,56.75774002,43.18078995,2.154999971,0.055855911999999994
0.1425923944,0.13780260090000002,0.1061810017,0.1086948037,0.1054622054,0.0315226614,0.6249976158,0.02768697738611111,2.010579109,0.078274183,0.961186111,-0.017129799,59.67707062,230.072403,998.1824951,20.41054916,20.12104034,19.4388504,21.32933044,23.68903923,56.76647186,43.16238022,2.25,0.055855917899999996
0.142652905,0.13776040080000002,0.1062684059,0.10866860149999999,0.10539809469999999,0.0315491199,0.6185603142,0.027663139766666667,2.007044077,-0.136067301,0.962058723,-0.04885022,59.67707062,233.1965942,998.1821289,20.41065025,20.12117004,19.44157982,21.31510925,23.65275955,56.77518845,43.17308044,2.242500067,0.055855929900000004
0.1423223972,0.1372838974,0.10638760330000001,0.10864249470000001,0.1053339958,0.0313210785,0.5191398144,0.027658170063888887,2.003509045,-0.022697611,0.962931275,-0.071693607,54.4511795,226.4967957,998.1818237,20.41074944,20.12129021,19.44430923,21.30088997,23.61647987,56.78390884,43.19347,2.107500076,0.055855941799999996
0.1418710947,0.1368574977,0.10625649690000001,0.10864180329999999,0.1053179979,0.0310082108,0.5069805145,0.027640950944444444,1.999974012,-0.139524505,0.963803887,-0.078634478,52.70920944,220.1024017,998.1813965,20.41085052,20.12141991,19.44704056,21.28667068,23.58019066,56.79264069,43.213871,2.204999924,0.055855941799999996
0.1415789008,0.13660659790000002,0.10619690420000001,0.1086495042,0.1053179979,0.0306367606,0.5749298096000001,0.02762703789722222,1.99643898,-0.213077798,0.964676619,-0.080274507,52.70920944,216.2333069,998.1810303,20.41094971,20.12154007,19.44976997,21.27244949,23.54390907,56.80136108,43.23426819,2.107500076,0.0558559477
0.1413396001,0.1363945007,0.10618890519999999,0.1086573005,0.1052907944,0.030405339599999998,0.6578993797,0.027604524824999997,1.992905021,0.01103914,0.965549171,-0.04260055,52.70920944,222.1540985,998.1807251,20.41103935,20.12166023,19.45249939,21.25823021,23.50762939,56.81008148,43.25466919,2.32249999,0.0558559597
0.1411003947,0.1361822963,0.1061810017,0.1086212993,0.10526599880000001,0.030227109800000002,0.6013941765,0.027584985097222223,1.989369988,-0.161936194,0.966421783,-0.04536736,52.70920944,228.5030975,998.1802979,20.41114044,20.12178993,19.45521927,21.24401093,23.47134018,56.81880951,43.27505875,2.424999952,0.0558559716
0.1408611059,0.13609119649999998,0.1059733987,0.1085708022,0.1052449942,0.0302820712,0.5134177207999999,0.027567765977777776,1.985834956,-0.237754405,0.96696192,-0.099820353,58.06245041,226.401001,998.1798706,20.41123962,20.1219101,19.45795059,21.22978973,23.4350605,56.82752991,43.29545975,2.422499895,0.0558559716
0.1408339024,0.136175704,0.1056990981,0.1085201979,0.1052240968,0.030414781000000002,0.5098413944,0.027543591394444445,1.987802982,-0.167062193,0.967391074,-0.050994199,59.84685898,221.7756042,998.1796265,20.41134071,20.12203979,19.46068001,21.21557045,23.39878082,56.84632874,43.31586075,2.232500076,0.0558559775
0.1410624981,0.1363052011,0.1058809996,0.10832530259999999,0.10520310399999999,0.0303935587,0.5820823193,0.02752753363611111,1.991606951,-0.221541703,0.967820227,-0.077145793,59.84685898,222.2615967,998.1791992,20.4114399,20.12215996,19.46340942,21.20134926,23.3624897,56.86848831,43.33625031,2.095000029,0.0558559895
0.14101450440000002,0.1361232042,0.1059106946,0.1083207965,0.10518219470000001,0.0303210288,0.5613399029,0.02751495361388889,1.995409966,-0.241926804,0.964497805,-0.083244666,59.84685898,222.6031036,998.178772,20.41152954,20.12228966,19.46614075,21.18712997,23.32621002,56.8906517,43.35665131,2.0625,0.0558560014
0.1408537984,0.13605329989999998,0.1058392048,0.1083958983,0.10516120200000001,0.030248498899999997,0.5041193962,0.027489950391666663,1.99921298,-0.169327304,0.959924877,-0.04687614,59.84685898,222.3285065,998.1785278,20.41163063,20.12240982,19.46886063,21.17291069,23.28992081,56.91281128,43.34537888,2.217499971,0.0558560014
0.140813601,0.1360556006,0.10564249750000002,0.1083196998,0.10514030459999998,0.030346611099999997,0.5413125992000001,0.027480678558333332,2.003016949,-0.221541807,0.955351889,-0.031811219,45.32978058,224.4694977,998.1781006,20.41172981,20.12253952,19.47159004,21.1586895,23.25363922,56.93497086,43.32355881,2.397500038,0.055856007299999996
0.1409203053,0.1361276984,0.1056902051,0.1081930995,0.10511929989999999,0.0303439111,0.515563488,0.027487964630555556,2.006819963,-0.0182868,0.950779021,-0.065516092,40.4907608,225.8522949,998.1776733,20.4118309,20.12265968,19.47431946,21.14447021,23.21735954,56.95713043,43.30173111,2.492500067,0.055856019300000004
0.140861702,0.1362229943,0.1056545019,0.108258903,0.1050984025,0.030453869700000004,0.5870891094,0.027481670380555556,2.00869894,-0.168492794,0.946205974,-0.086826093,40.4907608,222.3694,998.1774292,20.41193008,20.12278938,19.47705078,21.13025093,23.18107033,56.97929001,43.27991104,2.1875,0.0558560312
0.1408967018,0.1360093951,0.1057914972,0.10815420149999999,0.1050773978,0.0303849488,0.6607604979999999,0.027475710974999998,2.009937048,-0.1212852,0.941632986,-0.077002808,40.4907608,217.4382935,998.1768799,20.41201973,20.12290955,19.4797802,21.11602974,23.14479065,57.00144958,43.25807953,2.297499895,0.0558560312
0.14067560429999998,0.1356927037,0.1057379007,0.1081768036,0.1050565004,0.030238029399999998,0.6092619896,0.027447895475,2.011173964,0.172451004,0.938200176,-0.081407413,55.05337143,214.9602966,998.1765747,20.41212082,20.12303925,19.48250008,21.10181046,23.10849953,57.02360916,43.23625946,2.0625,0.0558560371
0.1407641053,0.1359720945,0.1055948973,0.108267796,0.1050354958,0.0300911188,0.5570483208,0.027434978486111112,2.012412071,-0.046539791,0.935147524,-0.093072221,59.90756989,213.3000946,998.1762085,20.41222,20.12315941,19.48522949,21.08758926,23.07221985,57.04576874,43.21443939,2.244999886,0.055856049100000006
0.14099019770000001,0.13625379799999998,0.1055233002,0.1081099987,0.1050145984,0.0304487705,0.5727838993,0.027429680294444446,2.013648987,-0.215938807,0.932094812,-0.090108559,59.90756989,211.639801,998.1757813,20.41231918,20.12328911,19.48796082,21.07336998,23.03594017,57.06792831,43.19261169,2.482500076,0.055856061
0.1412163973,0.1363401055,0.1057260036,0.1080600977,0.1049936056,0.030527809299999997,0.4676414013,0.027424384222222223,2.014887094,-0.155379593,0.929041982,-0.02203715,59.90756989,214.5399017,998.1754761,20.41242027,20.12340927,19.49069023,21.05913925,22.99964905,57.09009171,43.17079163,2.387500048,0.055856061
0.1412899017,0.13638319969999999,0.10561870339999999,0.10807369950000001,0.10497269629999999,0.030671739599999998,0.4232954979,0.027436966366666666,2.01612401,-0.115801498,0.925989211,-0.01947652,59.90756989,220.5023956,998.1751099,20.41250992,20.12352943,19.49341965,21.0449295,22.96336937,57.11225128,43.14896011,2.362499952,0.0558560729
0.1413126945,0.13642630579999998,0.10570210220000001,0.1080873966,0.10495170350000001,0.0306401789,0.4468988895,0.027455512152777778,2.017362118,-0.171592295,0.92293638,-0.045445211,65.80460358,225.1692963,998.1746826,20.4126091,20.12365913,19.49613953,21.03070068,22.92708015,57.13441086,43.12714005,2.174999952,0.055856078899999995
0.1413354039,0.1364693999,0.10560679440000001,0.10810099840000001,0.10496439930000001,0.030795040699999998,0.5177093029,0.02746114095,2.012501001,-0.228694394,0.919883728,-0.062783644,67.77027893,225.4848938,998.1743774,20.41271019,20.1237793,19.49887085,21.01649094,22.89080048,57.15657043,43.14128876,2.095000029,0.055856078899999995
0.1414396048,0.1365124941,0.1057379007,0.1081146955,0.1049885035,0.0306952894,0.6006789207,0.027490281,2.00560689,-0.243238196,0.916830897,-0.09486796,67.77027893,218.601593,998.1740112,20.41280937,20.1239109,19.50160027,21.00226021,22.8545208,57.17873001,43.16743088,2.05250001,0.0558560908
0.1414402962,0.1364259005,0.10580639839999999,0.10812840459999999,0.10501259570000002,0.0307584405,0.6557536125000001,0.027648898230555555,1.998713017,-0.246099204,0.913778126,-0.072357267,67.77027893,212.9295044,998.173584,20.41291046,20.12402916,19.50432968,20.98804092,22.81822968,57.20088959,43.19358063,2.295000076,0.0558561027
0.1413975,0.1364832997,0.10581840280000002,0.10821490289999999,0.10503669980000001,0.0306105405,0.5620551109,0.027792945444444443,1.991819024,-0.190308496,0.910725415,-0.065863088,67.77027893,212.7201996,998.1732788,20.41300011,20.12416077,19.5070591,20.98448944,22.78195,57.20077133,43.21973038,2.237499952,0.0558561087
0.1413936973,0.1363891006,0.1058302999,0.1083256006,0.1050608993,0.0306380689,0.5334447861,0.027842277944444445,1.984925032,0.295238405,0.90869832,-0.016813491,61.66059113,222.7525024,998.1729126,20.41309929,20.12428093,19.50978088,20.98448944,22.74566078,57.19321823,43.24586868,2.130000114,0.0558561087
0.1414029002,0.1364397049,0.1058421969,0.10843640569999999,0.10509630439999999,0.0305267811,0.5119872093,0.027838306416666667,1.984171987,-0.021982331,0.907013118,-0.02850825,59.62403107,230.6257019,998.1724854,20.41320038,20.12439919,19.5125103,20.98448944,22.7093792,57.18568039,43.2720108,2.380000114,0.0558561325
0.1414121032,0.1354462028,0.1060956001,0.10825949909999999,0.1051355004,0.0303384811,0.5942417145000001,0.027817111555555555,1.985466003,0.805700421,0.905327976,-0.00950275,59.62403107,233.7185974,998.1721802,20.41329956,20.12453079,19.51523972,20.98302078,22.69379997,57.1781311,43.29816055,2.349999905,0.0558561325
0.1412374973,0.13590199949999998,0.10589289669999999,0.10840950009999999,0.10517469639999999,0.0295533508,0.5212855816,0.027814138194444445,1.98676002,0.098420873,0.903642774,-0.043549221,59.62403107,235.7830963,998.171814,20.41340065,20.12464905,19.51796913,20.98105049,22.68512917,57.17058182,43.3243103,2.234999895,0.0558561385
0.14145770070000002,0.1363157988,0.10606570239999999,0.108513999,0.1052139044,0.0298363388,0.637157011,0.027797249694444446,1.992259979,-0.246099204,0.901957691,-0.01451641,59.62403107,235.2091064,998.1713867,20.4134903,20.12478065,19.52070045,20.97908974,22.67645073,57.16304016,43.30815125,2.1875,0.0558561385
0.1412775993,0.1363656998,0.10597629550000001,0.1085562944,0.10525300500000001,0.0303395003,0.5069804192,0.027773412069444448,1.999161005,-0.189712301,0.900272489,-0.064317897,67.87461853,236.2124023,998.1710815,20.41358948,20.12490082,19.52342033,20.97713089,22.66777992,57.15549088,43.27788925,2.127500057,0.0558561623
0.1413301945,0.1363664031,0.10597330330000002,0.1085986018,0.105292201,0.0304042906,0.515563488,0.027749565972222223,2.006062031,0.066114649,0.898587286,-0.048654079,70.62481689,232.2259979,998.1707153,20.41369057,20.12503052,19.52614975,20.9751606,22.65909958,57.14794922,43.24763107,2.132499933,0.0558561623
0.1415217996,0.1365035057,0.10604879860000001,0.1084682941,0.10533139709999999,0.030345410099999998,0.5127025127,0.027725721994444445,2.01296401,0.1451516,0.896902204,0.083067179,70.62481689,239.511795,998.1702881,20.41378975,20.12515068,19.52887917,20.97319984,22.65043068,57.14039993,43.21736908,2.065000057,0.055856168299999995
0.1415696979,0.1366860032,0.1061243057,0.10847300289999999,0.10537060499999999,0.0304049611,0.5556178092999999,0.027720756530555554,2.019865036,-0.106622197,0.895217001,0.030712919,70.62481689,247.2151947,998.1699219,20.41389084,20.12528038,19.53161049,20.97123909,22.64175034,57.14741898,43.1871109,2.279999971,0.055856168299999995
0.1416795969,0.1367491961,0.106199801,0.10854190589999999,0.1054141045,0.030503991200000004,0.5749297141999999,0.027699231041666664,2.019352913,-0.196984202,0.893531919,0.02892294,70.62481689,247.2420044,998.1696167,20.41398048,20.12540054,19.5343399,20.96927071,22.63307953,57.15930176,43.15684891,2.150000095,0.0558561921
0.141724205,0.1367725968,0.10627529620000001,0.1086107969,0.105459094,0.0305371314,0.6314350128,0.027682011922222225,2.016371012,-0.233105198,0.893131971,-0.04119001,58.87012863,240.7783966,998.1691895,20.41407967,20.12553024,19.53706932,20.96730995,22.62439919,57.17118073,43.12659073,2.109999895,0.0558561921
0.1417348981,0.1367959976,0.1063508034,0.1086796999,0.1055040956,0.0305482894,0.5577635765,0.027682673136111113,2.013387918,0.411826789,0.893160582,-0.071421862,54.95190048,232.8565979,998.1688232,20.41418076,20.12565041,19.5397892,20.9653492,22.61573029,57.18305969,43.09634018,2.075000048,0.0558561981
0.1417454958,0.1369863987,0.1062445045,0.1087486982,0.1055490971,0.0305594593,0.5205702782,0.02766909705277778,2.010406017,0.022244969,0.893189311,-0.018159401,54.95190048,232.6085052,998.1685181,20.41427994,20.12578011,19.54252052,20.96338081,22.60704994,57.19493866,43.11312103,2.375,0.0558561981
0.1419402957,0.1372323036,0.10639950039999999,0.1087643981,0.10559409859999999,0.030570629199999998,0.647170496,0.027649226719444444,2.004985094,-0.229886502,0.893217921,0.022318579,54.95190048,241.2980042,998.1680908,20.41437912,20.12590027,19.54524994,20.96142006,22.59837914,57.20682907,43.14558029,2.172499895,0.0558562219
0.14219640490000002,0.1374783039,0.10619679689999999,0.1087623,0.10563900470000001,0.031007608800000003,0.5270074844,0.027622405158333332,1.998751998,-0.007080965,0.900112987,-0.0170951,65.81053162,245.5610962,998.1677246,20.41447067,20.12602997,19.59299088,20.9594593,22.5897007,57.21870041,43.17803955,1.995000005,0.0558562219
0.142574203,0.1378736019,0.1063040972,0.1087602973,0.1056839943,0.031165689200000003,0.457627821,0.02760717603888889,1.992519021,-0.116516702,0.913459897,-0.028284591,69.4300766,241.6542969,998.1674194,20.41456985,20.12615013,19.61047935,20.95749092,22.58102989,57.23059082,43.21051025,1.985000014,0.0558562279
0.1429926038,0.13831859829999998,0.1062266946,0.1087581992,0.10572899579999999,0.0316592902,0.5599092960000001,0.027588628133333334,1.986286044,-0.199964598,0.928194284,-0.081400409,69.4300766,231.5821991,998.1669922,20.41467094,20.12627029,19.61289024,20.95553017,22.57234955,57.24246979,43.24296951,2.342499971,0.0558562279
0.1434110045,0.1387635946,0.10653660300000001,0.10875619649999999,0.1057739973,0.0317253709,0.5806518078,0.02756743325,1.980052948,0.79068011,0.932564676,-0.024899431,69.4300766,222.7129974,998.166626,20.41477013,20.12639999,19.61529922,20.95356941,22.56368065,57.25434113,43.27544022,2.11500001,0.055856251700000005
0.1435907006,0.1386819005,0.1068166971,0.10875409840000001,0.10581899880000001,0.0319266498,0.6550384045000001,0.027551210191666668,1.978296995,0.1235746,0.926549315,0.04626647,69.4300766,226.9662018,998.1663208,20.41486931,20.12652016,19.61771965,20.95159912,22.55500031,57.26623154,43.30789948,2.0,0.055856251700000005
0.1433722973,0.1384245038,0.1068763018,0.1089717984,0.10586400030000001,0.031852519499999996,0.6600450993,0.02754657321388889,1.978032947,0.396567911,0.918223619,-0.01336005,71.22193909,233.7700043,998.1658936,20.41496086,20.12664986,19.62013054,20.94964027,22.5463295,57.2781105,43.34035873,1.970000029,0.0558562577
0.143047595,0.1381669998,0.10688430069999999,0.10926280020000001,0.10596020219999999,0.0314832091,0.5649160862,0.027532335916666668,1.977769017,0.171616495,0.909897923,0.057265218,71.81922913,236.3153992,998.1655273,20.41506004,20.12677002,19.62254906,20.94767952,22.53764915,57.28998947,43.37282181,2.252500057,0.055856269599999994
0.14284559489999998,0.1379096985,0.10689220429999999,0.10936249490000001,0.1060734987,0.031220260300000004,0.5130600929,0.027532666525000003,1.984753013,0.081135273,0.901572227,-0.008107957,71.81922913,237.6119995,998.1652222,20.41515923,20.12689972,19.62495995,20.94570923,22.52898026,57.30186844,43.35445023,2.087500095,0.05585628150000001
0.1428815007,0.1377377987,0.10714449880000002,0.1093986034,0.1061866999,0.0307549804,0.4830193996,0.027798582722222222,1.994153023,0.035477411,0.895606875,-0.033349499,71.81922913,234.8786011,998.1647949,20.41526031,20.12701988,19.62737083,20.94375038,22.52029991,57.31375122,43.31914139,1.992499948,0.05585628150000001
0.1427204967,0.1375944018,0.10719820259999999,0.10943460460000001,0.10629999640000001,0.0305346012,0.5549026012,0.02799494425,2.003554106,-0.01697547,0.890428424,-0.042129971,71.81922913,232.7733002,998.1644287,20.4153595,20.12714958,19.62977982,20.94178963,22.5116291,57.27465057,43.28382874,2.335000038,0.055856287500000004
0.1424720049,0.13745089770000002,0.1071585059,0.1095621943,0.1064133048,0.0304243207,0.4719327927,0.02805686102777778,2.012953997,0.058365948,0.885249794,-0.01146354,72.36676025,237.5428009,998.1641235,20.41544914,20.12726974,19.63220024,20.93981934,22.52461052,57.21855927,43.2485199,2.315000057,0.0558562994
0.14248609539999998,0.13758699889999998,0.10711870189999999,0.109720397,0.1065266013,0.0303140491,0.47622442249999997,0.028058526777777777,2.016249895,-0.161936194,0.881943524,0.0,72.54927063,242.5574036,998.1635742,20.41555023,20.12739944,19.63460922,20.93786049,22.54480934,57.16247177,43.21319962,2.292500019,0.0558563113
0.14258760210000002,0.1375898004,0.1072697043,0.10970280169999999,0.10663989780000001,0.030203768600000003,0.47693958280000004,0.028023416722222222,2.017509937,-0.246337697,0.879261315,-0.080742151,72.54927063,239.3085938,998.1633301,20.41564941,20.12751961,19.63702011,20.93589973,22.56501007,57.10638046,43.17789078,2.457499981,0.0558563113
0.1425400972,0.1375170946,0.10748430490000001,0.1098016024,0.1067531943,0.030093500000000002,0.5434585094,0.027989639694444443,2.018770933,-0.074077599,0.876578987,0.007853226,72.54927063,231.9877014,998.1629028,20.4157505,20.12764931,19.63944054,20.93392944,22.5852108,57.12548065,43.14257813,2.315000057,0.0558563173
0.1424429059,0.1374444008,0.10769890550000001,0.109958899,0.1068387032,0.029824850000000003,0.5584787846,0.027759499019444446,2.020031929,-0.186016798,0.873896778,-0.021807021,57.85903931,232.703598,998.1624756,20.41584969,20.12776947,19.73415947,20.9319706,22.60540009,57.16963959,43.10726929,2.167500019,0.0558563292
0.14234570259999998,0.137371695,0.1077226996,0.1101161003,0.1069151044,0.0297206193,0.489098978,0.02756313111944444,2.015696049,-0.246099204,0.871214509,0.01023293,52.96229172,236.2675018,998.1621704,20.41595078,20.12788963,19.76552963,20.93000984,22.62560081,57.21379089,43.11798096,2.109999895,0.0558563411
0.142248404,0.1372990012,0.10768300289999999,0.1101827025,0.1069913983,0.029688790399999998,0.5570484161,0.027480678558333332,2.00949502,0.142886594,0.868532181,-0.01466223,52.96229172,238.177597,998.1618042,20.41604042,20.12801933,19.76552963,20.92803955,22.64579964,57.25794983,43.14403915,2.025000095,0.0558563411
0.14215120080000002,0.1373649955,0.107643199,0.1102190971,0.1070677042,0.0296569705,0.499112606,0.027430013022222224,2.003293991,-0.112582803,0.865849972,-0.007261295,52.96229172,237.1952972,998.161377,20.4161396,20.1281395,19.76552963,20.9260807,22.66600037,57.30210876,43.17008972,2.224999905,0.0558563471
0.14224159720000001,0.1374773026,0.1077406049,0.110255599,0.1071441054,0.0296251386,0.5556178092999999,0.027409812080555554,1.997092962,-0.2178462,0.863167822,-0.03607313,52.96229172,235.4326935,998.1610718,20.41624069,20.1282692,19.76552963,20.92411995,22.68619919,57.34627151,43.19615173,2.352499962,0.055856359
0.142394495,0.1375895977,0.1078837037,0.1102920055,0.10722039940000001,0.029593309800000002,0.509126091,0.02739077250277778,1.990892053,-0.03056553,0.860842586,-0.084170617,54.19132996,229.3226013,998.1607056,20.41633987,20.12838936,19.57729912,20.92214966,22.70639992,57.39043045,43.22220993,2.38499999,0.055856359
0.1425474048,0.1377017975,0.1080266953,0.1103284001,0.10729670520000001,0.0295614898,0.4733633995,0.027368916405555554,1.984691024,-0.178148896,0.858636379,-0.024048749,54.60100937,224.2628021,998.1602783,20.41643906,20.12851906,19.5145607,20.92019081,22.7265892,57.43458939,43.24826813,2.059999943,0.055856370899999994
0.1427003026,0.1379590034,0.1080356956,0.11036139730000001,0.1073730946,0.029743450900000003,0.4118514061,0.027361132302777775,1.984531999,-0.247172102,0.856430173,-0.028939201,54.60100937,227.8018036,998.1599731,20.41653061,20.12863922,19.5145607,20.91823006,22.74678993,57.47874069,43.2743187,2.047499895,0.05585638280000001
0.1430142045,0.1382645011,0.10799989699999998,0.11039340499999999,0.10744940039999999,0.029996681200000003,0.3689359903,0.027358044519444447,1.986385942,-0.247013196,0.854224026,-0.0096464,54.60100937,230.237793,998.1596069,20.41662979,20.12877083,19.5145607,20.91625977,22.76699066,57.52289963,43.30038071,2.387500048,0.055856388800000004
0.14338170290000002,0.1385699034,0.1080446005,0.11042530539999999,0.1075256944,0.030249908599999997,0.457627821,0.02735495461388889,1.988240957,-0.246854201,0.85201782,0.05802111,54.60100937,235.6208954,998.1591797,20.41673088,20.12888908,19.5145607,20.91430092,22.78718948,57.56705856,43.3264389,2.174999952,0.055856388800000004
0.1434355021,0.138698101,0.10811610220000001,0.1105900049,0.10757590530000001,0.030503138899999997,0.5101991177,0.027342260150000002,1.990095019,-0.106264599,0.849811614,0.01934037,69.47930145,242.3966064,998.1588745,20.41683006,20.12900925,19.4910202,20.91234016,22.80739021,57.61122131,43.35248947,2.204999924,0.055856400699999996
0.1437047005,0.13915230039999998,0.1079552054,0.1107990026,0.1076174021,0.0307563692,0.537378788,0.02733431286388889,1.991950035,-0.187089697,0.847605288,-0.02488037,74.43872833,242.0948029,998.1585083,20.41692924,20.12914085,19.48579025,20.91036987,22.82759094,57.65538025,43.34384155,2.279999971,0.0558564126
0.14426339859999998,0.1397349,0.10798499580000001,0.1106209993,0.1076589942,0.031167239000000003,0.49696679120000004,0.02733596589722222,1.993803978,0.032497149,0.845399082,0.018265869,74.43872833,239.4337006,998.1580811,20.4170208,20.12925911,19.4892807,20.90840912,22.84778976,57.69953918,43.32361984,2.087500095,0.0558564186
0.1446585059,0.140079999,0.1081042051,0.11062090399999999,0.1077005029,0.0316306591,0.515563488,0.027327026791666667,1.997102976,0.685654819,0.843192875,0.00885311,74.43872833,236.7727966,998.1577759,20.41711998,20.12939072,19.49276924,20.90645027,22.86799049,57.74369049,43.30339813,2.170000076,0.0558564186
0.1449787974,0.1403458953,0.1084380031,0.11072289939999999,0.1077419996,0.031638971,0.5055500031,0.027322722541666667,2.000883102,0.637493491,0.842263222,0.019023171,74.43872833,235.2911987,998.1574097,20.41721916,20.12951088,19.49625015,20.90447998,22.88817978,57.78784943,43.28318024,2.212500095,0.0558564305
0.14505749939999998,0.1403563023,0.1086107969,0.1108250022,0.1077834964,0.0317340404,0.5177093029,0.027359150780555556,2.004663944,-0.036526121,0.841759026,-0.04036729,60.98155975,234.2026978,998.1569824,20.41732025,20.12964058,19.4997406,20.90251923,22.90838051,57.83200836,43.2629509,2.359999895,0.055856442500000006
0.1450556993,0.14028160569999998,0.10870620010000001,0.1109433055,0.1078250051,0.0316500992,0.498397398,0.027475708855555555,2.008444071,-0.244191796,0.841254711,-0.104289196,56.49583054,228.5682983,998.1566162,20.41741943,20.12976074,19.50322914,20.90056038,22.92857933,57.83897018,43.24272919,2.102499962,0.0558564484
0.1450538993,0.1402068019,0.1088016033,0.1110671043,0.10786650179999999,0.0314799994,0.5284380913,0.027551210191666668,2.012223959,-0.230840206,0.840750515,0.01133125,56.49583054,225.1148071,998.156311,20.41750908,20.12989044,19.50671005,20.89859009,22.94878006,57.83353043,43.22251129,2.202500105,0.0558564484
0.14505219460000002,0.1401321054,0.10889699459999999,0.1111909032,0.1079079986,0.031309890699999995,0.48766851429999997,0.027577699025,2.016004086,-0.241807595,0.840246081,-0.017722409,56.49583054,227.2994995,998.1558838,20.41761017,20.1300106,19.5102005,20.89662933,22.96898079,57.82807922,43.20228958,2.247499943,0.0558564603
0.1449730992,0.1399453044,0.1089923978,0.111314702,0.10804359910000001,0.031139791,0.4912447929,0.027601871491666666,2.019784927,-0.248006597,0.839741886,0.098873213,58.3490715,232.3585968,998.1555176,20.41770935,20.1301403,19.5136795,20.89467049,22.98917961,57.82263947,43.18206024,2.119999886,0.0558564723
0.14486819509999999,0.1400272012,0.10889099840000001,0.1114385009,0.10812129969999999,0.0311174899,0.5370212078,0.027645253075,2.023565054,0.076843627,0.839237571,0.01321081,58.96681976,237.8863983,998.1552124,20.41781044,20.13026047,19.51716995,20.8927002,23.00938034,57.81719971,43.16183853,2.102499962,0.055856478200000004
0.1448837996,0.1402111053,0.108929801,0.1114027023,0.10816930529999999,0.031144461000000002,0.5198550224,0.027666943866666665,2.020607948,0.222757995,0.838733375,-0.03467213,58.96681976,235.6121979,998.1547852,20.41790962,20.13039017,19.5206604,20.89073944,23.02957916,57.81175995,43.14162064,2.132499933,0.055856478200000004
0.1449393988,0.1402448058,0.1090371013,0.11131379599999999,0.10821729899999999,0.0311714292,0.5677772045,0.027679528130555554,2.01540494,0.171974197,0.83741492,-0.008976148,58.96681976,234.6197968,998.1544189,20.41799927,20.13051033,19.5241394,20.88878059,23.04977036,57.80632019,43.12139893,2.380000114,0.0558564901
0.14499510529999998,0.14022849799999998,0.1090371013,0.1114792943,0.10826530459999999,0.0311984003,0.542027998,0.027656843397222224,2.010201931,0.057889111,0.835824907,0.053221989,58.96681976,242.0507965,998.1541138,20.41810036,20.13063049,19.52762985,20.8868103,23.06996918,57.80088043,43.12976074,2.377500057,0.055856502100000004
0.1450507998,0.1403609991,0.1090013027,0.1115368009,0.10831329819999999,0.0312253714,0.499112606,0.027633334266666667,2.005000114,-0.175883904,0.834235013,0.076446652,66.07640076,251.8582001,998.1536865,20.41819954,20.13076019,19.53111076,20.88484955,23.09016991,57.79544067,43.1476593,2.162499905,0.055856508000000006
0.1451378942,0.1405431986,0.1090324998,0.11153000589999999,0.10836139920000001,0.0313508213,0.5649160862,0.027632342444444444,1.999796987,-0.229528904,0.832644999,0.083758652,68.44625854,259.7626953,998.1533203,20.41830063,20.13088036,19.5345993,20.95051956,23.11037064,57.79000092,43.16555023,2.002500057,0.055856508000000006
0.14523550270000002,0.14063769580000002,0.10908620360000001,0.1115231037,0.10840940480000001,0.0315091014,0.4976820946,0.027624725766666667,1.994593978,-0.091124803,0.831054986,0.124395996,68.44625854,262.2695923,998.1530151,20.41839981,20.13101006,19.53808975,20.9817009,23.13056946,57.78454971,43.18344879,2.32249999,0.0558565199
0.1455014944,0.1409325957,0.10913980009999999,0.1115162969,0.10845739839999999,0.0314903587,0.4561973095,0.027636644574999997,1.989390969,-0.112701997,0.82946521,0.130436197,68.44625854,263.1885986,998.1525879,20.41848946,20.13113022,19.54157066,20.99389076,23.15077019,57.77910995,43.20133972,2.484999895,0.05585653189999999
0.14582370520000001,0.1411283016,0.1091935039,0.1115095019,0.108505404,0.0317316502,0.4654955864,0.027692277697222222,1.984189034,-0.200918198,0.827875197,0.206216097,68.44625854,267.9789124,998.1522217,20.41859055,20.13125992,19.5450592,21.00606918,23.17097092,57.7736702,43.21923828,2.289999962,0.055856537799999995
0.1458650947,0.1409361959,0.10947519539999999,0.1116333008,0.10855339770000001,0.0316531897,0.45047521589999995,0.02775982962777778,1.984073043,-0.05917621,0.826285183,0.1033682,75.89012146,268.5397949,998.1519165,20.41868973,20.13138008,19.42828941,21.01824951,23.1911602,57.76823044,43.23712921,2.144999981,0.055856537799999995
0.14564930199999998,0.1406344056,0.10959140060000001,0.1118006945,0.1086014032,0.0313448608,0.42472600939999994,0.027825389444444446,1.985653043,-0.185897604,0.824695289,0.09997718,78.37140656,263.7296143,998.1514893,20.41879082,20.13150978,19.38907051,21.03042984,23.21136093,57.76279068,43.25503159,1.992499948,0.055856561699999994
0.1453789949,0.1405969977,0.1096271992,0.1119681001,0.1086493969,0.031007268999999997,0.5169939995,0.02789775,1.987233043,-0.246158898,0.823105276,0.02829155,78.37140656,256.4060974,998.151123,20.41889,20.13162994,19.38907051,21.04261017,23.23155975,57.75735092,43.27293015,2.227499962,0.055856561699999994
0.14520009760000002,0.1403440952,0.10966290240000001,0.1120318055,0.1087077975,0.0309788287,0.5520414829,0.027972583777777775,1.988813043,-0.245920405,0.821515381,0.04771461,78.37140656,248.637207,998.1508179,20.41897964,20.13175964,19.38907051,21.0547905,23.25982094,57.69475174,43.29082108,2.36500001,0.0558565676
0.1450518012,0.1402233005,0.1096987009,0.1120609999,0.1087697983,0.030660399799999998,0.5270075798,0.0280658065,1.990393043,-0.214031398,0.819925427,0.01590487,78.37140656,244.5558014,998.1503296,20.41908073,20.13187981,19.38907051,21.06697083,23.29076004,57.61309052,43.30871964,2.36500001,0.0558565676
0.14507240059999998,0.1401803017,0.10983279939999999,0.11209019419999999,0.10883170369999999,0.0303804189,0.5398820877,0.028149250888888887,1.993114948,-0.112940401,0.818335474,0.026865261,69.18212891,241.703598,998.1500244,20.41917992,20.13200951,19.62434959,21.07914925,23.32169914,57.53144073,43.30311966,2.194999933,0.0558565915
0.1449354053,0.14013730289999998,0.10988789800000001,0.1121194005,0.10889359709999999,0.0304293513,0.45476679799999997,0.028227416138888888,1.996217966,-0.201156601,0.816745579,0.089418307,66.11903381,245.0198059,998.1495972,20.4192791,20.13212967,19.70277977,21.09132957,23.35264969,57.44977951,43.28968048,2.305000067,0.0558565915
0.1449535012,0.1402263045,0.10990580320000001,0.1123074055,0.1089555025,0.0303050697,0.48409218789999997,0.028292639,1.999320984,-0.01316072,0.815980613,0.099042922,66.11903381,252.4167023,998.1491699,20.41938019,20.13224983,19.70277977,21.1035099,23.3835907,57.36812973,43.27626038,2.089999914,0.0558565974
0.1450471044,0.1403592944,0.1099236965,0.1121391058,0.109017396,0.030285888900000002,0.4204345226,0.028368473055555555,2.002424002,-0.119377799,0.815490723,0.088054419,66.11903381,256.2802124,998.1489258,20.41946983,20.13237953,19.70277977,21.11569023,23.4145298,57.28647995,43.26282883,2.059999943,0.0558565974
0.1451406956,0.1404922962,0.10994149449999999,0.1121716022,0.10903290510000001,0.0303310812,0.45154809949999997,0.02844180636111111,2.00552702,-0.217607796,0.815000713,0.133699805,57.29711151,255.4701996,998.1484985,20.41957092,20.13249969,19.70749092,21.12787056,23.44547081,57.20481873,43.24938965,2.140000105,0.0558566213
0.1452342987,0.1403645039,0.11010689739999999,0.1123165011,0.10903290510000001,0.0303762704,0.5302262783,0.0285126665,2.008629084,-0.242642105,0.814510822,-0.008171839,54.3564682,250.0408936,998.1480713,20.4196701,20.13261986,19.71376038,21.14005089,23.47641945,57.12316895,43.2359581,2.137500048,0.0558566213
0.1451118946,0.1404567957,0.10998179910000001,0.1124614,0.1091601968,0.030421459699999997,0.5370212078,0.02856616761111111,2.011732101,-0.095535614,0.814020813,0.02532595,54.3564682,240.9414063,998.1478271,20.41976929,20.13273048,19.72003937,21.15222931,23.50736046,57.04151154,43.22253036,2.017499924,0.055856627199999995
0.1451856971,0.1406514049,0.1099221945,0.1126063943,0.1092051029,0.03046664,0.5520414829,0.02863669502777778,2.009458065,0.143721104,0.813530922,0.05200424,54.3564682,237.6764984,998.1473999,20.41987038,20.13285065,19.72631073,21.16440964,23.53829956,56.95986176,43.20909882,2.204999924,0.055856627199999995
0.1453490019,0.1408460021,0.1099221945,0.11259200570000001,0.1092082977,0.0306438595,0.5048346996,0.028714860277777778,2.005390882,0.729882121,0.813040912,0.049279612,54.3564682,241.8182068,998.1469727,20.41996002,20.13297081,19.73258972,21.17658997,23.56924057,56.87820053,43.19567108,2.227499962,0.0558566511
0.1457098007,0.14104059929999999,0.1102082968,0.1125244975,0.10921150449999999,0.030567601300000004,0.4740787029,0.028769166722222225,2.001323938,0.568112612,0.812551022,-0.030275401,74.80312347,241.5605927,998.1467285,20.4200592,20.13308907,19.56945992,21.18877029,23.60018921,56.79655075,43.20495987,2.037499905,0.0558566511
0.145776403,0.1409626007,0.1103528976,0.1124570966,0.10921469930000001,0.0306665391,0.5363059044,0.028800610444444444,1.997256994,-0.067163348,0.824487925,0.035426829,81.61865997,237.3567047,998.1463013,20.42016029,20.13320923,19.5145607,21.20095062,23.63113022,56.71488953,43.22182083,2.309999943,0.055856657
0.14572310449999998,0.14006700519999998,0.11041840309999999,0.1125936985,0.1092178941,0.0306052208,0.4705023766,0.02880225075,1.99319005,0.116779402,0.85071671,0.035773579,81.61865997,237.1752014,998.145874,20.42025948,20.13331985,19.5145607,21.21313095,23.66206932,56.6711998,43.23867035,2.232500076,0.055856657
0.1454758048,0.1402642012,0.110484004,0.11279820199999999,0.1093410969,0.0296083599,0.5291532993,0.028575110972222224,1.98912394,-0.031996079,0.876251698,0.0627224,81.61865997,243.6152954,998.1456299,20.42036057,20.13344002,19.5145607,21.22530937,23.69301033,56.64015961,43.25553894,2.07249999,0.055856668899999996
0.1453151941,0.1403499007,0.11054949759999999,0.1130028009,0.1094041944,0.029716140000000002,0.5338025093,0.028413499194444445,1.985056996,-0.212600902,0.885686219,0.018768489,81.61865997,249.3110046,998.1452026,20.42045021,20.13356018,19.5145607,21.2374897,23.72396088,56.60911942,43.2723999,2.272500038,0.0558566809
0.1452051997,0.1402500987,0.1104853988,0.1129299998,0.10943399670000001,0.0299752414,0.5009006977,0.028371777,1.985092044,0.015926771,0.878726602,0.035586599,67.4453125,248.8856049,998.1447754,20.42054939,20.13368034,19.46750069,21.24967003,23.75489998,56.57807159,43.28924942,2.140000105,0.055856692799999996
0.145095098,0.1402809978,0.1103780985,0.1128869057,0.10946370359999999,0.029983589100000003,0.5270075798,0.028412193722222222,1.986495018,-0.151326403,0.88015002,0.01429921,62.72085953,244.7160034,998.1444702,20.42065048,20.13378906,19.45181084,21.26185036,23.78583908,56.5470314,43.30611038,2.182499886,0.055856692799999996
0.1450695992,0.14035530089999998,0.1103780985,0.11288449760000001,0.109493506,0.0299429715,0.6071162224,0.02843602711111111,1.987897038,-0.109244898,0.896586716,-0.029900249,62.72085953,239.8883972,998.144104,20.42074966,20.13390923,19.45181084,21.27403069,23.81678009,56.51599121,43.32297897,2.317500114,0.05585669880000001
0.1450723052,0.14035979510000002,0.110413897,0.11288219690000001,0.10952320099999999,0.0299398601,0.612838316,0.028435026805555555,1.989300013,-0.007677005,0.912057877,-0.092671983,62.72085953,233.5431061,998.1436768,20.42085075,20.13402939,19.45181084,21.28620911,23.84773064,56.48495102,43.33983994,2.372499943,0.0558567107
0.145074904,0.1403409004,0.11031559710000001,0.11287989620000001,0.1095530033,0.0299492508,0.5405973911,0.028423777694444444,1.990702033,-0.179937005,0.925991416,0.017172741,62.72085953,226.6920013,998.1433105,20.4209404,20.13414955,19.45181084,21.29838943,23.87866974,56.45389938,43.35668945,2.267499924,0.0558567226
0.1452471018,0.1412596941,0.11031559710000001,0.1128775954,0.1095828056,0.0299586505,0.4519056797,0.02838766733333333,1.992105007,-0.117351197,0.937264025,-0.026281791,66.57723236,228.7823944,998.1428833,20.42103958,20.13426971,19.61651039,21.31056976,23.90961075,56.42285919,43.37355042,2.140000105,0.0558567286
0.145204103,0.1407224059,0.11036330459999999,0.1127609968,0.1095551014,0.0308844686,0.4898141861,0.02825752683333333,1.993507981,-0.189235598,0.94127661,-0.0822291,67.86269379,228.5063019,998.1425781,20.42114067,20.13438034,19.67140961,21.32275009,23.94054985,56.391819,43.3722496,2.3125,0.0558567286
0.1450706005,0.1404842019,0.11005330090000001,0.1129101038,0.1095083952,0.0306690514,0.447614193,0.028103555055555555,1.994910002,-0.218680695,0.937972128,0.034451809,67.86269379,226.4479065,998.1422119,20.42123985,20.1345005,19.67140961,21.33493042,23.9715004,56.39722061,43.36489105,2.237499952,0.0558567405
0.1454053044,0.1409808993,0.1099727988,0.1127169013,0.1094617009,0.0304845303,0.4622768879,0.028022778833333335,1.996090055,-0.239423394,0.926209629,0.01909586,67.86269379,230.4185944,998.1417847,20.42134094,20.13462067,19.67140961,21.34711075,24.0024395,56.41476059,43.35752869,2.257499933,0.0558567524
0.1458961964,0.1413190007,0.11000859739999999,0.11237599849999999,0.1094148993,0.030963298700000003,0.5094838142,0.027986666361111114,1.997195005,-0.247291297,0.912204623,-0.041722521,61.84466171,232.6296997,998.1414795,20.42143059,20.13474083,19.66670036,21.35928917,24.03338051,56.43230057,43.35017014,2.242500067,0.0558567584
0.1461439967,0.1415555,0.10983870030000001,0.1124099016,0.1093682051,0.031390059,0.4976820946,0.02796350055555556,1.998299003,-0.247291297,0.901150227,-0.034768771,59.83864975,229.8459015,998.1411133,20.42152977,20.13485909,19.66043091,21.3714695,24.06431961,56.44984818,43.34281158,2.387500048,0.0558567584
0.1465129972,0.1417919993,0.1097970009,0.112343204,0.1093214035,0.0317447692,0.5606245995,0.027938306583333333,1.999403954,-0.247291297,0.891079187,-0.006953754,59.83864975,225.8159027,998.140686,20.42163086,20.13496971,19.65415955,21.38364983,24.07625961,56.46738815,43.33544922,2.117500067,0.055856770300000004
0.1469495058,0.1420286059,0.1098209023,0.11220140460000001,0.10927469729999999,0.0319848001,0.5498958111000001,0.02791183261111111,2.000509024,-0.231197804,0.883676171,-0.077817976,59.83864975,221.7859955,998.1403809,20.42173004,20.13508987,19.64788055,21.39583015,24.08186913,56.48493958,43.32809067,2.178750038,0.055856782199999996
0.1470672965,0.1421017051,0.10984469649999999,0.11222800020000001,0.10922800299999999,0.0321866006,0.5384517193,0.027852556444444447,2.001614094,-0.231555402,0.877162516,-0.001924639,59.83864975,222.4335022,998.1400146,20.42182922,20.13521004,19.64160919,21.40801048,24.0874691,56.50247955,43.32073975,2.403749943,0.05585678819999999
0.1470788956,0.1421203017,0.1099221945,0.1123106956,0.10918120149999999,0.0320814013,0.5148481846,0.027797249694444446,2.002718925,-0.01459124,0.870648801,0.008004895,63.19575882,229.272995,998.1395874,20.42192078,20.1353302,19.53383064,21.42019081,24.09306908,56.52001953,43.31336975,2.137500048,0.05585678819999999
0.1470904946,0.1421388984,0.1100175977,0.11222579479999999,0.1091344953,0.0321236104,0.5531144142,0.027766782972222223,2.003823996,0.164225399,0.866633177,0.0,64.31479645,237.6567993,998.1392822,20.42201996,20.13544083,19.49843025,21.43236923,24.0986805,56.53755951,43.30601883,2.089999914,0.055856800100000006
0.1469503045,0.14191119670000002,0.11011300090000001,0.11229209899999999,0.1090877056,0.032043850400000004,0.6146264076,0.0277508884,2.004929066,0.04859063,0.863450289,0.0,64.31479645,239.2256012,998.138916,20.42211914,20.13555908,19.49843025,21.44454956,24.10428047,56.55511093,43.29866028,2.36500001,0.055856812
0.1464413047,0.14139209989999998,0.110226202,0.1124274015,0.1090409994,0.0316099495,0.6278585911000001,0.027742610508333335,2.006032944,0.241116598,0.860267282,-0.045525681,64.31479645,234.3105927,998.1384888,20.42222023,20.13567924,19.49843025,21.45672989,24.10988045,56.57265091,43.29130173,2.472500086,0.055856817999999996
0.14582630400000002,0.14080319400000002,0.11034539940000002,0.1125627041,0.109029305,0.0310808003,0.5949567795,0.02772605472222222,2.007138014,0.261978507,0.857084394,-0.054205831,64.31479645,227.9915009,998.1381836,20.42231941,20.13579941,19.49843025,21.46891022,24.11548996,56.59019089,43.28393936,2.164999962,0.055856817999999996
0.1452113032,0.1402142048,0.110226202,0.112698102,0.109028101,0.0306203008,0.5177092075,0.027716119555555557,2.008243084,0.234798402,0.856605172,-0.100752003,42.13237,223.5885925,998.1378174,20.42240906,20.13591957,19.34583092,21.48109055,24.12108994,56.60773849,43.27658081,2.202500105,0.0558568299
0.1447767019,0.13985860349999998,0.11002750400000001,0.11261509659999999,0.1090263963,0.0301826894,0.4032682896,0.027709494697222222,2.009347916,0.159456998,0.857027173,-0.077460058,34.73823166,219.8244019,998.1375122,20.42251015,20.1360302,19.29496956,21.49327087,24.12669945,56.62527847,43.26921844,2.392499924,0.0558568418
0.144698298,0.1399513006,0.10982880589999999,0.1124593019,0.10902479890000001,0.030094870899999997,0.3617835045,0.027685983447222222,2.010452986,-0.149895802,0.857449174,-0.088096157,34.73823166,216.0601959,998.137085,20.42260933,20.13615036,19.29496956,21.50546074,24.13229942,56.64281845,43.26185989,2.102499962,0.0558568478
0.1448845983,0.139961803,0.1098505974,0.1123034954,0.1090230942,0.0301236391,0.41399722099999997,0.027661813099999998,2.008606911,0.01330415,0.857871175,-0.000607388,34.73823166,218.5653992,998.1367188,20.42271042,20.13627052,19.29496956,21.51763916,24.1378994,56.66036987,43.25450134,2.154999971,0.0558568478
0.1446516991,0.1396883011,0.10976719859999999,0.1122993946,0.10896879429999999,0.030230349299999997,0.4497600079,0.02765469445,2.005779028,0.127985194,0.858293176,0.00780034,57.92808151,228.7552948,998.1362915,20.4228096,20.13639069,19.43613052,21.52981949,24.14351082,56.67790985,43.24713898,2.05250001,0.0558568597
0.14455169439999999,0.1397135019,0.10962419510000002,0.1123458982,0.10889699459999999,0.0300760001,0.4726480961,0.027652706569444442,2.002949953,-0.1492998,0.858715177,0.060588211,65.65802765,240.8103027,998.1359253,20.42289925,20.13651085,19.48317909,21.53120995,24.14911079,56.69544983,43.24649811,2.277499914,0.0558568716
0.1447468996,0.13986220359999998,0.1095839024,0.11212890149999999,0.1088251948,0.0301161289,0.577075386,0.02765419430277778,2.000121117,-0.099350348,0.859137177,0.082017243,65.65802765,243.8240967,998.1356201,20.42300034,20.13661957,19.48317909,21.52899933,24.15471077,56.71300125,43.24810028,2.377500057,0.0558568776
0.14471479650000002,0.1397549033,0.10957800150000001,0.1120455027,0.1087533951,0.0302529603,0.6679130077,0.02764194064722222,1.997292042,-0.198176295,0.859559178,0.056240339,65.65802765,253.5339966,998.1351929,20.42309952,20.13673973,19.48317909,21.52680016,24.16032028,56.73054123,43.24969864,2.3125,0.0558568776
0.1445848942,0.1395622969,0.1095720053,0.11203600170000001,0.10868150000000001,0.0301605701,0.5670619011,0.027639128366666665,1.994462967,-0.204017699,0.861038029,0.078671269,65.65802765,254.1634979,998.1348267,20.42320061,20.13685989,19.48317909,21.52458954,24.16592026,56.74808884,43.25130081,2.319999933,0.05585688949999999
0.1444550037,0.13954019550000002,0.1095661044,0.1120264053,0.10862389800000001,0.0299917787,0.5270075798,0.027641116247222222,1.991634011,-0.036168471,0.862869084,0.022264499,75.0943985,247.4431,998.1345215,20.42329979,20.13698006,19.48317909,21.52238083,24.17152023,56.76562881,43.25289917,2.42750001,0.055856901400000006
0.14432510140000002,0.139379704,0.1094841003,0.11201679710000001,0.10857089760000001,0.0300651014,0.5162787914,0.027611808777777778,1.991220951,-0.108410403,0.864700198,0.044926051,78.23985291,241.7563019,998.1340942,20.42340088,20.13709068,19.48317909,21.52017975,24.17712975,56.78316879,43.25450897,2.400000095,0.0558569074
0.1441952944,0.1393128991,0.10937680009999999,0.1120072961,0.1085178971,0.030064091100000002,0.5792212009,0.027603861491666666,1.99161303,-0.184586301,0.866531312,-0.03297456,78.23985291,236.7745056,998.133728,20.42349052,20.13721085,19.48317909,21.51796913,24.18272972,56.80070877,43.2560997,2.319999933,0.0558569074
0.1441872954,0.1392079949,0.10938580040000001,0.11193519830000001,0.108465004,0.030011409500000003,0.6314349174,0.027584652372222223,1.992004037,0.296549708,0.869757175,-0.0159833,78.23985291,231.7926941,998.1334229,20.42358971,20.1373291,19.48317909,21.51576996,24.18833923,56.81826019,43.2577095,2.42750001,0.055856919299999995
0.1439903975,0.13907270430000002,0.10920100210000001,0.1118424058,0.10841200349999999,0.0299587309,0.48909912110000003,0.027565614911111112,1.992395997,0.01413858,0.873447895,-0.060083769,78.23985291,226.8108978,998.1329956,20.4236908,20.13744926,19.48317909,21.51355934,24.19393921,56.83580017,43.25931168,2.335000038,0.0558569312
0.1439306974,0.13911830190000002,0.10918010469999999,0.11174949409999999,0.10835900309999999,0.0299531192,0.4790853977,0.027549059125,1.992787957,-0.2012759,0.877138674,-0.020027921,62.12150955,224.7460938,998.1326294,20.42378998,20.13756943,19.50671959,21.51136017,24.19953918,56.85334015,43.26091003,2.222500086,0.0558569372
0.1439422965,0.1389336944,0.1092396975,0.1116565943,0.1083060026,0.0299632013,0.5141328812,0.027549885644444442,1.993180037,-0.239184901,0.880829513,0.0,56.74872971,227.1195984,998.1323242,20.42388916,20.13768005,19.51999092,21.50914955,24.2051506,56.87089157,43.26250839,2.342499971,0.0558569372
0.1437307954,0.13887799979999998,0.10903999810000001,0.1116824031,0.1082384944,0.029973289400000002,0.577075386,0.02753862592777778,1.993571043,-0.245026305,0.884520173,-0.0337139,56.74872971,230.6483002,998.131897,20.42398071,20.13780022,19.52722931,21.50695038,24.21075058,56.88843155,43.26411057,2.390000105,0.0558569491
0.1438454032,0.1391435027,0.108950603,0.11154329780000001,0.1081660986,0.029983368500000003,0.49482111929999995,0.027498558891666667,1.993963003,-0.245820999,0.886456788,-0.07857202,56.74872971,229.8161926,998.1314697,20.4240799,20.13792038,19.5344696,21.50473976,24.19829941,56.90597916,43.26570892,2.32249999,0.055856961000000004
0.1440935969,0.1392995,0.1089267969,0.1113361955,0.1080937028,0.030270510900000002,0.5341600895,0.02746974945,1.994354963,-0.246615797,0.887808681,-0.02244469,56.74872971,225.8330994,998.1312256,20.42417908,20.13804054,19.5417099,21.50254059,24.17983055,56.92351913,43.2673111,2.112499952,0.0558569729
0.14414639469999999,0.1393916965,0.1086526036,0.1112136006,0.1080212951,0.0306500107,0.4726480961,0.02746610641388889,1.994747043,0.086857423,0.889160573,-0.022814739,51.30916977,223.7290955,998.1307983,20.42428017,20.13814926,19.5489502,21.50032997,24.16135979,56.94105911,43.26890945,1.99000001,0.0558569729
0.1443578959,0.1396911979,0.1086526036,0.1111192942,0.1079488993,0.0307354599,0.5298686027999999,0.027458820341666666,1.995138049,-0.122715697,0.890512526,-0.053234391,49.49599075,222.440094,998.1303711,20.42437935,20.13826942,19.55617905,21.4981308,24.14289093,56.95859909,43.27051163,2.075000048,0.0558569789
0.1446442008,0.13981209990000001,0.1086377025,0.11102499960000001,0.1078765035,0.031080290700000002,0.5541872978,0.027442260319444446,1.995530009,-0.241449997,0.890559614,-0.083654039,49.49599075,219.9880066,998.1300049,20.4244709,20.13838959,19.56343079,21.49592018,24.12442017,56.97925186,43.27210999,2.25999999,0.05585699079999999
0.14466550350000001,0.1398506045,0.10857809780000001,0.11099849939999999,0.1078040957,0.031183019299999996,0.49267530439999996,0.027430674236111112,1.995921969,-0.238231301,0.890171707,-0.04449543,49.49599075,218.861496,998.1295776,20.42457008,20.13850975,19.57065964,21.4937191,24.1059494,57.00093079,43.27370834,2.325000048,0.055857002700000005
0.1445986032,0.1397668004,0.10867040160000001,0.1109946012,0.1077316999,0.031165328599999997,0.5713533878,0.027414449055555557,1.996314049,-0.198653206,0.889783919,0.01785594,69.24307251,223.1878052,998.1292725,20.42466927,20.13862991,19.57789993,21.49151039,24.08748055,57.02260971,43.27531052,2.097500086,0.055857002700000005
0.144531703,0.1396422029,0.1085988998,0.1109907985,0.1076593995,0.031147640900000002,0.5441738129,0.027410806019444445,1.996705055,-0.187685698,0.889396071,-0.038956411,75.82543182,226.6074982,998.1289063,20.42477036,20.13874054,19.58514023,21.48930931,24.06901932,57.04428101,43.27690887,2.117500067,0.0558570087
0.14446469550000002,0.13951760529999999,0.10874199870000001,0.1109869003,0.1075870037,0.030888760100000003,0.49947018620000005,0.027431004841666665,1.997097015,0.248507604,0.889008224,-0.01572107,75.82543182,225.636795,998.128479,20.42486954,20.1388607,19.59238052,21.4871006,24.05055046,57.06595993,43.27851105,2.05250001,0.055857020599999994
0.14415630100000001,0.1392629027,0.1085602045,0.11098300219999999,0.10751459599999999,0.0309650302,0.46656842230000006,0.02756876203611111,1.997488976,0.196293205,0.888620377,0.047437251,75.82543182,229.1013947,998.1281738,20.42495918,20.13898087,19.59962082,21.48489952,24.0320797,57.08763885,43.28010941,2.335000038,0.0558570325
0.14405360220000002,0.13932600020000002,0.10823839900000001,0.1109791994,0.10744220019999999,0.031027540599999997,0.4561973095,0.027824083972222222,1.997881055,-0.1485845,0.888232529,0.01580671,75.82543182,234.4384003,998.1278076,20.42506027,20.13909912,19.60685921,21.48269081,24.01361084,57.03512955,43.28171921,2.380000114,0.0558570325
0.1443619967,0.1397196054,0.1080327034,0.11080700160000001,0.10736980439999999,0.0313357711,0.5413125992000001,0.028003889722222224,1.998273015,-0.243178502,0.887844682,0.134334907,74.9879837,239.7754059,998.1273804,20.42515945,20.13921928,19.49102974,21.48048973,23.99514008,56.95787811,43.28332138,2.269999981,0.0558570385
0.1444653988,0.13995200400000002,0.10799100399999999,0.1105788946,0.1072973967,0.031742829099999995,0.5870891094,0.02805422252777778,1.998664021,-0.245324299,0.887456894,0.020395391,74.70883179,242.3583069,998.1270752,20.42526054,20.13932991,19.45181084,21.47827911,23.97666931,56.88063812,43.28491974,2.262500048,0.0558570504
0.1448158979,0.1401072979,0.10799100399999999,0.1104836941,0.1072250009,0.0319519013,0.5477499008,0.028037999472222224,1.999055982,-0.225833297,0.888239682,-0.008127637,74.70883179,241.3430023,998.126709,20.42535973,20.13945007,19.45181084,21.4760704,23.95820045,56.8033905,43.2865181,2.345000029,0.0558570623
0.1449452043,0.1402626038,0.1080446005,0.110432899,0.10715260509999999,0.0320949793,0.5413126945,0.02802508247222222,2.000283003,-0.176241502,0.889412701,0.0,74.70883179,237.7642059,998.1262817,20.42546082,20.13957024,19.45181084,21.47386932,23.93972969,56.79066086,43.28812027,2.339999914,0.0558570623
0.14496190550000002,0.1400346994,0.1082054973,0.1103821039,0.1070801973,0.0320215702,0.6407332897,0.028007193666666666,2.001786947,-0.220588103,0.890585721,0.1073699,74.70883179,237.8536072,998.1259766,20.42555046,20.1396904,19.45181084,21.47166061,23.92126083,56.7994194,43.28971863,2.299999952,0.0558570683
0.1446269989,0.1396792054,0.10821750160000002,0.1104712009,0.1070078015,0.0318759888,0.6578993797,0.027974084222222223,2.003292084,-0.245503098,0.89175868,0.063380778,56.98456955,245.4680939,998.1256104,20.42564964,20.13979912,19.59297943,21.46945953,23.90279007,56.80818939,43.28524017,2.019999981,0.0558570802
0.14431459900000002,0.1393236995,0.10816979410000001,0.1106068969,0.10697230099999999,0.0315982908,0.6700588225999999,0.027951556305555555,2.004796982,0.060273349,0.894358695,0.009196943,51.07648087,248.8710938,998.1251831,20.42575073,20.13991928,19.64003944,21.46725082,23.88433075,56.81695938,43.27872849,2.012500048,0.055857092100000005
0.1440487981,0.13922719960000002,0.1081220984,0.1106048942,0.1069491029,0.0312765509,0.5470346927999999,0.027933917583333336,2.006302118,-0.009226739,0.897434413,0.0,51.07648087,247.506897,998.1248779,20.42584991,20.14003944,19.64003944,21.46504974,23.86585999,56.82572937,43.27222061,2.257499933,0.055857092100000005
0.1437829971,0.1388118029,0.1080744028,0.1104030013,0.1069259048,0.0311706096,0.6006789207,0.027916249166666667,2.007807016,0.197008401,0.900510013,-0.071323693,51.07648087,238.4913025,998.1245117,20.4259491,20.14015961,19.64003944,21.46283913,23.84738922,56.83449936,43.26572037,2.119999886,0.0558570981
0.14340859649999999,0.138261497,0.1080983043,0.11041289569999999,0.1069026947,0.0307135999,0.5717110156999999,0.027885000444444443,2.009311914,0.079943143,0.903585613,-0.092852399,51.07648087,227.2236023,998.1240845,20.42604065,20.14027977,19.64003944,21.46063995,23.82892036,56.84326935,43.25920868,2.057499886,0.05585711
0.14299789670000002,0.1380118012,0.1081459999,0.11051039700000001,0.10687940119999999,0.030115580600000004,0.4901719093,0.02785419463888889,2.010816097,-0.174334094,0.906661212,0.066199817,68.34136963,226.1903076,998.1237793,20.42613983,20.1403904,19.71063042,21.45842934,23.8104496,56.85203171,43.25270081,2.067500114,0.055857121899999994
0.1425871968,0.1376027942,0.10805059669999999,0.1104161978,0.10685620309999999,0.0299612612,0.5620551109,0.02783697127777778,2.012320995,-0.238469705,0.909736872,0.071661651,74.09633636,241.8264008,998.1234131,20.42624092,20.14051056,19.73415947,21.45623016,23.79198074,56.8608017,43.24620056,2.339999914,0.055857121899999994
0.1421766043,0.1373376012,0.1078717947,0.1104675055,0.106833005,0.0297122508,0.498397398,0.027828693388888888,2.013825893,-0.241330802,0.912737429,0.039893601,74.09633636,255.2149048,998.1229858,20.4263401,20.14063072,19.73415947,21.45401955,23.77350998,56.86957169,43.23968887,2.085000038,0.055857127900000005
0.14211529490000002,0.1371492028,0.1079313993,0.1103328943,0.1068097949,0.029382380800000003,0.43903107639999994,0.027794250916666666,2.01533103,-0.244191796,0.915713012,0.099426568,74.09633636,259.5523071,998.1226196,20.42643929,20.14075089,19.73415947,21.45182037,23.75503922,56.87833023,43.233181,2.015000105,0.0558571398
0.14186789989999998,0.1369608045,0.1078276038,0.11011309620000001,0.1068040013,0.029301521200000003,0.474793911,0.027761486899999997,2.016835928,0.054074328,0.918688476,0.03026215,70.84237671,257.6601868,998.1223145,20.42653084,20.14086914,19.52975082,21.44960976,23.73657036,56.88710022,43.22666931,2.1875,0.055857151699999996
0.1417456031,0.1369050026,0.1076416969,0.1100445032,0.1068040013,0.029303660999999998,0.4275869846,0.027752212947222223,2.013077974,-0.146677196,0.921664119,0.048772249,69.75773621,254.4503021,998.1218872,20.42663002,20.14097977,19.46162033,21.44741058,23.71810913,56.89587021,43.22016907,2.352499962,0.05585715770000001
0.1416986942,0.1368932962,0.1074556947,0.1100263953,0.1067271948,0.0294385403,0.4798007011,0.027734663222222223,2.007565975,-0.126649693,0.922445476,0.01625742,69.75773621,251.2404938,998.121521,20.4267292,20.14109993,19.46162033,21.44519997,23.69964027,56.9046402,43.22753906,2.404999971,0.05585715770000001
0.1416517019,0.1368816972,0.10726979969999999,0.10994100570000001,0.10666249990000001,0.0296176612,0.4912447929,0.027712148030555557,2.002053022,-0.094462693,0.922495484,-0.02188715,69.75773621,244.8560944,998.1212158,20.42683029,20.14122009,19.46162033,21.4371891,23.68116951,56.91341019,43.23952866,2.087500095,0.0558571696
0.1419072032,0.1374541044,0.10708379750000001,0.1098330021,0.10661029820000001,0.029796791099999997,0.5127025127,0.027689628600000002,1.996541023,-0.191500604,0.922545612,-0.027584,69.75773621,237.4134979,998.1207886,20.42692947,20.14134026,19.46162033,21.42724991,23.66270065,56.92218018,43.25152969,2.287499905,0.0558571815
0.1424854994,0.1378847003,0.1073233962,0.10972510579999999,0.10655820369999999,0.030130669500000002,0.6135534763,0.027675056458333333,1.991029024,-0.241211504,0.92259568,-0.101506703,62.62656021,228.8930969,998.1204224,20.42701912,20.14145088,19.52485085,21.41729927,23.64422989,56.93093872,43.26353073,2.082499981,0.0558571875
0.14259339570000001,0.1377918005,0.10720419880000001,0.10961719750000001,0.1065060019,0.030680501500000002,0.603539896,0.027663135527777778,1.985517025,0.418979585,0.922645688,-0.05563768,60.24950027,221.7940063,998.1201172,20.42712021,20.14156914,19.54593086,21.40735054,23.62575912,56.93970871,43.27552032,2.25,0.0558571875
0.1425197005,0.1380107999,0.10691800119999999,0.1097054958,0.1064538956,0.030884280800000004,0.5491805077,0.027634328205555555,1.985605955,0.074221022,0.922695816,-0.070744522,60.24950027,220.2218018,998.1196899,20.42721939,20.1416893,19.54593086,21.39740944,23.60729027,56.9484787,43.28752136,2.407500029,0.0558571994
0.1428936005,0.13817470069999999,0.1070968986,0.1095306039,0.1064017057,0.0309544504,0.5656313896,0.027630685169444447,1.987563014,-0.09362822,0.922745824,-0.065345973,60.24950027,220.2940979,998.1193237,20.42732048,20.14180946,19.54593086,21.38746071,23.5888195,56.95724869,43.29951096,2.362499952,0.055857211399999995
0.142939198,0.1379783034,0.1071624994,0.1094970942,0.1063495994,0.0310246289,0.5584787846,0.027616447872222224,1.989519954,-0.191023707,0.922795892,-0.01553267,60.24950027,220.366394,998.1190186,20.42741966,20.14192963,19.54593086,21.37751961,23.57035065,56.96601105,43.31150818,2.085000038,0.0558572173
0.14282569890000002,0.1378590941,0.1073531985,0.1095471025,0.10629739760000001,0.03062509,0.5119873047,0.027595252991666666,1.991476059,-0.168969601,0.922834218,0.042756911,75.68138885,228.3390045,998.1185913,20.42750931,20.14204025,19.68709946,21.36757088,23.55187988,56.97478104,43.32350922,2.172499895,0.0558572173
0.14245799779999999,0.1374737978,0.1073531985,0.1095971942,0.10624519589999999,0.030529761300000003,0.6486011028,0.027591942680555554,1.993432999,-0.181129202,0.92286849,0.01433233,80.8253479,233.5491943,998.1182251,20.4276104,20.14216042,19.73415947,21.35762978,23.53340912,56.98355103,43.33549881,2.147500038,0.055857229200000004
0.1420055985,0.1369804978,0.10726579430000001,0.10964729790000001,0.10623580219999999,0.030127009700000002,0.6149840832,0.027577699025,1.997485995,0.083161883,0.922902822,-0.064759947,80.8253479,231.2733002,998.1179199,20.42770958,20.14228058,19.73415947,21.34767914,23.5149498,56.99232101,43.3151207,2.232500076,0.0558572412
0.1418043017,0.1368173957,0.10717840190000001,0.1096974015,0.1062407017,0.029772418699999997,0.5034041882,0.027557837169444446,2.002237082,-0.141789496,0.922937214,-0.021586649,80.8253479,229.4855042,998.1174927,20.42781067,20.14240074,19.73415947,21.33773041,23.49648094,57.01652908,43.28395081,2.404999971,0.05585724709999999
0.1416867971,0.1367643952,0.1070492029,0.10961660150000001,0.1062455058,0.029780119700000003,0.5001854897,0.02754293229722222,2.006989002,-0.247291297,0.922971487,-0.02889185,80.8253479,228.4924011,998.1171265,20.42790985,20.1425209,19.73415947,21.32778931,23.47801018,57.04589081,43.25276947,2.142499924,0.05585724709999999
0.1416928053,0.1367113948,0.107138598,0.10949209929999999,0.1061390042,0.029677110899999998,0.5330873012999999,0.027516771952777776,2.011739969,-0.247291297,0.923005879,-0.067414314,66.04097748,225.9555054,998.1166992,20.4279995,20.14262962,19.56945992,21.31784058,23.45776939,57.07524109,43.22159958,2.174999952,0.055857259000000006
0.1414814949,0.13665839429999999,0.1068943024,0.1095110059,0.1060886025,0.029804140299999997,0.5456041813,0.02749326493888889,2.016490936,-0.246933699,0.923040211,-0.060290411,61.11285019,221.2368927,998.116272,20.42810059,20.14274979,19.5145607,21.30789948,23.43693924,57.104599,43.19042969,2.032500029,0.055857259000000006
0.1414381981,0.1366471052,0.1067988992,0.1094532013,0.1060691953,0.0298167795,0.5041193962,0.027487964630555556,2.021243095,-0.223389506,0.923074484,-0.037951048,61.11285019,220.4589996,998.1160278,20.42819977,20.14286995,19.5145607,21.29795074,23.41610909,57.13396072,43.15924835,2.119999886,0.055857282900000006
0.1414795995,0.136649704,0.10699549909999999,0.10935380459999999,0.1060498953,0.0297580004,0.5541872978,0.027470080058333336,2.025994062,-0.192156196,0.923108876,-0.04767355,61.11285019,223.6298981,998.1156006,20.42830086,20.14299011,19.5145607,21.28800964,23.39528084,57.16331863,43.12807846,2.244999886,0.055857282900000006
0.14139059780000002,0.13603539469999998,0.10700030330000002,0.10933439730000001,0.10603049989999999,0.029699221300000002,0.5541872978,0.02748895645277778,2.021855116,-0.136782706,0.923143208,-0.110159799,61.09167099,224.5048981,998.1151733,20.42840004,20.14310074,19.56160927,21.27806091,23.37446022,57.19268036,43.09690094,2.037499905,0.0558572888
0.1412580967,0.1362511039,0.1069192052,0.10934170480000001,0.1060112,0.0291053891,0.5642007828,0.027463457319444443,2.014753103,-0.158479005,0.923840225,-0.006274539,61.06341934,224.3423004,998.1149292,20.42848969,20.1432209,19.57729912,21.26811028,23.35363007,57.22203064,43.11272049,2.049999952,0.055857300799999995
0.1412726045,0.1364408016,0.1068382025,0.1094745994,0.10599180459999999,0.0294402689,0.5677772045,0.027456171247222223,2.007651091,-0.225356504,0.924758077,-0.039956331,61.03517151,225.6329956,998.114502,20.42859077,20.14333916,19.57729912,21.25816917,23.33279991,57.25138855,43.14419937,2.342499971,0.055857312699999995
0.141336,0.1365067959,0.1067571044,0.10927129980000001,0.1059723973,0.0296938986,0.5992484093,0.02745153639166667,2.000549078,0.232533306,0.925675988,-0.016212931,61.0069313,227.4082031,998.1140747,20.42868996,20.14345932,19.57729912,21.24822044,23.31196976,57.28075027,43.17567062,2.317500114,0.055857312699999995
0.1413993955,0.1367468953,0.1066761017,0.10927699799999999,0.1059530973,0.0297974586,0.6099771976,0.027436635758333335,1.993446946,-0.086237162,0.926594019,0.031073229,60.97867966,234.4273071,998.1137695,20.42878914,20.14357948,19.57729912,21.23827934,23.29114914,57.31010818,43.20714951,2.092499971,0.055857318600000004
0.1414628029,0.1367094994,0.1068166971,0.1091138005,0.105933702,0.0299010098,0.5756450176000001,0.027425376044444446,1.98634398,-0.246456906,0.927511871,0.01035774,67.42342377,240.9644012,998.1134033,20.42889023,20.14369011,19.78906059,21.22833061,23.27032089,57.33946991,43.23862839,2.075000048,0.0558573306
0.1415261984,0.13679050210000002,0.1067273021,0.1092020035,0.10591440199999999,0.0300045699,0.5341600895,0.027410142686111114,1.985582948,-0.192096606,0.928429782,0.0,69.57401276,242.2207031,998.1129761,20.42897987,20.14381027,19.85964966,21.21838951,23.24949074,57.36882019,43.27011108,2.202500105,0.0558573425
0.1416918039,0.1369485021,0.1066617012,0.1091138005,0.1058949947,0.030108120999999998,0.49410581589999997,0.027403852675,1.986933947,0.008535694,0.929347813,0.0,69.57401276,239.800705,998.1126709,20.42907906,20.14393044,19.85964966,21.20844078,23.22866058,57.3981781,43.30157852,2.089999914,0.0558573425
0.1418913007,0.1371063948,0.10663789509999999,0.108928299,0.1058756948,0.0303652614,0.49696679120000004,0.027385309008333334,1.988286018,0.233487099,0.930265725,-0.056004439,69.57401276,234.2559052,998.1123047,20.42918015,20.1440506,19.85964966,21.19849014,23.20783043,57.42753983,43.33306122,2.032500029,0.05585734839999999
0.1420907974,0.1373939991,0.10648889539999999,0.10900659559999999,0.1058563948,0.030673590299999998,0.48623800279999996,0.027382331425,1.989637017,-0.006842526,0.931183577,-0.05295106,69.57401276,227.9098969,998.1118774,20.42927933,20.14417076,19.85964966,21.18855095,23.18700027,57.45690155,43.33216095,2.180000067,0.0558573604
0.1423725009,0.1377249002,0.10652170180000001,0.1088668942,0.10583699939999999,0.0309819311,0.515563488,0.027379349602777776,1.99098897,-0.196030602,0.932101488,-0.041494731,59.11156082,223.9279022,998.1115723,20.42938042,20.14427948,19.63933945,21.17860031,23.16617966,57.48625946,43.32048035,2.241250038,0.0558573723
0.1425923944,0.1378527045,0.1066290021,0.10889250040000001,0.1058176994,0.0311711311,0.5463194846999999,0.027374049291666668,1.992341042,-0.237754405,0.9330194,-0.064816453,55.62406921,220.7337952,998.1112061,20.42947006,20.14439964,19.5659008,21.16865921,23.1453495,57.51560974,43.3087883,2.256249905,0.0558573723
0.14278249739999999,0.1379899979,0.10662599800000001,0.10900709630000001,0.10579830409999999,0.031320628499999996,0.6064010143,0.02737769232777778,1.99369204,0.340300202,0.933937311,-0.097785771,55.62406921,217.5397949,998.1107788,20.42956924,20.14451981,19.5659008,21.15871048,23.12451935,57.54497147,43.29710007,2.162499905,0.055857378199999995
0.1429726005,0.1381528974,0.10658630129999999,0.1090139031,0.1057790041,0.031470120000000004,0.5878044128,0.02746875551111111,1.996530056,0.220612302,0.934488714,-0.045205731,55.62406921,218.138504,998.1104736,20.42967033,20.14463997,19.5659008,21.14876938,23.10368919,57.57432938,43.28541183,2.317500114,0.0558573902
0.1429911971,0.1382480025,0.10654649730000001,0.10898469690000001,0.1057595968,0.0316196114,0.5563331127,0.027614788480555555,1.999861956,-0.019836539,0.934917927,-0.052059509,55.62406921,220.0014038,998.1099854,20.42976952,20.1447506,19.69208908,21.13882065,23.08286095,57.57661057,43.27371979,2.207499981,0.055857402099999995
0.143224299,0.1383205056,0.10669759510000001,0.1089555025,0.1057731032,0.031578770299999996,0.5842279911,0.027700222863888888,2.003195047,-0.171711504,0.935347021,0.009460454,73.9391098,223.4169006,998.1096802,20.42987061,20.14487076,19.73415947,21.12887001,23.06203079,57.56985092,43.26203918,2.082499981,0.055857402099999995
0.1433051944,0.1383931041,0.1066885948,0.10892629620000001,0.10579750539999999,0.03165555,0.5549026012,0.027735659280555554,2.006527901,-0.132491007,0.935776174,-0.08350119,80.04412079,223.8605042,998.109314,20.42996025,20.14499092,19.73415947,21.11893082,23.04121017,57.56309891,43.25033951,2.075000048,0.055857408
0.1432347059,0.1383968949,0.106605196,0.10904959439999999,0.10582180020000001,0.031792691299999995,0.5305839062000001,0.0277422799,2.009860992,0.051570948,0.936205387,-0.053358641,80.04412079,219.7037964,998.1088867,20.43005943,20.14510918,19.73415947,21.10898018,23.02038002,57.55635071,43.23865891,2.282500029,0.055857420000000005
0.1431408048,0.1383777976,0.1067451954,0.1090803981,0.1058462024,0.0317147106,0.4540514946,0.027720425925,2.013194084,-0.040936891,0.9366346,-0.121877201,80.04412079,214.4015045,998.1085815,20.43016052,20.14522934,19.73415947,21.09903908,22.99954987,57.54959869,43.22697067,2.44749999,0.0558574319
0.143245697,0.1383587003,0.10695979600000001,0.10906349420000001,0.1058706045,0.0313675612,0.4383159161,0.027693269516666667,2.016526937,-0.095893227,0.937042296,-0.06822627,57.88209915,209.0991058,998.1082153,20.4302597,20.14533997,19.59299088,21.09506035,22.97871971,57.54285049,43.21527863,2.127500057,0.0558574319
0.1430469036,0.13809109930000002,0.1070134044,0.10904649500000001,0.1058949947,0.031277141,0.5484652042,0.027668766444444444,2.01515007,0.214532495,0.93744278,-0.01004375,50.49475098,211.4420013,998.1077881,20.43036079,20.14546013,19.54593086,21.09306908,22.95789909,57.53609848,43.20359039,2.339999914,0.0558574378
0.1427247047,0.1380053997,0.1067093968,0.1093127012,0.1059193969,0.031294250499999995,0.5048346996,0.027644924588888887,2.012202978,-0.103284299,0.937843382,-0.072913162,50.49475098,216.3332977,998.1074829,20.43045044,20.14558029,19.54593086,21.09108925,22.93707085,57.52935028,43.19189835,2.089999914,0.0558574498
0.1427528977,0.1380079985,0.1066081047,0.10932400229999999,0.10594379899999999,0.0313113511,0.5127025127,0.02762505637222222,2.009255886,0.172689393,0.932289422,-0.072034903,50.49475098,216.0018005,998.1071167,20.43054962,20.14570045,19.54593086,21.08909988,22.91624069,57.5415802,43.18021011,1.992499948,0.0558574617
0.14289770129999999,0.1380771995,0.1066081047,0.1092188001,0.1059681058,0.031328460600000003,0.4554820061,0.027616443633333335,2.005011082,0.139548704,0.924750388,-0.015910169,50.49475098,217.2881927,998.1068115,20.43065071,20.14580917,19.54593086,21.08711052,22.89541054,57.56013107,43.19141006,2.390000105,0.0558574617
0.14304260019999998,0.13816850190000002,0.1067690969,0.1091135979,0.105992496,0.0313455611,0.542027998,0.02761114756388889,2.000334024,-0.162770599,0.917479813,-0.027448321,53.93309021,226.0121002,998.1063843,20.43074989,20.14592934,19.6635704,21.08511925,22.87458038,57.57867813,43.21022034,2.279999971,0.055857467699999996
0.1430636048,0.1381724,0.10696569680000001,0.10919250250000001,0.10602569580000001,0.0312209308,0.5634856224,0.027610816955555555,1.995656967,0.119282797,0.910298526,-0.046024039,55.07920074,233.1024017,998.1060181,20.43084908,20.1460495,19.70277977,21.08313942,22.85375023,57.597229,43.22903824,2.3125,0.0558574796
0.1427809954,0.1378357053,0.1068524957,0.1093327999,0.10606189969999999,0.0313198507,0.6207060814,0.02758332994166667,1.990980029,0.770175517,0.90311712,-0.01229153,55.07920074,237.2799988,998.1057129,20.43094063,20.14616966,19.70277977,21.08115005,22.83292961,57.61579132,43.24785995,2.027499914,0.0558574915
0.1425984025,0.1377109051,0.10680780409999999,0.10947309730000002,0.1060979962,0.031001061200000003,0.43330907820000003,0.027567104763888888,1.986302018,0.087334283,0.899742007,0.0,55.07920074,240.9019928,998.1052856,20.43103981,20.14628983,19.70277977,21.07916069,22.81209946,57.63433838,43.26668167,2.19749999,0.0558574915
0.1424782991,0.1376912951,0.10681970119999999,0.10932420490000001,0.1061342001,0.030815321200000002,0.4776548862,0.027549889883333335,1.981624961,-0.135113701,0.89763552,0.066301793,55.07920074,244.5240936,998.1049194,20.4311409,20.14640045,19.70277977,21.07718086,22.81038094,57.65288925,43.28549957,2.32249999,0.0558574975
0.1425528049,0.1376716971,0.1069478989,0.1093194008,0.106170404,0.030730378600000004,0.44046158789999995,0.027549885644444442,1.98439002,0.380116612,0.895529091,0.022100599,70.39842987,248.1461945,998.1046143,20.43124008,20.14652061,19.63220024,21.07518959,22.81502914,57.67144012,43.30432129,2.365833044,0.055857509400000005
0.1424692988,0.1376521945,0.10698070529999999,0.10939470529999999,0.1062065005,0.0307752311,0.5270075798,0.027535646227777776,1.989634991,0.399905711,0.893422723,0.0,75.50483704,249.9687958,998.104187,20.43133926,20.14664078,19.60866928,21.07320023,22.81967926,57.68999863,43.32313919,2.409167051,0.055857521300000004
0.1423113942,0.13763259649999998,0.1069687963,0.1094701052,0.10624270440000001,0.0306929499,0.4654955864,0.027524388630555556,1.994879961,0.264005095,0.891316175,0.0,75.50483704,248.7884064,998.1038208,20.43143082,20.14676094,19.60866928,21.0712204,22.82431984,57.7085495,43.34196091,2.420000076,0.055857521300000004
0.1422817945,0.1376129985,0.1070641041,0.10954539780000001,0.106278801,0.030553880300000003,0.5291533947,0.027516441344444444,2.000124931,-0.126411304,0.889209688,0.0,75.50483704,246.8070068,998.1035156,20.43153,20.1468792,19.60866928,21.06922913,22.82896996,57.72710037,43.32669067,2.292500019,0.0558575273
0.1422948003,0.1374557018,0.1071951985,0.10962070230000001,0.1063150048,0.0304147989,0.5849432945,0.027509485880555556,2.004137039,-0.124503903,0.887103319,0.0,47.14585114,246.3014984,998.1030273,20.43162918,20.14698982,19.69985008,21.06723976,22.83362007,57.74565887,43.30007172,2.407500029,0.05585753919999999
0.1421887994,0.13748949770000002,0.107138598,0.1096961021,0.1063511014,0.030327048899999997,0.5670619011,0.027485478719444442,2.007739067,-0.206401899,0.884996772,-0.047007449,37.69285965,240.2886963,998.1027222,20.43173027,20.14710999,19.7302494,21.06525993,22.83827019,57.76420975,43.27344894,2.137500048,0.0558575511
0.1422289968,0.1376023054,0.1071624994,0.10972249510000001,0.1063873053,0.0302564114,0.5627704144,0.027455675336111113,2.011339903,-0.247291297,0.884767592,-0.069268957,37.69285965,229.9584961,998.1022949,20.43182945,20.14723015,19.7302494,21.06327057,22.8429203,57.78276062,43.24682999,2.172499895,0.0558575511
0.1423313022,0.13764439820000002,0.1072340012,0.1097326994,0.1064234972,0.030343699499999998,0.6071162224,0.027439282736111112,2.014941931,-0.217965394,0.885164022,-0.055007469,37.69285965,225.5785065,998.1019287,20.4319191,20.14735031,19.7302494,21.0612793,22.84757042,57.80131912,43.22021103,2.414999962,0.055857557099999997
0.1424335957,0.1376628995,0.1073055029,0.10974290369999999,0.1065392017,0.030276060100000002,0.46263451580000003,0.027517765891666667,2.018543005,-0.237158403,0.885560513,0.051753759,37.69285965,229.6761932,998.1016235,20.43202019,20.14746094,19.7302494,21.05929947,22.85222054,57.81987,43.19358826,2.247499943,0.055857568999999996
0.1424494028,0.1377349973,0.10741280319999999,0.1097530007,0.1066072941,0.0302517503,0.577075386,0.02767754448888889,2.022145033,-0.246814504,0.885956883,-0.032304991,64.39172363,235.8529053,998.1011963,20.43211937,20.14757919,19.68611908,21.0573101,22.85685921,57.83842087,43.1669693,2.192500114,0.055857568999999996
0.1426203012,0.1378250003,0.1075320005,0.1097632051,0.1066182017,0.0302649587,0.5212854862,0.027854362055555554,2.017718077,-0.231078595,0.886353374,-0.017894341,73.29134369,232.9490051,998.1008301,20.43222046,20.14769936,19.6635704,21.05532074,22.86150932,57.78142166,43.14035034,2.049999952,0.0558575928
0.1426494956,0.1377588034,0.1077047944,0.1097733974,0.1066182017,0.030138281,0.46692609789999995,0.02800786125,2.010613918,-0.034857132,0.886749923,0.069189087,73.29134369,234.2012024,998.1005249,20.43231964,20.14781952,19.6531105,21.05334091,22.86615944,57.69924164,43.15365982,2.307499886,0.0558575928
0.1424319983,0.1376405001,0.1075737,0.10993540289999999,0.1067378998,0.0301186711,0.47622442249999997,0.028115306416666666,2.003510952,-0.004100678,0.887146294,0.02306303,73.29134369,242.4062958,998.1000977,20.43242073,20.14793968,19.6426506,21.05134964,22.87080956,57.61706161,43.18029022,2.394999981,0.0558575988
0.1424893022,0.1378100991,0.1077286959,0.1099738002,0.1068259001,0.029889690899999998,0.4340242863,0.028210027472222222,1.996407986,-0.186016798,0.885442913,0.0,73.29134369,244.905304,998.0996704,20.43251038,20.14805031,19.63220024,21.04936028,22.87545967,57.53488159,43.20690918,2.32249999,0.0558575988
0.1426581025,0.1379462004,0.1077644944,0.1099542022,0.10688999889999999,0.0300992996,0.471932888,0.028279389277777775,1.989305019,-0.158598199,0.883039713,0.056278192,48.71815109,243.3726959,998.0994263,20.43260956,20.14817047,19.62174034,21.04737091,22.88010979,57.45270157,43.23353958,2.329999924,0.055857622600000004
0.1428269982,0.1380390048,0.1077167988,0.110176301,0.1069540977,0.030212628800000002,0.5777906895,0.028360195166666668,1.982202053,-0.029254209,0.880636275,-0.032523051,40.52708054,241.2991943,998.098999,20.43271065,20.14829063,19.61128044,21.04538918,22.8847599,57.3705101,43.26016998,2.122499943,0.055857622600000004
0.1429957986,0.1381319046,0.1077674985,0.11023149489999999,0.1070181012,0.0302354902,0.5148481846,0.028425750722222223,1.980952978,0.045252722,0.878233016,-0.05907898,40.52708054,236.4378052,998.0985718,20.43280983,20.1484108,19.60083008,21.04339981,22.88941002,57.28833008,43.28678894,2.184999943,0.0558576286
0.1431645989,0.1383330941,0.1078508019,0.110204196,0.1070822001,0.030258348600000002,0.5270075798,0.02849050097222222,1.981655955,-0.168969601,0.875829697,-0.046682172,40.52708054,226.9790039,998.0983276,20.43291092,20.14852905,19.59037018,21.04141045,22.8940506,57.20615005,43.31341934,2.019999981,0.0558576286
0.1433333993,0.13844300510000002,0.10805059669999999,0.11030379530000001,0.1071462989,0.0302812099,0.5466771126000001,0.028557389583333332,1.982359052,0.082685024,0.873426378,-0.0389717,40.52708054,221.7825012,998.0979004,20.43300056,20.14863968,19.57991028,21.03943062,22.89870071,57.12397003,43.34004974,2.339999914,0.0558576524
0.1433717966,0.1385103941,0.10811020140000001,0.1104455948,0.1072103977,0.030304071300000002,0.5538297176,0.028597944055555557,1.983060956,-0.136067405,0.871023118,-0.032823339,43.58866882,221.3704987,998.0974731,20.43309975,20.14875984,19.69494057,21.03743935,22.90335083,57.04179001,43.3666687,2.349999905,0.0558576524
0.1433666945,0.1384582043,0.1083068013,0.1105875015,0.10727449659999999,0.030243969,0.5878044128,0.028577084,1.990131974,-0.245383993,0.8686198,-0.007821563,44.60919952,225.1636047,998.097229,20.43320084,20.14888,19.73415947,21.03544998,22.90800095,56.95960999,43.35005188,2.204999924,0.055857658399999996
0.1434178948,0.1385293007,0.1083456039,0.110729301,0.10733859539999999,0.030156219,0.5212854862,0.02838766733333333,1.999323964,-0.245383993,0.86769712,-0.030748511,44.60919952,230.0298004,998.0968018,20.43330002,20.14900017,19.73415947,21.03347015,22.91264915,56.96109009,43.31901932,2.087500095,0.055857658399999996
0.14348800180000001,0.1386548042,0.10830980539999999,0.1107244015,0.1074026942,0.0302295089,0.5599092960000001,0.028219443416666667,2.008517027,-0.245383993,0.867268026,-0.0102495,44.60919952,231.2938995,998.0963745,20.4333992,20.14911079,19.73415947,21.03148079,22.91729927,56.99045944,43.28797913,2.150000095,0.0558576822
0.1436861992,0.13898969889999999,0.1081220984,0.1106706023,0.10746680500000001,0.0305121213,0.5341600895,0.028038334305555555,2.01770997,0.103666097,0.866838813,-0.04965926,63.11161041,228.4582062,998.0960083,20.43349075,20.14922905,19.68709946,21.02948952,22.93129921,57.01982117,43.25695038,2.224999905,0.0558576822
0.1441799998,0.1393942952,0.10811610220000001,0.1106166959,0.10753090380000001,0.0308466107,0.4561972141,0.027981026972222222,2.019665956,-0.128318593,0.866409719,-0.05462819,69.27908325,224.6562958,998.0955811,20.43358994,20.14934921,19.67925072,21.02750969,22.94841957,57.04919052,43.22591019,2.217499971,0.0558576882
0.1444318056,0.1397989035,0.10818769930000001,0.1105628967,0.1075469017,0.0311811,0.5341600895,0.02799891577777778,2.019211054,-0.240853906,0.865980506,-0.072623633,69.27908325,222.9210052,998.0952759,20.43368912,20.14946938,19.68971062,21.02552032,22.96553993,57.07855988,43.19488144,2.359999895,0.0558576882
0.1445747972,0.1399502039,0.108259201,0.1106948972,0.1075469017,0.0315155894,0.5091261864,0.028074389555555558,2.018754959,-0.236085504,0.865551412,-0.101766102,69.27908325,218.7127075,998.0949097,20.43379021,20.14958954,19.70017052,21.02352905,22.98266029,57.03770065,43.16384888,2.394999981,0.055857712000000004
0.1449478984,0.1403031945,0.10833070279999998,0.1108890057,0.1075621963,0.031661590899999995,0.5413125992000001,0.02815088908333333,2.018300056,0.146701396,0.86512208,0.036098491,69.27908325,218.7066956,998.0944824,20.43388939,20.14970016,19.71063042,21.02154922,22.99978065,56.97343826,43.13280869,2.329999924,0.055857712000000004
0.1453976989,0.1405915976,0.10851850510000001,0.1109205961,0.10761120319999999,0.0317447811,0.6335805892999999,0.028232360416666668,2.01041007,0.284628689,0.864692986,-0.003903572,70.65895081,224.0540924,998.0941772,20.43398094,20.14982033,19.72108078,21.01955986,23.01689911,56.90917969,43.15774155,2.130000114,0.055857718
0.1453853011,0.1404582977,0.10874500270000001,0.1108981013,0.1076696992,0.0318279505,0.5556178092999999,0.028317139944444444,2.000041962,-0.02937342,0.864263773,-0.008341348,71.11891174,230.6018982,998.093811,20.43408012,20.14994049,19.73154068,21.0175705,23.03401947,56.84492111,43.20132065,2.38499999,0.055857718
0.1452188015,0.1404551983,0.10878369809999999,0.11107870339999999,0.10772819520000002,0.0316504508,0.5169939995,0.02840686161111111,1.989675045,-0.087310031,0.863834679,-0.0320297,71.11891174,232.4839935,998.0933838,20.43417931,20.15006065,19.74200058,21.01557922,23.05113983,56.78065872,43.24489975,2.257499933,0.055857741800000006
0.1452391982,0.14036940339999998,0.10913540120000001,0.1111315012,0.1077867031,0.0313860595,0.5756449223,0.028467973083333334,1.979307055,-0.099231131,0.863405526,-0.046644341,71.11891174,227.9138031,998.0930786,20.4342804,20.15018082,19.75246048,21.0135994,23.06826019,56.71640015,43.2884903,2.232500076,0.055857741800000006
0.1449213982,0.1398643017,0.1092591047,0.1113602042,0.1078452945,0.0311216712,0.5656313896,0.02851897133333333,1.978374958,-0.188997105,0.862976372,0.008648396,71.11891174,227.4857025,998.0927124,20.43437958,20.15028954,19.76291084,21.01161003,23.08538055,56.65214157,43.3320694,2.400000095,0.0558577478
0.1444700956,0.1393890023,0.109265101,0.111669302,0.1079038024,0.030643430399999998,0.6114078045,0.02853172302777778,1.980587959,-0.237635195,0.863520026,-0.01167716,59.79941177,228.9822998,998.0922852,20.43446922,20.1504097,19.6831398,21.00962067,23.10250092,56.58787918,43.3756485,2.457499981,0.055857759699999995
0.14408520460000002,0.1390838027,0.1092710018,0.11177920100000001,0.1079934955,0.030093911299999998,0.6192756175999999,0.028520776972222224,1.982800961,-0.218442202,0.864387929,-0.094420932,56.0262413,226.3847046,998.09198,20.43457031,20.15052986,19.6556797,21.00764084,23.11961937,56.52362061,43.41923904,2.287499905,0.055857771599999995
0.143722403,0.1388185978,0.10927699799999999,0.11182270050000001,0.1080935955,0.029865211200000002,0.6671977043,0.028348250916666665,1.985015035,0.058246698,0.865255713,0.001855248,56.0262413,222.4223938,998.0916138,20.43466949,20.15065002,19.6556797,21.00564957,23.13673973,56.45935059,43.40644073,2.335000038,0.055857771599999995
0.1435217977,0.13888260130000002,0.10904599429999999,0.1118662,0.10819380279999999,0.0297434598,0.5599092960000001,0.028154888166666666,1.989992023,0.222996503,0.866123617,0.029339161,56.0262413,227.4589996,998.0911865,20.43477058,20.15076065,19.6556797,21.0036602,23.15386009,56.4553299,43.37483978,2.407500029,0.055857777600000005
0.1437229991,0.13905639649999998,0.1091205001,0.1117310047,0.1081557035,0.0296217114,0.481946516,0.02805455525,1.995890021,0.377255708,0.86699152,0.033385769,56.0262413,238.9519043,998.0908813,20.43486977,20.15088081,19.6556797,21.00168037,23.17098045,56.47137833,43.34325027,2.247499943,0.0558577895
0.1437576056,0.1390174985,0.10932309629999999,0.1115362048,0.1082036018,0.0296923101,0.5942417145000001,0.028006555777777775,2.001787901,0.564774811,0.867859423,0.003916172,74.99442291,246.3018951,998.0905151,20.43495941,20.15099907,19.6531601,21.00713921,23.18810081,56.48743057,43.31166077,2.069999933,0.0558578014
0.1436980963,0.1389075994,0.1093335986,0.11162819859999999,0.10829550029999999,0.0296674788,0.4898142815,0.027978721194444445,2.007687092,-0.0150681,0.866868317,-0.03900478,81.31713867,242.5485992,998.0900879,20.4350605,20.15111923,19.64979935,21.01509094,23.20521927,56.503479,43.28005981,2.0,0.0558578014
0.1436386943,0.1387979031,0.1092798948,0.11181570290000001,0.1083873987,0.029589471200000002,0.4712175846,0.027954889944444443,2.013585091,-0.241569206,0.865257382,-0.01243376,81.31713867,235.6824951,998.0897217,20.43515968,20.1512394,19.64645004,21.02304077,23.22233963,56.51953125,43.24847031,2.057499886,0.0558578074
0.14369560480000002,0.1389053941,0.1092262983,0.11183179620000001,0.1084146976,0.0295114607,0.43187861439999997,0.02793102688888889,2.019483089,0.02236422,0.863646686,0.0,81.31713867,234.0879974,998.0894165,20.43526077,20.15135002,19.64308929,21.03097916,23.23945999,56.53557968,43.2168808,2.305000067,0.0558578193
0.1437914014,0.1390853047,0.10917259450000001,0.11179070470000001,0.10842039590000001,0.0296570092,0.4175734997,0.027907193499999997,2.019625902,-0.068713069,0.862035871,0.0,66.30644989,237.8618927,998.0889893,20.43535995,20.15147018,19.63973045,21.03893089,23.25658035,56.55162811,43.18527985,2.3125,0.0558578312
0.1440549016,0.1395236969,0.1090162039,0.11174960140000001,0.1084260941,0.029979071000000003,0.48480749129999995,0.02788336011111111,2.017849922,-0.206282705,0.860425115,0.0,61.30289078,238.3114929,998.088623,20.4354496,20.15159035,19.63636971,21.04688072,23.27370071,56.56768036,43.15369034,2.454999924,0.0558578312
0.1443743944,0.13984320160000002,0.1091652036,0.1115668058,0.10843180420000001,0.0303351194,0.5198551177999999,0.027868444666666665,2.016074896,-0.225594893,0.858814418,0.024078291,61.30289078,237.2516937,998.0883179,20.43555069,20.15171051,19.63301086,21.05483055,23.29081917,56.58372879,43.12210083,2.262500048,0.0558578372
0.1446938992,0.1400941968,0.10923080439999999,0.11168179510000001,0.10843750240000001,0.030588570199999998,0.5606245995,0.02784161038888889,2.014298916,-0.231316999,0.857203484,-0.041217219,61.30289078,233.1929016,998.0878906,20.43564987,20.15181923,19.62965965,21.06277084,23.30793953,56.59978104,43.14170074,2.255000114,0.0558578491
0.1449095011,0.1403452039,0.1092545986,0.11166690589999999,0.10844320059999998,0.030807820000000003,0.5813670157999999,0.027819777583333333,2.007056952,-0.241807595,0.855592787,-0.05515695,61.30289078,228.1342926,998.0875244,20.43574905,20.15193939,19.62630081,21.07072067,23.32505989,56.61582947,43.17835999,2.407500029,0.055857860999999995
0.1450904965,0.1404695034,0.1092864037,0.1116758943,0.1084488988,0.0310270786,0.5928111076,0.027809193916666666,1.997993946,0.169709101,0.853981972,-0.041155871,67.98578644,225.1730957,998.0872192,20.43585014,20.15205956,19.62294006,21.0786705,23.34218025,56.63188171,43.21501923,2.262500048,0.055857860999999995
0.14517790079999998,0.1405514956,0.10931819679999999,0.1117200017,0.1084048986,0.0311945289,0.6171298027,0.027788306333333332,1.988929987,0.435788304,0.852371216,0.016911689,70.21341705,226.5202026,998.086792,20.43593979,20.15217972,19.61957932,21.08662033,23.35930061,56.64793015,43.25168991,2.207499981,0.055857873
0.1452340007,0.1406334996,0.10952279570000001,0.1117640972,0.1083443046,0.0310549706,0.5234313011,0.02775817871111111,1.979866982,-0.03116158,0.852204621,-0.036955189,70.21341705,229.0704041,998.0864258,20.43604088,20.15229988,19.61622047,21.09456062,23.37641907,56.66397858,43.28834915,2.307499886,0.055857878900000005
0.1452901959,0.1405354023,0.1095764995,0.1118082047,0.10836280579999999,0.0309627414,0.5734992027,0.02773930019722222,1.979415059,0.175192803,0.852519214,-0.01524346,70.21341705,228.6851959,998.0861206,20.43614006,20.15241051,19.61286926,21.10251045,23.39353943,56.68003082,43.32500839,2.039999962,0.055857878900000005
0.14510329959999999,0.1380121946,0.1095605969,0.1118523002,0.1084077954,0.0309184909,0.5971025944,0.027734663222222223,1.981832981,0.157191902,0.860955775,-0.019014191,70.21341705,227.3215027,998.0856934,20.43623924,20.15253067,19.60951042,21.11046028,23.41065979,56.69607925,43.36167145,2.269999981,0.0558578908
0.1451102018,0.1388903022,0.1095446944,0.11189639570000001,0.10845279690000001,0.028459560900000003,0.5270075798,0.02770750893611111,1.984251022,0.104739003,0.872099578,0.02574986,69.2092514,227.9002991,998.0853271,20.43634033,20.15265083,19.51454926,21.11841011,23.42778015,56.7121315,43.39833069,2.380000114,0.055857902800000005
0.1452085018,0.1400771022,0.10971950290000002,0.1119405031,0.1084977984,0.0291707903,0.471932888,0.02769757588611111,1.986667991,0.016642051,0.873757482,-0.024027539,68.87452698,229.1266022,998.085022,20.43642998,20.15276909,19.48317909,21.1263504,23.44490051,56.72817993,43.38412094,2.087500095,0.0558579087
0.14503339529999998,0.14042240379999998,0.1095824003,0.11198459860000001,0.1085427999,0.030494740599999997,0.4708600998,0.02768433041111111,1.992231965,-0.1856592,0.872253418,-0.087809831,68.87452698,226.9217072,998.0845947,20.43652916,20.15288925,19.48317909,21.13430023,23.46202087,56.74422836,43.35295105,2.289999962,0.0558579087
0.1451169014,0.1406080008,0.10952579979999999,0.11202869419999999,0.1086241961,0.030894291400000003,0.4837347031,0.027660155825,1.998844981,-0.241688401,0.870749414,0.066688299,68.87452698,226.8303986,998.0842285,20.43663025,20.15299988,19.48317909,21.14225006,23.47913933,56.76028061,43.32178116,2.164999962,0.0558579206
0.1453168988,0.1407935977,0.1095378041,0.1120332003,0.10871779919999999,0.031064850100000003,0.5127025127,0.02764459186111111,2.005458117,-0.1541875,0.869245172,-0.02938409,51.92425156,230.2429047,998.0839233,20.43672943,20.15312004,19.60066986,21.15019989,23.49625969,56.77632904,43.2906189,2.247499943,0.05585793260000001
0.14551700350000002,0.1409791946,0.1095497012,0.112024498,0.10867530110000001,0.0312353998,0.4998279095,0.027641612158333335,2.012069941,-0.214985102,0.867741108,0.058289129,46.27415848,234.4615021,998.0834961,20.43683052,20.1532402,19.63982964,21.15814018,23.51338005,56.79238129,43.25944901,2.059999943,0.0558579385
0.14571709630000002,0.1411648035,0.10956159830000001,0.1120157957,0.10858759879999999,0.0314059585,0.47121767999999997,0.027628695169444443,2.018682957,-0.184109494,0.866236985,-0.005260986,46.27415848,237.3753967,998.0831299,20.43692017,20.15336037,19.63982964,21.16609001,23.53050041,56.80842972,43.22827911,2.032500029,0.0558579385
0.145917201,0.14151270389999998,0.10940370559999998,0.1120071054,0.10849970579999998,0.0316834301,0.48766851429999997,0.02762141333611111,2.018564939,-0.143100902,0.864732921,-0.02613893,46.27415848,235.3213959,998.0827026,20.43701935,20.15346909,19.63982964,21.17403984,23.54762077,56.82447815,43.19710922,2.17750001,0.0558579504
0.1461171985,0.1416874051,0.10942150349999999,0.1118911028,0.10847760440000001,0.0319965303,0.5727838993,0.027589622075,2.016202927,0.570854485,0.864727795,-0.005227785,46.27415848,231.7563934,998.0822754,20.43712044,20.15358925,19.63982964,21.18198967,23.56473923,56.8405304,43.16593933,2.00999999,0.0558579624
0.1463173032,0.14178630109999998,0.1093559027,0.1118706942,0.1084774017,0.0323096305,0.5448890209,0.027568431430555557,2.013842106,0.131323203,0.865222275,0.0,65.09407043,229.9944,998.0819702,20.43721962,20.15370941,19.64455032,21.18992996,23.58185959,56.85657883,43.13476944,2.007499933,0.055857968300000005
0.146517396,0.1418853045,0.10940359829999999,0.11189399959999999,0.1084771991,0.0323594004,0.5785058975,0.02755385928611111,2.011480093,-0.201752707,0.865716875,0.0,71.36737823,228.8334045,998.081604,20.43732071,20.15382957,19.6508503,21.19787979,23.59897995,56.87263107,43.14574051,2.194999933,0.055857968300000005
0.1466169,0.1419100046,0.10950690510000001,0.111917305,0.1084769011,0.032321390500000005,0.5763601780000001,0.02753729926111111,2.006666899,-0.233820498,0.866211474,0.0,71.36737823,227.6723938,998.0811768,20.43741035,20.15394974,19.65714073,21.20582962,23.61610031,56.8886795,43.17076111,2.167500019,0.0558579803
0.1464275002,0.1417384982,0.1096102953,0.1119405985,0.1084766984,0.0322833806,0.6428790092,0.027520084380555556,2.001036882,0.312523991,0.866706014,-0.075634353,71.36737823,221.3679047,998.0808716,20.43750954,20.15406036,19.6634407,21.21377945,23.63322067,56.90473175,43.19578934,2.305000067,0.0558579922
0.1461529016,0.1415169954,0.10963610409999999,0.1119639039,0.1084764957,0.0320416093,0.5684924126,0.027513788011111113,1.995406985,0.554999411,0.867200613,0.047110189,71.36737823,220.396698,998.0805054,20.43761063,20.15418053,19.66972923,21.22171974,23.65033913,56.92078018,43.22080994,2.210000038,0.05585799809999999
0.1459732056,0.14129790069999998,0.10981489419999999,0.1119871974,0.10847619770000001,0.0317319214,0.5656313896,0.027517102558333333,1.989776015,0.666461825,0.867695212,0.02410721,72.8030777,231.0747986,998.0800781,20.43770981,20.15430069,19.67602921,21.22966957,23.66925049,56.93682861,43.24583054,2.272500038,0.05585799809999999
0.1458250999,0.1409844041,0.10989240410000001,0.11201059819999999,0.10847599509999999,0.0314222187,0.5670619011,0.027516441344444444,1.984145999,0.083519451,0.870114684,0.0,73.28164673,238.0010071,998.0797729,20.4378109,20.15442085,19.68231964,21.2376194,23.68876076,56.95288086,43.27085114,2.032500029,0.0558580101
0.1455345035,0.14063940049999998,0.1100950003,0.11203390360000001,0.10847580429999999,0.0309195489,0.5727839947,0.027502362991666664,1.978515983,0.341492295,0.873176098,-0.02430913,73.28164673,237.2050934,998.0794067,20.43790054,20.15453911,19.68861961,21.24556923,23.70826912,56.96892929,43.29587173,2.029999971,0.05585802199999999
0.1449193954,0.1401257038,0.1100353956,0.1122038007,0.10859709980000001,0.030631890899999997,0.5670619011,0.027484482658333333,1.97903502,0.224188596,0.876237392,-0.072387099,73.28164673,231.4178925,998.0789795,20.43799973,20.15464973,19.69491005,21.25351906,23.72777939,56.98498154,43.32088852,2.059999943,0.055858027899999996
0.1445505023,0.1395558,0.1098685026,0.112422502,0.1087160945,0.030200511200000002,0.46764130589999997,0.027462132772222224,1.98160398,0.321107209,0.879298687,-0.021428021,73.28164673,224.5713043,998.0786743,20.43810081,20.1547699,19.70121002,21.26145935,23.74728966,57.00030136,43.34590912,2.029999971,0.055858027899999996
0.1442942977,0.1393941998,0.1098358035,0.1123792052,0.10882099869999999,0.0296901792,0.4461836815,0.027465110355555555,1.984173059,0.391441792,0.883791625,-0.03082823,76.31339264,223.3740997,998.0783081,20.4382,20.15489006,19.58514023,21.26940918,23.76679993,57.01536942,43.37092972,2.387500048,0.055858051799999996
0.14412579539999998,0.1393689036,0.1098477006,0.11224859949999999,0.1088472009,0.0295038402,0.5549026012,0.027467100355555555,1.98674202,0.528892219,0.888761818,-0.071932532,77.32396698,224.0601044,998.0778809,20.43829918,20.15501022,19.54593086,21.27736092,23.7863102,57.03044891,43.39595032,2.172499895,0.055858051799999996
0.14398649930000001,0.139130199,0.10970760580000001,0.1121181011,0.1088472009,0.0296479791,0.5234313011,0.02747422324166667,1.989312053,0.231579706,0.893731773,0.052423861,77.32396698,228.4604034,998.0775757,20.43839073,20.15512085,19.54593086,21.28531075,23.80582047,57.04552078,43.37953186,2.180000067,0.0558580577
0.1438472033,0.13919579980000002,0.10969569679999999,0.11221330169999999,0.1088472009,0.0295059502,0.3982615948,0.027484156291666666,1.994214058,-0.155737206,0.898701906,0.001045315,77.32396698,238.1315002,998.0772095,20.43848991,20.15523911,19.54593086,21.29324913,23.82533073,57.06058884,43.34930038,2.407500029,0.0558580577
0.1440459013,0.13929300309999998,0.10974340440000001,0.1121099949,0.1088472009,0.0294762403,0.535590601,0.02752538045277778,1.999894977,-0.192811906,0.90367198,-0.007760007,45.29663086,241.1784058,998.0767822,20.4385891,20.15535927,19.59299088,21.30120087,23.84482956,57.07566833,43.31906128,2.109999895,0.0558580816
0.14401710029999998,0.1393589973,0.10948710440000001,0.112054503,0.1088472009,0.0297368199,0.5069804192,0.027634652455555554,2.005575895,-0.228813604,0.908642113,0.0,34.62084961,238.5072937,998.076416,20.43869019,20.15547943,19.60605049,21.3091507,23.86433983,57.0907402,43.2888298,2.192500114,0.0558580816
0.1441586018,0.1394822001,0.109522903,0.11204529999999999,0.1088472009,0.0298131704,0.5663465977000001,0.027763131458333333,2.01125598,-0.200322196,0.913612187,0.0,34.62084961,234.815506,998.0759888,20.43878937,20.15559959,19.60256958,21.31708908,23.8838501,57.0851593,43.2585907,2.057499886,0.0558580875
0.14439480300000002,0.1396244049,0.10954220290000001,0.11203609699999999,0.1086670041,0.029947450799999997,0.5141329765,0.027837971583333333,2.016937017,-0.183394104,0.916308522,0.0,34.62084961,232.3072052,998.0756836,20.43888092,20.15571022,19.59907913,21.32504082,23.90336037,57.0727005,43.22835922,2.275000095,0.0558580875
0.1444579005,0.1397665977,0.1095124006,0.1120268941,0.10857299570000001,0.030129391,0.47622442249999997,0.027863138000000003,2.016741991,-0.232270703,0.918246806,0.0,34.62084961,232.7449951,998.0753174,20.4389801,20.15583038,19.59560013,21.33299065,23.90613937,57.06023026,43.19812012,2.160000086,0.0558581114
0.1444633007,0.1397788048,0.1094825983,0.1120177031,0.10852769609999999,0.030311331200000003,0.5026888847000001,0.027860834333333334,2.014589071,-0.225117996,0.920185089,0.0,54.86220932,234.0334015,998.0750122,20.43907928,20.15595055,19.59210968,21.34094048,23.90332985,57.04777145,43.16788101,2.262500048,0.0558581114
0.1444687963,0.1394183993,0.10945270060000001,0.1120085001,0.1084823966,0.0303334296,0.5266499996,0.027861804972222223,2.012434959,-0.121762,0.922123492,-0.02178354,61.60932922,231.4234924,998.074585,20.43918037,20.15607071,19.58863068,21.34888077,23.90052032,57.03530884,43.13764954,2.057499886,0.055858117299999996
0.1444741964,0.139626801,0.10953480010000001,0.1119992018,0.1084370971,0.029883590300000002,0.5452466011,0.027838971888888887,2.01028204,-0.202587202,0.922608078,-0.00726118,61.60932922,230.246994,998.0742188,20.43927956,20.15619087,19.58514023,21.3568306,23.89772034,57.02285004,43.15674973,2.315000057,0.055858117299999996
0.1444797039,0.1396973014,0.10952069760000001,0.1119899988,0.10839179750000001,0.03016949,0.515563488,0.027807165777777774,2.004961014,-0.242642105,0.921702623,-0.076856174,61.60932922,228.4772949,998.0739136,20.4393692,20.15629959,19.58165932,21.36478043,23.89491081,57.01037979,43.19229126,2.204999924,0.0558581412
0.14448510409999998,0.13964649440000002,0.1094622016,0.11198079590000001,0.108346498,0.0302624106,0.5835126877000001,0.027784332694444445,1.998584032,-0.245979995,0.920495212,-0.002565561,61.60932922,226.2062988,998.0734863,20.43947029,20.15641975,19.57817078,21.37273026,23.89209938,56.99792099,43.22782898,2.253750086,0.0558581412
0.1444313049,0.1395957947,0.10940370559999998,0.11197160479999999,0.1083011985,0.0301937491,0.44046158789999995,0.0277709198,1.992205977,-0.2368007,0.919287801,-0.035946161,68.08682251,225.644104,998.0731201,20.43956947,20.15653992,19.57468987,21.38067055,23.88929939,56.98545837,43.26337051,2.418750048,0.0558581471
0.1443575978,0.1395449996,0.10934510230000001,0.11190810200000001,0.10828989739999999,0.0301876605,0.4654955864,0.02775966432222222,1.985828996,-0.238469705,0.918080389,-0.050903589,70.24598694,225.6515961,998.0728149,20.43967056,20.15666008,19.57119942,21.38862038,23.88648987,56.99446106,43.29890823,2.332499981,0.0558581471
0.1443773985,0.1396538973,0.10928659439999999,0.111826396,0.10828989739999999,0.0302024305,0.49052948949999997,0.027734998066666666,1.979450941,-0.2451455,0.916873097,-0.041209619,70.24598694,225.6591034,998.0723877,20.43976974,20.15677071,19.56771088,21.39657021,23.88368034,57.01060867,43.33444977,2.207499981,0.055858171
0.1444283009,0.1398161054,0.1092280984,0.1116253018,0.1081735015,0.030484831299999997,0.5584787846,0.02771827273888889,1.980839014,-0.233224407,0.915665686,-0.009696532,70.24598694,225.6665955,998.0720215,20.43987083,20.15689087,19.56422997,21.40452003,23.88088036,57.02677155,43.36999893,2.375,0.055858171
0.14447920320000002,0.1399034023,0.1091694951,0.1115782976,0.10812250379999999,0.030682379,0.525577116,0.02770568847777778,1.984815955,-0.2351318,0.914458275,-0.073464803,70.24598694,224.0970001,998.0717163,20.43996048,20.15700912,19.56073952,21.41246033,23.87807083,57.04291916,43.40554047,2.207499981,0.0558581829
0.1445301056,0.13996579650000002,0.1091109991,0.1115960002,0.1081061959,0.030821898599999998,0.5413126945,0.027682673136111113,1.988793015,-0.243715003,0.913250983,0.007658426,45.27346039,220.4261932,998.0712891,20.44005966,20.15712929,19.55726051,21.42041016,23.87527084,57.05907822,43.38888168,2.257499933,0.05585818890000001
0.14458099600000002,0.1400282025,0.1090525031,0.1116137028,0.1080899,0.030961421099999997,0.5441737175,0.02767605039722222,1.995066047,-0.245979995,0.912043571,-0.008430345,36.94927979,225.6842957,998.0709229,20.44016075,20.15724945,19.55377007,21.42835999,23.87245941,57.07524109,43.3548317,2.224999905,0.05585818890000001
0.1446318984,0.1401448011,0.1089939952,0.11155970099999998,0.1080736041,0.031100940700000003,0.5616974831,0.027658170063888887,2.002104044,-0.246139005,0.91083622,0.063058943,36.94927979,234.0937042,998.0706177,20.44025993,20.15736008,19.55028915,21.43630981,23.86964989,57.0913887,43.32077026,2.349999905,0.0558582008
0.1448676944,0.1402794957,0.1089354038,0.1114817977,0.10805729630000001,0.0312404603,0.5888772011000001,0.027643269433333333,2.009143114,-0.246298,0.906950891,0.02314697,36.94927979,242.5030975,998.0701904,20.44035912,20.15748024,19.54680061,21.44425964,23.8668499,57.10755157,43.28672028,2.407500029,0.0558582127
0.14497849940000002,0.1404142022,0.1087242007,0.1114040017,0.1080410957,0.031553131299999995,0.5398820877,0.027619425455555558,2.016180992,-0.2334629,0.902172923,0.069294803,65.53373718,247.1847992,998.0698242,20.44045067,20.1576004,19.64003944,21.45219994,23.86404037,57.12369919,43.25267029,2.222500086,0.0558582187
0.14525079729999998,0.1408066034,0.10879269840000001,0.1112707973,0.10802479979999999,0.0316461712,0.4955362797,0.027608500586111112,2.018393993,-0.216296494,0.897395015,0.074798651,75.06188965,246.7075958,998.069397,20.44054985,20.15772057,19.67140961,21.45079041,23.86123085,57.13985825,43.21860886,2.039999962,0.0558582187
0.1455976963,0.1408795953,0.1089715004,0.1111191034,0.1079898,0.031843999,0.5062652111,0.027595751019444444,2.0189991,0.197485298,0.892616987,0.051339421,75.06188965,244.9248962,998.0689697,20.44065094,20.15784073,19.67140961,21.44625092,23.85843086,57.15600967,43.18455887,2.022500038,0.0558582306
0.1455016971,0.1408174992,0.10899829860000002,0.1111315012,0.10794869659999999,0.0318633586,0.5127025127,0.027580517663888887,2.019603014,0.212029099,0.887839019,-0.047983449,75.06188965,236.5294037,998.0687256,20.44075012,20.15794945,19.67140961,21.44171906,23.85561943,57.17216873,43.15050888,2.075000048,0.0558582425
0.1452581048,0.1405696988,0.10897450449999999,0.1111984015,0.1079076052,0.031801319099999996,0.5127025127,0.027560814752777777,2.012914896,-0.03533398,0.886258185,0.01262299,75.06188965,228.4468994,998.0682983,20.4408493,20.15806961,19.67140961,21.43717957,23.85281944,57.18832016,43.16868973,2.224999905,0.0558582485
0.1450144053,0.1402598977,0.1089506984,0.1112655044,0.10786639449999999,0.0316607386,0.6242824078,0.02755750020277778,2.003797054,0.527342498,0.88574332,0.01080234,63.79288864,228.451004,998.0678711,20.44094086,20.15818977,19.60083008,21.43264008,23.85000992,57.20447922,43.20428848,2.075000048,0.0558582485
0.1447708011,0.14012769460000002,0.10878369809999999,0.11125529999999999,0.1078253031,0.0314939797,0.5091261864,0.027536307441666668,1.994678974,0.093056433,0.885228276,0.046280831,60.03656006,228.7718048,998.067627,20.44104004,20.15830994,19.57729912,21.42811012,23.84720039,57.22063065,43.23989105,2.265000105,0.055858260400000005
0.1446737051,0.1400547028,0.1087360978,0.1112195015,0.1077841043,0.0313707799,0.5463194846999999,0.02751710043888889,1.985561013,0.01974155,0.886292577,0.061996002,60.03656006,236.3162994,998.0671997,20.44113922,20.15842056,19.57729912,21.42357063,23.84440041,57.2367897,43.27548981,2.252500057,0.0558582723
0.14462549689999998,0.13979380130000002,0.1087440014,0.1111835957,0.107743001,0.031262099700000004,0.5463194846999999,0.02751312679722222,1.982252955,0.211075306,0.887883425,0.01552302,60.03656006,242.7839966,998.0667725,20.44124031,20.15854073,19.57729912,21.41904068,23.84159088,57.25294113,43.31110001,2.122499943,0.055858278299999994
0.1444265008,0.1394701958,0.10875190500000001,0.1111477971,0.1077309966,0.031018731,0.5072187901,0.027507167391666667,1.980882049,-0.030923201,0.889474213,0.03591343,60.03656006,243.5767059,998.0665283,20.44133949,20.15866089,19.57729912,21.41449928,23.83879089,57.26910019,43.34669876,2.329999924,0.055858278299999994
0.1441773057,0.13931440109999998,0.10853929520000001,0.11111199860000001,0.1076908946,0.0309278101,0.46811809540000004,0.027522070141666667,1.979511023,0.084115542,0.891064882,-0.025555121,63.91654968,238.0796967,998.0661011,20.44142914,20.15877914,19.74200058,21.40996933,23.83597946,57.28525925,43.38230133,2.109999895,0.05585829020000001
0.144143796,0.1392145038,0.1086465955,0.1110574007,0.1076382041,0.0306801111,0.45834298130000006,0.027634989419444443,1.97814095,0.151469797,0.892655671,-0.01250875,65.20987701,230.9790039,998.0656738,20.44153023,20.15889931,19.7968998,21.40542984,23.83316994,57.30141068,43.41790009,2.152499914,0.0558583021
0.14418230059999998,0.1391147017,0.1084380031,0.110996604,0.10758539439999999,0.030778089199999997,0.5398821831,0.027738302019444445,1.985293031,0.356036097,0.895492494,-0.039519358,65.20987701,227.6808929,998.0654297,20.44162941,20.15900993,19.7968998,21.40089035,23.83036995,57.30894089,43.39928055,2.005000114,0.0558583081
0.1442206979,0.1392735958,0.10839780569999999,0.1109359026,0.1075327039,0.030675780800000003,0.491960001,0.027772746616666667,1.995285034,0.402051598,0.898744524,-0.01317312,65.20987701,230.3014984,998.0650024,20.4417305,20.1591301,19.7968998,21.3963604,23.82756042,57.313591,43.36259842,2.307499886,0.0558583081
0.1441733956,0.1392163038,0.10846339460000001,0.1108751059,0.1074798942,0.0308236688,0.612838316,0.027783667249999998,2.005278111,-0.086475551,0.901996613,-0.049034819,65.20987701,231.8139038,998.0645752,20.44182968,20.15925026,19.7968998,21.39182091,23.8247509,57.31824112,43.32590866,2.234999895,0.055858319999999996
0.1440976977,0.1390581012,0.1085289001,0.110848701,0.1074270964,0.0307331711,0.5885196209,0.027759168413888886,2.015270948,-0.220349595,0.905248702,-0.08933349,61.95769882,229.2709045,998.06427,20.44193077,20.15937042,19.65572929,21.38728905,23.82195091,57.32287979,43.2892189,2.289999962,0.0558583319
0.1437397003,0.13877689840000001,0.10859450100000001,0.11083379980000001,0.1073744059,0.0305228114,0.5363059044,0.027734330494444445,2.016648054,-0.236919999,0.908500791,-0.024329521,60.87363815,227.7198029,998.0639038,20.44202042,20.15947914,19.60866928,21.38274956,23.81913948,57.32752991,43.25252914,2.082499981,0.0558583379
0.1432875991,0.1384546995,0.1084722996,0.11100039479999999,0.10736119749999999,0.0303124398,0.612838316,0.027728042602777777,2.015152931,-0.191381305,0.91175288,-0.031412318,60.87363815,231.6246948,998.0634766,20.4421196,20.1595993,19.60866928,21.37821007,23.81632996,57.33218002,43.21585083,2.037499905,0.0558583379
0.1431447983,0.13831520079999998,0.1082875013,0.111018002,0.10736119749999999,0.0301020801,0.6049705029,0.027717772588888887,2.013658047,-0.227740705,0.915258884,-0.03456901,60.87363815,234.4654999,998.0631714,20.44222069,20.15971947,19.60866928,21.37368011,23.81352997,57.33683014,43.17916107,2.154999971,0.0558583498
0.143105197,0.1382364988,0.1081027031,0.1108348012,0.10736119749999999,0.0301603287,0.4726480961,0.027688632541666668,2.012162924,0.238017097,0.918849528,-0.008032745,42.37015915,232.815094,998.0626831,20.44231987,20.15983963,19.56160927,21.36914063,23.81072044,57.34148026,43.14247131,2.400000095,0.055858361700000005
0.1430655003,0.1383730054,0.1079179049,0.11060800550000001,0.1072528958,0.0303081214,0.5656312942999999,0.027668766444444444,2.010668993,-0.085283458,0.922440112,0.0,36.20233917,229.9626007,998.0623779,20.44241905,20.15995979,19.54593086,21.36461067,23.79920006,57.34613037,43.14902115,2.454999924,0.0558583677
0.14330430030000002,0.1383674979,0.1080862999,0.1103811026,0.10719250440000001,0.030286639900000002,0.5799365044,0.027653753491666665,2.007471085,-0.244311094,0.926030815,0.0,36.20233917,233.5269012,998.0620117,20.4425106,20.16007042,19.54593086,21.36006927,23.78475952,57.35078049,43.16999054,2.434999943,0.0558583677
0.1432546973,0.1382907987,0.10805059669999999,0.11037069559999999,0.107159996,0.0303922802,0.5055499077000001,0.027638742658333337,2.003705978,-0.220230401,0.927832007,-0.046536058,36.20233917,234.7980042,998.0615845,20.44260979,20.16019058,19.54593086,21.35553932,23.77033043,57.3554306,43.19095993,2.295000076,0.055858379599999994
0.1430781007,0.1382141948,0.10790749790000001,0.1104323983,0.10712759489999998,0.030387789,0.5141329765,0.027637969122222224,1.999940991,-0.189235494,0.929036915,-0.068330757,36.20233917,231.8200073,998.0612793,20.44271088,20.16031075,19.54593086,21.35099983,23.75589943,57.36008072,43.21192932,2.38499999,0.05585839150000001
0.1431357026,0.1382874966,0.10795220139999999,0.11036050319999999,0.10709509850000001,0.030326190600000004,0.5370212078,0.027615121205555555,1.996176004,-0.216177195,0.930241704,-0.040145129,62.3625412,227.9181061,998.0609131,20.44281006,20.16043091,19.54593086,21.34646034,23.7414608,57.36473083,43.23289871,2.092499971,0.055858397500000004
0.14305069450000002,0.1381240964,0.1080595016,0.11024400000000001,0.1070626974,0.030264589200000004,0.586373806,0.02758332994166667,1.992411017,-0.242403701,0.931446612,-0.03625321,71.08260345,226.7303009,998.0604858,20.44290924,20.16054916,19.54593086,21.34193039,23.7270298,57.3805809,43.2538681,2.220000029,0.055858397500000004
0.1428920984,0.1380190969,0.10792529580000002,0.11030900480000001,0.10703029630000001,0.030202990800000003,0.5649160862,0.027575382655555557,1.98864603,-0.246933699,0.932651281,-0.009580082,71.08260345,229.0162048,998.0601807,20.44300079,20.16065979,19.54593086,21.3373909,23.71258926,57.40016937,43.27482986,2.341249943,0.055858409399999996
0.1428823948,0.137965405,0.10797899959999999,0.11026799679999999,0.1069977999,0.030042219199999998,0.5162786961,0.027564455669444442,1.984881043,-0.216058001,0.933856189,-0.037121069,71.08260345,228.5709991,998.0598145,20.44309998,20.16077995,19.54593086,21.33286095,23.69816017,57.41976166,43.29579926,2.39625001,0.0558584213
0.14278709890000002,0.13777730459999998,0.10786279439999999,0.11017149690000001,0.10686780209999999,0.0300371885,0.5341600895,0.027541442447222224,1.985872984,0.300245315,0.935060978,-0.068841629,71.08260345,223.2581024,998.0593872,20.44319916,20.16090012,19.54593086,21.32831955,23.68372917,57.43933868,43.31676865,2.154999971,0.0558584273
0.1426466942,0.1371302962,0.10766019819999999,0.11025290489999999,0.1068228006,0.030095091499999997,0.5248618126,0.027515614827777778,1.988451004,0.525077522,0.936265886,-0.018822649,64.51615143,219.0048981,998.059082,20.44330025,20.16102028,19.54593086,21.32378006,23.66930008,57.45893097,43.33774185,2.287499905,0.0558584273
0.1426856041,0.13753529790000002,0.10760949849999998,0.1101824999,0.1068171024,0.0294492513,0.5384517193,0.027501207986111113,1.991027951,-0.042009789,0.937470675,-0.02596326,62.32733154,223.9617004,998.0587158,20.44339943,20.16113091,19.54593086,21.31925011,23.65485954,57.47851944,43.35871124,2.367500067,0.0558584392
0.142623198,0.1378519058,0.10760949849999998,0.1100417972,0.10681120159999999,0.029901990299999997,0.5651546001,0.027497562833333333,1.993605971,-0.239155203,0.939962626,-0.01074454,62.32733154,228.9028931,998.0582886,20.44348907,20.16124916,19.54593086,21.31471062,23.64043045,57.49811172,43.35485077,2.144999981,0.0558584511
0.1427569032,0.1380066037,0.10748430490000001,0.1099488974,0.10680550339999999,0.030329790699999998,0.591857481,0.02748431735555556,1.996183991,-0.241658598,0.942883372,0.02108632,62.32733154,230.4687042,998.0579834,20.44359016,20.16136932,19.54593086,21.31018066,23.62599945,57.51768875,43.34272003,2.317500114,0.0558584571
0.1429738998,0.13816139700000002,0.107478404,0.1098719954,0.1066956997,0.0303714305,0.5191398144,0.027472065819444443,1.998761058,-0.244161993,0.945804417,-0.02474547,53.29710007,231.223999,998.0576172,20.44368935,20.16148949,19.54593086,21.30563927,23.61156082,57.53728104,43.33060074,2.30250001,0.0558584571
0.1430232048,0.1380689979,0.1075260043,0.1097951055,0.10665190220000001,0.030587300699999997,0.6385875225000001,0.027469418844444447,2.001338959,-0.246665403,0.948725224,-0.037532579,50.28702927,228.7841034,998.057312,20.44379044,20.16160965,19.54593086,21.30110931,23.59712982,57.55686951,43.31847,2.067500114,0.055858469
0.1428923011,0.1378941059,0.1075737,0.109850204,0.10664160250000002,0.030531009999999997,0.5305839062000001,0.027472396427777778,2.003916025,0.221208304,0.95164609,-0.05222328,50.28702927,225.2790985,998.0568848,20.44388962,20.16172028,19.54593086,21.29656982,23.58270073,57.57646179,43.30633926,2.210000038,0.05585848089999999
0.14271999600000002,0.13788720370000002,0.107576704,0.1099491954,0.1066313028,0.030356138900000003,0.46978712079999996,0.027455512152777778,2.006494045,-0.090409547,0.954567015,-0.074096553,50.28702927,221.7742004,998.0565186,20.44397926,20.16184044,19.54593086,21.29203033,23.56826019,57.59603882,43.29420853,2.220000029,0.0558584929
0.1428074956,0.1379362941,0.107564795,0.10992690320000001,0.10662100320000001,0.0303739995,0.5999637126999999,0.027448554569444446,2.009071112,-0.121165998,0.957487881,-0.04972804,50.28702927,218.2691956,998.0560913,20.44408035,20.1619606,19.54593086,21.28750038,23.55382919,57.6156311,43.2820816,2.372499943,0.0558584929
0.1427095056,0.13798539640000002,0.1073114991,0.1098641038,0.10661079879999999,0.0305606514,0.5391668797,0.02751279618888889,2.011648893,-0.205329001,0.960408688,-0.009945608,64.50126648,220.8948059,998.0557251,20.44417953,20.16208076,19.54593086,21.28296089,23.5394001,57.63521957,43.26995087,2.122499943,0.0558584988
0.1429528952,0.1381338,0.10721909999999998,0.1098013997,0.1066004992,0.0307821691,0.5084108829,0.027583003575,2.01422596,-0.161459297,0.963329613,-0.0510225,69.23935699,222.3361053,998.0554199,20.44428062,20.16220093,19.54593086,21.27843094,23.52495956,57.65481186,43.25782013,2.035000086,0.055858510699999996
0.1431010008,0.13831520079999998,0.1072072029,0.1097386003,0.10653589960000001,0.0310036808,0.49052948949999997,0.027606184216666666,2.013483047,-0.207236394,0.966250479,-0.088667743,69.23935699,219.4438934,998.0549927,20.44437981,20.16230965,19.54593086,21.27388954,23.51053047,57.67440033,43.24570084,2.272500038,0.0558585227
0.1433280945,0.13862819669999998,0.10725779529999999,0.1097205997,0.1064532042,0.0310246915,0.5634856224,0.02761545181388889,2.011631966,0.280456185,0.969171405,-0.048851479,69.23935699,215.4660034,998.0546265,20.44446945,20.16242981,19.54593086,21.26935959,23.49609947,57.69398117,43.2335701,2.410000086,0.0558585227
0.1434067965,0.1386747956,0.10732929710000001,0.10971759560000001,0.10643249749999999,0.0312809795,0.5899500847,0.027613796658333335,2.009780884,-0.030088671,0.968635619,0.01340919,69.23935699,214.4714966,998.0543213,20.44457054,20.16254997,19.54593086,21.26610947,23.48166084,57.70476913,43.22143936,2.400000095,0.0558585286
0.1434183955,0.138617897,0.1073114038,0.10971460340000001,0.10643249749999999,0.0312918305,0.5899500847,0.027601545122222224,2.00793004,0.04656405,0.966947615,-0.055081151,71.48565674,227.2536926,998.053894,20.44466972,20.16267014,19.49887085,21.26329994,23.46722984,57.71260834,43.20930862,2.292500019,0.0558585405
0.14333939550000002,0.1385611057,0.10731740000000001,0.1097115993,0.10643249749999999,0.0311872989,0.6650518894,0.02758200751388889,2.006078959,-0.001358822,0.964362621,-0.02077491,72.23442841,232.7151031,998.0535278,20.44477081,20.16278076,19.4871006,21.26049042,23.45280075,57.72045898,43.21049118,2.305000067,0.055858552500000005
0.1432301998,0.1383283019,0.1074486017,0.10970859529999999,0.10643249749999999,0.0310827792,0.6922317028,0.027568264008333333,2.004228115,-0.1863745,0.96147871,-0.056881301,72.23442841,229.0659027,998.0532227,20.44487,20.16290092,19.49233055,21.25768089,23.43836021,57.72830963,43.21612167,2.117500067,0.055858552500000005
0.14288899900000002,0.1380368948,0.1074813008,0.1097056031,0.1064401984,0.0309018791,0.6285738945,0.02755700641111111,2.002377033,-0.238231301,0.95859468,-0.090044066,72.23442841,223.6665039,998.0527954,20.44495964,20.16301918,19.4975605,21.25486946,23.42392921,57.73616028,43.22174072,2.125,0.0558585584
0.1426190972,0.1377454996,0.1074694037,0.10970259899999998,0.10645040269999999,0.030513051200000002,0.6221365929,0.027531341977777776,2.000525951,-0.218203798,0.955710828,-0.072267942,72.23442841,219.6685944,998.0524292,20.44506073,20.16313934,19.50279045,21.25205994,23.40950012,57.74401093,43.22735977,2.247499943,0.0558585703
0.1423989058,0.13756589889999998,0.10735909939999999,0.1096994996,0.10646059510000001,0.030401998800000003,0.5563330173,0.027549552916666668,1.998674989,-0.044036411,0.952826798,-0.095574357,61.72732925,219.2722931,998.052124,20.44515991,20.16325951,19.5080204,21.24925041,23.39505959,57.75185013,43.23297882,2.414999962,0.0558585823
0.1424033999,0.1376345992,0.1072160959,0.1096964955,0.1064707994,0.0304038286,0.4812312126,0.027662474313888887,1.996824026,-0.180413902,0.952642322,-0.079674177,58.22496033,218.6802063,998.0516968,20.44525909,20.16337013,19.51324081,21.24644089,23.38063049,57.75970078,43.23860168,2.347500086,0.0558585823
0.1424828053,0.1377735972,0.1072607994,0.10969350339999999,0.1064810038,0.030405661499999997,0.5563331127,0.027725060780555554,1.994972944,-0.244519606,0.953357518,-0.063790023,58.22496033,217.6744995,998.0512695,20.44536018,20.1634903,19.51847076,21.24362946,23.36619949,57.76755142,43.24422073,2.25,0.0558585882
0.1425979018,0.13768039940000001,0.10736809970000001,0.10969049930000001,0.1064911962,0.0304074913,0.5634856224,0.027724397447222222,1.993121982,-0.244638801,0.954072714,-0.054242302,58.22496033,216.6687927,998.0510254,20.44544983,20.16361046,19.52370071,21.24081993,23.35176086,57.77539825,43.24983978,2.230000019,0.0558586001
0.1425611019,0.1376672029,0.1072697043,0.10968749520000001,0.10650140050000001,0.0304093212,0.5169939995,0.027727046541666668,1.992527008,-0.244758099,0.954788029,-0.037351418,69.52230835,218.2438049,998.0505981,20.44555092,20.16373062,19.52893066,21.23801041,23.33732986,57.7832489,43.25547028,2.387500048,0.0558586121
0.1424697042,0.1375246048,0.1073531985,0.1096845031,0.10651160479999999,0.0303446293,0.4976819992,0.027751882341666666,1.992349982,-0.244877294,0.956471622,-0.054833569,73.28809357,223.1380005,998.0501709,20.4456501,20.16385078,19.53416061,21.23520088,23.32290077,57.753479,43.26108932,2.36500001,0.055858618000000006
0.1423782945,0.1374737978,0.10739849809999999,0.109801805,0.10652179719999999,0.0302577615,0.5577635765,0.02780422211111111,1.992174029,-0.119199,0.958477914,-0.01556813,73.28809357,226.9293976,998.0499268,20.44574928,20.1639595,19.53939056,21.23238945,23.30846024,57.71115875,43.26670837,2.227499962,0.055858618000000006
0.1422868013,0.1374824047,0.10740330220000001,0.10983510020000001,0.1065320015,0.030170899600000002,0.576360321,0.027870750416666666,1.991997004,0.04841182,0.960484207,-0.052203421,73.28809357,225.4539032,998.0493774,20.44585037,20.16407967,19.54462051,21.22957993,23.29402924,57.66884995,43.27233124,2.369999886,0.0558586299
0.1422888041,0.1374938011,0.107407999,0.10982700590000001,0.1065422058,0.030084028800000003,0.5198551177999999,0.027931694444444446,1.991821051,0.240520507,0.962490618,-0.088859327,73.28809357,222.4364014,998.0490723,20.44594002,20.16419983,19.54985046,21.2267704,23.27960014,57.62652969,43.27795029,2.467499971,0.05585864189999999
0.1423218966,0.1375053048,0.10741280319999999,0.10981889959999999,0.1065523982,0.02999717,0.43044810299999997,0.028000888833333334,1.991644025,0.116421796,0.964496911,-0.0238194,58.2650795,219.4188995,998.0487061,20.4460392,20.16431999,19.55508041,21.22396088,23.26515961,57.58420944,43.28356934,2.359999895,0.05585864780000001
0.142355001,0.1375167966,0.1074175954,0.10981080530000001,0.10656269789999999,0.030099090899999997,0.48409218789999997,0.02806183286111111,1.991467953,-0.170161799,0.966503322,-0.043241471,53.25740814,224.0796967,998.0482788,20.44614029,20.16443062,19.56030083,21.22114944,23.25073051,57.54190063,43.28919983,2.125,0.05585864780000001
0.1423881054,0.1375282049,0.1072847009,0.1098026991,0.1065704942,0.030263939499999996,0.4368854046,0.028118777805555557,1.991291046,0.314073801,0.968509614,-0.064142764,53.25740814,224.9104004,998.0479736,20.44623947,20.16455078,19.56553078,21.21833992,23.23629951,57.49958038,43.29481888,2.375,0.0558586597
0.14242119790000002,0.1377249956,0.10710580350000001,0.1097946048,0.106577599,0.030428791,0.4554820061,0.028187334277777778,1.991114974,-0.025916319,0.970515907,-0.037509728,53.25740814,223.6112061,998.0476074,20.44634056,20.16467094,19.57076073,21.2155304,23.22186089,57.45727158,43.30044174,2.180000067,0.055858671699999994
0.142730999,0.1379835963,0.10722210409999999,0.1097864985,0.10658470390000001,0.0305283815,0.6607604979999999,0.028259749944444443,1.990937948,-0.234774202,0.972522318,-0.0252658,53.25740814,223.8621063,998.0471802,20.44643021,20.1647892,19.57599068,21.21272087,23.20742989,57.41495895,43.30606079,2.005000114,0.0558586776
0.1431329012,0.138242197,0.10743670460000002,0.1097784042,0.10659179690000001,0.0306062102,0.5377365112,0.028332138055555556,1.990761995,0.069571793,0.974528611,-0.069198221,72.41184998,224.6296997,998.046875,20.44652939,20.16490936,19.53023911,21.20990944,23.19300079,57.3726387,43.31167984,2.039999962,0.0558586776
0.1432872057,0.13833609819999998,0.10739190579999999,0.109770298,0.1065989017,0.0308335513,0.5270075798,0.028330389666666664,1.99058497,-0.02520103,0.976535022,-0.091261864,78.79666901,220.2649994,998.0465088,20.44663048,20.16501999,19.5145607,21.20709991,23.17856026,57.3303299,43.31729889,2.015000105,0.0558586895
0.1433590055,0.13864710330000002,0.1072607994,0.10976209640000001,0.10660599470000001,0.0311107188,0.5570484161,0.02829794352777778,1.990409017,-0.194480807,0.978541315,-0.042151779,78.79666901,219.271698,998.0460815,20.44672966,20.16514015,19.5145607,21.20429039,23.16412926,57.28800964,43.32292175,2.292500019,0.055858701499999996
0.1438271046,0.1390486956,0.10727449659999999,0.1097540021,0.10661309960000001,0.0313879013,0.5270075798,0.02817508275,1.990231991,-0.242284507,0.980547726,-0.03617695,78.79666901,223.9649963,998.0457764,20.44683075,20.16526031,19.5145607,21.20148087,23.16428947,57.24570084,43.3285408,2.082499981,0.0558587074
0.1440201044,0.1391055942,0.10733649730000001,0.10965830089999999,0.1066202044,0.0317514986,0.5220007896000001,0.028012833055555554,1.990056038,-0.044394031,0.982554018,-0.0249412,78.79666901,227.1743011,998.0454102,20.44692039,20.16538048,19.5145607,21.19866943,23.16930008,57.23934174,43.33415985,1.942499995,0.0558587074
0.1440773964,0.1393278956,0.10739849809999999,0.1097354054,0.10662729740000002,0.031788179300000004,0.5820823193,0.027962472694444445,1.989879012,-0.169684902,0.984560311,-0.00498824,69.4919281,226.2720032,998.0449829,20.44701958,20.1654892,19.42044067,21.19585991,23.17432022,57.24496841,43.33979034,2.095000029,0.055858719300000005
0.1442860007,0.13935619589999998,0.1074604988,0.10976250169999999,0.10663440230000001,0.031897169399999994,0.6378723145,0.02801313825,1.989703059,-0.041175328,0.986566722,-0.055744849,66.39034271,226.2030029,998.0446777,20.44712067,20.16560936,19.38907051,21.19305038,23.17934036,57.25059891,43.34540939,2.255000114,0.0558587313
0.1443714023,0.13948080540000002,0.1075224996,0.109750402,0.10664139989999999,0.0318516403,0.5577635765,0.02807274925,1.989526987,0.114275999,0.988573015,-0.063299827,66.39034271,225.6873932,998.0443115,20.44721985,20.16572952,19.38907051,21.19024086,23.1843605,57.25622177,43.35102844,2.394999981,0.055858737199999994
0.1441503048,0.1391826034,0.1077525973,0.1097383022,0.10664850470000001,0.031733399600000003,0.6557537079,0.02814377677777778,1.989349961,-0.146081105,0.990579426,-0.048597641,66.39034271,224.8126984,998.0438843,20.44732094,20.16584969,19.38907051,21.18742943,23.18938065,57.19989014,43.35665131,2.227499962,0.055858737199999994
0.1438462973,0.1387223005,0.10782409909999999,0.1099050999,0.1066555977,0.0314038903,0.5870891094,0.028219973250000002,1.989174008,-0.243178502,0.992585719,-0.104733199,60.3351593,223.9380035,998.0435791,20.44741058,20.16596985,19.50671959,21.1846199,23.19440079,57.12290955,43.36227036,2.227499962,0.0558587492
0.1434334993,0.1384866953,0.107752502,0.11013139489999998,0.1067054033,0.0310039699,0.5284380913,0.028320471444444443,1.988996983,-0.243416995,0.994592011,-0.059090462,58.31676102,219.1750031,998.0432129,20.44750977,20.16608047,19.54593086,21.18181038,23.19942093,57.04592133,43.3678894,2.107500076,0.0558587611
0.14321089979999999,0.13832590579999998,0.1078539014,0.1101812959,0.1067693949,0.0306040406,0.6843637943,0.028416139805555553,1.99259603,0.341969103,0.996598423,-0.0287682,58.31676102,222.3305969,998.0427856,20.44761086,20.16620064,19.54593086,21.17900085,23.20443916,56.96894073,43.3735199,2.022500038,0.055858767
0.1430637956,0.1381651998,0.10780620569999999,0.1101724982,0.10683339830000001,0.030492788599999997,0.6850790977,0.028487695055555554,1.997452974,0.632605672,0.998604715,-0.037648778,58.31676102,226.2935028,998.0424194,20.44771004,20.1663208,19.54593086,21.17618942,23.2094593,56.8919487,43.36166,2.055000067,0.055858767
0.1429167986,0.1380045056,0.1078835964,0.11016360519999999,0.1068972945,0.0302065194,0.5084108829,0.028543639722222222,2.002310991,0.340419412,1.000610948,-0.053250588,58.31676102,225.979599,998.0421143,20.44780922,20.16643906,19.54593086,21.1733799,23.21447945,56.81496811,43.34399033,2.182499886,0.055858779000000004
0.1426275015,0.13784379959999998,0.1078299999,0.1101547003,0.10696129800000001,0.030106529599999998,0.491960001,0.028614527388888887,2.007168055,0.775301576,1.002617002,-0.068852387,65.14672089,222.9044037,998.041687,20.44790077,20.16655922,19.5223999,21.17057037,23.21949959,56.73797989,43.32632065,2.362499952,0.0558587909
0.1424849987,0.13768299820000002,0.10788960460000001,0.110293901,0.1070253015,0.0299161285,0.5577635765,0.028652583222222226,2.012025118,0.071121573,1.002717972,-0.070586577,67.42337799,219.3000946,998.0413208,20.44799995,20.16666985,19.51999092,21.16776085,23.22451973,56.6609993,43.30863953,2.462500095,0.055858802799999996
0.1424072027,0.1375223041,0.1080088973,0.1103036046,0.10708930489999999,0.029664859199999997,0.6764959812,0.028470138972222222,2.016881943,-0.187804997,1.002184033,-0.067698233,67.42337799,217.9819031,998.0410156,20.44809914,20.16679001,19.52722931,21.16494942,23.22953987,56.58401108,43.29096985,2.299999952,0.055858802799999996
0.1423293948,0.137361598,0.10800290109999999,0.110492897,0.10715329650000001,0.0295516104,0.5448890209,0.028248250750000002,2.02173996,-0.227979198,1.001649976,-0.064809889,67.42337799,217.4257965,998.0405884,20.44820023,20.16691017,19.5344696,21.16213989,23.23455048,56.57538986,43.27328873,2.352499962,0.05585880880000001
0.1422515988,0.1373834968,0.1079552054,0.11054669619999999,0.10721720459999999,0.029484379300000002,0.5498957157000001,0.028144611777777776,2.020574093,-0.212124005,0.998345673,-0.061921541,67.42337799,216.8697052,998.0402222,20.44829941,20.16703033,19.5417099,21.15933037,23.23957062,56.58956146,43.25561905,2.375,0.0558588207
0.142366004,0.1374662042,0.1079432964,0.1105288029,0.1072811961,0.0294171512,0.5377364159,0.02809294383333333,2.017400026,-0.235727802,0.994118512,-0.04774148,72.69333649,217.707901,998.039917,20.44838905,20.16713905,19.5489502,21.15652084,23.24459076,56.60372925,43.23794937,2.19749999,0.0558588326
0.1422881007,0.1374004006,0.1079432964,0.11051080230000002,0.1073451996,0.029507789,0.5291532993,0.02806347316666667,2.01422596,0.0359543,0.98989141,0.01615411,74.44998932,223.4770966,998.0394897,20.44849014,20.16725922,19.55617905,21.15370941,23.2496109,56.6178894,43.22026825,2.275000095,0.0558588326
0.1422651052,0.1375077963,0.10790749790000001,0.110492897,0.10736119749999999,0.029517281099999997,0.4869532108,0.028044611611111114,2.010552883,-0.150015101,0.985664308,0.008989328,74.44998932,238.8527069,998.0391235,20.44858932,20.16737938,19.56343079,21.15089989,23.25462914,56.632061,43.22782135,2.065000057,0.0558588386
0.1422888041,0.1376896024,0.1080922961,0.1103796005,0.10736119749999999,0.0294821709,0.6078314781,0.028039304944444444,2.006712914,-0.239363804,0.980290174,-0.056837421,74.44998932,245.3789978,998.0388184,20.44869041,20.16749954,19.57065964,21.14809036,23.25964928,56.64622879,43.2437706,2.0625,0.0558588505
0.1423125029,0.13760930300000002,0.1081459999,0.1104694963,0.10736119749999999,0.0295869797,0.6915163994,0.02801711188888889,2.002872944,-0.233880103,0.974533677,-0.018945809,74.44998932,240.3630981,998.0383911,20.4487896,20.16761971,19.57789993,21.14528084,23.26466942,56.65435028,43.25973129,2.1875,0.0558588624
0.14243290420000002,0.1377426028,0.10813009739999999,0.1106377959,0.10745970010000001,0.029534900200000002,0.6614756106999999,0.02799891577777778,1.999032974,-0.243595794,0.96877718,-0.079072647,52.79896927,232.783493,998.0380249,20.44887924,20.16773033,19.58514023,21.14246941,23.26968956,56.66046143,43.27568054,2.25,0.0558588624
0.14258550409999998,0.13780260090000002,0.1081141949,0.1105406046,0.10752409700000001,0.029664879999999998,0.6192755221999999,0.027993278500000003,1.995193005,0.177934706,0.963020802,-0.076229647,45.58195877,225.2039948,998.0377197,20.44898033,20.16785049,19.59238052,21.13965988,23.2747097,56.66656113,43.29162979,2.087500095,0.0558588684
0.1427381039,0.13813250059999999,0.10793130399999999,0.1106405973,0.107536304,0.029878151400000004,0.48766851429999997,0.027957861166666664,1.991353035,-0.104118802,0.957264304,-0.01662403,45.58195877,224.5285034,998.0372925,20.44907951,20.16797066,19.59962082,21.13685036,23.27972984,56.67266846,43.30759048,2.210000038,0.055858880300000004
0.14317129850000002,0.13834429980000001,0.10821150539999999,0.1104930043,0.10753860470000001,0.029920950499999998,0.5477499962,0.027933610277777778,1.987512946,-0.246814504,0.952657998,-0.066829659,45.58195877,228.236496,998.0369263,20.4491806,20.16809082,19.60685921,21.13404083,23.28474998,56.6787796,43.32353973,2.217499971,0.055858892199999996
0.14331799750000002,0.13848049639999999,0.1082890034,0.1105612993,0.1075410008,0.030169010200000002,0.5470346927999999,0.027916721777777778,1.988515019,-0.165750906,0.948435009,-0.093125999,47.46018982,227.0581055,998.0366211,20.44927979,20.16820908,19.46750069,21.1312294,23.28977013,56.6848793,43.33950043,2.012500048,0.055858892199999996
0.1433379054,0.1386167049,0.1082412958,0.1107398033,0.1075433016,0.0302713305,0.5956720829,0.02789983325,1.991132021,-0.220111206,0.944212079,-0.098485723,48.08626938,222.4288025,998.0360718,20.44938087,20.1683197,19.42044067,21.12841988,23.29479027,56.69099045,43.35544968,2.25,0.05585889819999999
0.1436666965,0.1388911963,0.108256197,0.11074689630000001,0.10754560230000001,0.030295950199999998,0.5234313011,0.02788294475,1.99374795,-0.246933699,0.93998909,-0.073140852,48.08626938,217.2693939,998.0358276,20.44947052,20.16843987,19.42044067,21.12561035,23.29980087,56.69710159,43.37141037,2.207499981,0.055858910100000006
0.1437962055,0.1388838053,0.10829199549999999,0.1106968045,0.1075479031,0.0305783808,0.5463194846999999,0.027856860694444447,1.996363997,0.208095104,0.935766101,-0.037561119,48.08626938,217.4476929,998.0354004,20.4495697,20.16856003,19.42044067,21.12280083,23.30481911,56.70320892,43.38735962,2.234999895,0.055858922
0.1438248038,0.1391582012,0.10826510190000001,0.11084920170000001,0.1075502038,0.0306186289,0.4998279095,0.027838139,1.998980999,-0.093032151,0.933136821,-0.074645951,48.08626938,219.405304,998.0349731,20.44967079,20.16868019,19.42044067,21.1199894,23.30983925,56.70930862,43.37981033,2.36500001,0.055858922
0.144136703,0.1393728971,0.1084319949,0.1106940985,0.1075525045,0.0307541311,0.5620551109,0.02782291625,2.001058102,-0.244787902,0.931038678,-0.02249313,57.9956398,221.3630066,998.034729,20.44976997,20.16879082,19.56258965,21.11717987,23.31485939,56.71541977,43.36442947,2.174999952,0.055858927999999995
0.1442497969,0.1395244002,0.1083127975,0.110769403,0.10755480529999999,0.0309578389,0.4526209831,0.02779227786111111,2.002954006,-0.245900497,0.928940594,-0.053267289,61.2987709,223.3206024,998.0343018,20.44986916,20.16890907,19.60997009,21.11437035,23.31987953,56.72151947,43.34904099,2.144999981,0.0558589399
0.1444169998,0.1396757007,0.1082890034,0.11075439449999999,0.1075570941,0.031161549700000003,0.5205701828,0.027790277277777775,2.004851103,-0.247013107,0.925540686,-0.108746201,61.2987709,221.8883972,998.0338745,20.44996071,20.16902924,19.60997009,21.11156082,23.32489967,56.72763062,43.33366013,2.444999933,0.0558589518
0.1446349025,0.14004399780000001,0.1083366036,0.11066989899999999,0.10755939480000001,0.0314080298,0.5971025944,0.027774732377777778,2.006747961,-0.123550199,0.921706915,-0.069497868,61.2987709,216.1511993,998.0336304,20.45005989,20.1691494,19.60997009,21.11467934,23.32991982,56.73374176,43.31827164,2.164999962,0.0558589518
0.1448528051,0.1402127028,0.1083842993,0.1106945992,0.1075847983,0.031668770299999996,0.5734992027,0.027763803269444446,2.008645058,-0.195315301,0.917873085,-0.038628351,61.2987709,215.1067963,998.0332031,20.45015907,20.16926956,19.60997009,21.11977005,23.33493996,56.73984909,43.30287933,2.332499981,0.0558589578
0.1449162006,0.1402907968,0.1084319949,0.11075559850000001,0.10761790280000001,0.0317634493,0.559194088,0.027743271722222223,2.010541916,-0.033784252,0.916088581,-0.080863848,52.06969833,214.4181061,998.0327759,20.45026016,20.16938019,19.56193924,21.1248703,23.3399601,56.74594879,43.28749847,2.085000038,0.055858969700000004
0.14492800239999998,0.1403689027,0.10847970250000001,0.1108167052,0.10765089990000001,0.0318027914,0.5799365044,0.027713139852777777,2.012439013,-0.176956803,0.914987028,-0.050329909,48.99333954,213.2088013,998.0324707,20.45035934,20.16950035,19.54593086,21.12995911,23.34498024,56.75205994,43.27210999,1.985000014,0.0558589816
0.1449398041,0.140041697,0.1086704969,0.11087770459999999,0.1076840043,0.0316350996,0.6085466862,0.02770121680277778,2.014336109,-0.103761204,0.913885474,-0.00873889,48.99333954,220.0599976,998.0321045,20.4504509,20.16962051,19.54593086,21.13504982,23.35000038,56.75817108,43.25672913,2.049999952,0.0558589816
0.1446478963,0.1397493005,0.10862280129999999,0.1109387994,0.1077170014,0.0313984007,0.5341600895,0.027683003744444445,2.016232967,-0.087190822,0.91278398,-0.048672941,48.99333954,225.6387024,998.0316772,20.45055008,20.16974068,19.54593086,21.14015007,23.35502052,56.76427078,43.24134064,2.107500076,0.0558589876
0.14450709820000002,0.1396466017,0.108613801,0.1109997988,0.1077501059,0.0310729712,0.5284380913,0.027670421599999998,2.012754917,-0.210216701,0.911682487,-0.043309961,70.97202301,224.9994965,998.0313721,20.45064926,20.16986084,19.6635704,21.14524078,23.36004066,56.77037811,43.22595978,1.985000014,0.05585899949999999
0.1444504976,0.139588201,0.10864959960000001,0.1110607982,0.107783103,0.031046080599999998,0.5570483208,0.027670088875,2.007484913,-0.247052893,0.910580993,0.025928801,78.29824066,227.6533966,998.0310059,20.45075035,20.16996956,19.70277977,21.15033913,23.36506081,56.77648926,43.23488998,2.277499914,0.055859011400000005
0.1443938971,0.1393509984,0.10889099840000001,0.11107610459999999,0.10781619549999999,0.030720511099999997,0.5470346927999999,0.02766280492222222,2.002214909,-0.226787001,0.90947938,-0.076485977,78.29824066,231.9492035,998.0305786,20.45084953,20.17008972,19.70277977,21.15542984,23.37008095,56.78258896,43.25191116,2.247499943,0.055859011400000005
0.1439875007,0.1390542984,0.10889099840000001,0.11118119959999999,0.10784920449999999,0.030463001099999998,0.5799365044,0.027640289730555555,1.996945977,-0.240496293,0.908377886,-0.087497108,78.29824066,230.1049957,998.0302734,20.45093918,20.17020988,19.70277977,21.16052055,23.37665939,56.7887001,43.26895142,2.035000086,0.0558590174
0.1436805964,0.138757503,0.1087877035,0.1113299012,0.10786609650000001,0.030273529900000002,0.5777906895,0.027624725766666667,1.991675973,0.022006551,0.905179977,-0.096122824,78.29824066,221.3186035,998.0299072,20.45104027,20.17033005,19.70277977,21.1656208,23.38376999,56.79481125,43.28598022,2.092499971,0.055859029299999995
0.1434458971,0.1386172056,0.1086843967,0.1112681985,0.1078775048,0.030084049699999997,0.4461836815,0.027612802716666666,1.986405969,0.368553191,0.901283205,-0.047019251,54.56193161,221.3312073,998.02948,20.45113945,20.17044067,19.65571976,21.17070961,23.39086914,56.80091095,43.30300903,2.099999905,0.0558590412
0.1433519006,0.1385290027,0.1087301016,0.1111353993,0.10788890120000001,0.0298945814,0.5370212078,0.027596906025000003,1.985659003,0.411946088,0.897386372,-0.05755515,46.64982986,224.8208008,998.0291138,20.45124054,20.17056084,19.64526939,21.17580032,23.39797974,56.82143021,43.32004929,2.232500076,0.0558590412
0.1434901953,0.1386762977,0.1088255048,0.11113450529999999,0.1079002976,0.029705101299999998,0.5019736767,0.027569751738888888,1.986418962,0.074578658,0.893489718,0.025116101,46.64982986,229.1934967,998.0286865,20.45133972,20.17067909,19.65224075,21.18088913,23.4050808,56.84674072,43.33707047,2.099999905,0.0558590472
0.1435060024,0.1386888981,0.1087777972,0.11117759940000001,0.107911694,0.0298985004,0.4755092144,0.027559157477777776,1.987179995,-0.193407893,0.889592886,0.090093851,46.64982986,240.1766968,998.0283813,20.45142937,20.17079926,19.65921021,21.18598938,23.41218948,56.87205887,43.35411072,2.039999962,0.0558590591
0.1434602976,0.1386304975,0.1086824059,0.1112205982,0.1079231024,0.029978039899999996,0.5248618126,0.02754525078611111,1.987939954,-0.2393042,0.885914981,-0.01793281,46.64982986,245.3616943,998.0280151,20.45153046,20.17091942,19.66617966,21.19108009,23.41929054,56.89738083,43.37113953,2.077500105,0.055859071
0.1434146047,0.13875459429999998,0.1085870028,0.11112259630000001,0.10793449879999999,0.0299770713,0.5198551177999999,0.027532997130555556,1.988700032,-0.229290396,0.882309973,-0.058816161,65.55441284,240.8433075,998.0275879,20.45162964,20.17103004,19.67314911,21.19617081,23.42639923,56.92269897,43.38816833,2.210000038,0.0558590829
0.1435242057,0.13893959520000002,0.10870620010000001,0.11112380029999999,0.1079458952,0.029976099699999998,0.6478857994,0.027512467702777776,1.992251992,-0.151326403,0.878705084,-0.075817376,71.85594177,230.3578033,998.0272827,20.45173073,20.17115021,19.68012047,21.20126915,23.43350983,56.94800949,43.37628937,2.069999933,0.0558590829
0.1436854959,0.1389863968,0.10865550040000001,0.1111739039,0.10795730349999999,0.030170539000000003,0.6457399845,0.027488625844444444,1.996734023,0.0108007,0.875100076,0.01606429,71.85594177,227.5142975,998.0269165,20.45182991,20.17127037,19.68709946,21.20635986,23.44061089,56.97333145,43.35475922,2.38499999,0.0558590889
0.1438467979,0.1391792059,0.10852440599999999,0.1111657023,0.10796869989999999,0.0304300994,0.48409218789999997,0.02747173521388889,2.001215935,-0.118066497,0.87322551,0.01213519,71.85594177,233.8177948,998.0266113,20.45191956,20.17139053,19.69407082,21.21146011,23.44771957,56.99863815,43.33322906,2.180000067,0.0558590889
0.1440791965,0.1394361019,0.10868829490000001,0.11113810539999999,0.1079802036,0.030570671,0.5277227878999999,0.027457167308333332,2.005698919,0.1320384,0.871927619,0.0,71.85594177,238.3197937,998.0261841,20.45202065,20.17149925,19.70104027,21.21655083,23.45482063,57.02396011,43.31169891,2.279999971,0.055859112700000005
0.1443354011,0.13962819580000002,0.10875389579999999,0.1111106038,0.10798510310000001,0.0306715786,0.491960001,0.027447564866666666,2.01018095,0.222996503,0.870629728,-0.056024339,75.53476715,234.4656982,998.0258179,20.45211983,20.17161942,19.61335945,21.22163963,23.46192932,57.04927063,43.29018021,2.057499886,0.055859112700000005
0.1443807006,0.13963910340000002,0.1088433027,0.1110829949,0.1079879045,0.030772480400000003,0.5384517193,0.027439617580555558,2.014662981,-0.123907797,0.869331777,0.099972516,76.76103973,234.9967957,998.0255127,20.45222092,20.17173958,19.5835495,21.22673988,23.46903992,57.07458878,43.26865005,2.222500086,0.0558591187
0.14435579780000002,0.13959690330000002,0.10889099840000001,0.1111436009,0.10799069400000001,0.0307359308,0.5463194846999999,0.027420739066666668,2.019145012,-0.239781007,0.868033886,0.039549101,76.76103973,240.4891052,998.0250854,20.4523201,20.17185974,19.5835495,21.2318306,23.47613907,57.09991074,43.2471199,2.339999914,0.0558591187
0.1443307996,0.1395545959,0.10889699459999999,0.1111340046,0.1079934955,0.030653560200000003,0.5091261864,0.02741908391388889,2.017544985,-0.241847306,0.866736114,-0.040578119,76.76103973,241.2653961,998.0247192,20.45240974,20.1719799,19.5835495,21.2369194,23.48324966,57.12522888,43.22558975,2.357500076,0.0558591425
0.1443915963,0.1395123959,0.1089328051,0.11109119649999999,0.10799629690000001,0.030571189500000002,0.4468988895,0.027406501769444445,2.013916969,-0.243913606,0.865438223,0.009691035,67.4668808,238.1927032,998.0244141,20.45251083,20.17209053,19.64944077,21.24201965,23.49035072,57.1505394,43.20407104,2.1875,0.0558591425
0.14436750410000002,0.13943680519999999,0.10881949660000001,0.11119420529999999,0.10799909830000001,0.0306806505,0.49410581589999997,0.02738795810277778,2.010288954,-0.082064733,0.864140272,-0.025566891,64.36882782,234.4617004,998.0239868,20.45261002,20.17221069,19.67140961,21.24711037,23.49745941,57.17586136,43.18254089,2.085000038,0.0558591485
0.14430550339999998,0.1393501043,0.1087867022,0.11117440460000001,0.1080018997,0.030650040499999996,0.4447531223,0.02738828871111111,2.006660938,-0.172426701,0.862842381,-0.01110197,64.36882782,229.4501953,998.0236206,20.4527092,20.17233086,19.67140961,21.25219917,23.50457001,57.2011795,43.19490051,2.069999933,0.0558591485
0.144243598,0.1394345045,0.10879859919999998,0.11127170319999999,0.1079988003,0.0305514187,0.4726480961,0.027375045352777776,2.003211021,-0.240615502,0.86154449,0.0,64.36882782,228.1938934,998.0233154,20.45281029,20.17244911,19.67140961,21.25729942,23.51166916,57.22649002,43.21854019,2.339999914,0.0558591723
0.1442672968,0.1393931985,0.10881049629999999,0.1111526966,0.1079936981,0.0306150109,0.6207060814,0.027388949925000003,1.999819994,-0.247291297,0.860246718,0.0,64.36882782,233.4324951,998.0228882,20.45289993,20.17256927,19.67140961,21.26239014,23.51877975,57.25180817,43.24219894,2.242500067,0.0558591723
0.1441400051,0.13929090500000002,0.10882240530000001,0.1111547947,0.10798859599999999,0.0306123912,0.5892347813,0.02745385487777778,1.996428967,0.114991203,0.85955739,0.045016091,53.94865036,242.8381958,998.022522,20.45299911,20.1726799,19.67140961,21.26748085,23.52588081,57.27711868,43.26583862,2.255000114,0.0558591783
0.1442849994,0.1395776033,0.1087360024,0.1112277031,0.1079836011,0.0305696994,0.51484828,0.027579689025,1.993039012,-0.079322919,0.859071016,0.079845756,50.47526169,253.0661011,998.0220947,20.4531002,20.17280006,19.67140961,21.27257919,23.5329895,57.30244064,43.28948975,2.160000086,0.0558591783
0.1445407987,0.1397683024,0.10893870590000002,0.11119879479999999,0.1079746962,0.0306728303,0.6078314781,0.02765485763611111,1.989647985,-0.231197804,0.858584583,-0.007859413,50.47526169,253.9474945,998.0217285,20.45319939,20.17292023,19.67140961,21.27766991,23.54009056,57.31476974,43.31314087,2.1875,0.055859202100000005
0.1445693016,0.1397286057,0.10890890360000001,0.1111361027,0.10796469449999999,0.0308245808,0.5713533878,0.02766214158888889,1.986256957,-0.232509196,0.858098328,-0.009824293,50.47526169,246.2756958,998.0214233,20.45330048,20.17304039,19.67140961,21.28276062,23.54719925,57.32276917,43.33678818,2.255000114,0.055859202100000005
0.14452220200000002,0.1398375988,0.10876590010000001,0.11114130019999999,0.1079545975,0.030976331200000002,0.5212854862,0.02767306857777778,1.982867002,-0.234178096,0.857612014,0.075072683,50.47526169,241.8800964,998.0209961,20.45339012,20.17314911,19.67140961,21.28786087,23.55430984,57.33076859,43.3604393,2.194999933,0.0558592081
0.1446074009,0.1400133967,0.1087658048,0.11116919519999999,0.1079445004,0.0311280698,0.5448890209,0.02767240736111111,1.979475975,-0.242761299,0.85712558,-0.01502647,64.91400146,239.180603,998.0206299,20.4534893,20.17326927,19.55377007,21.29294968,23.5614109,57.33877945,43.38409042,2.327500105,0.05585922
0.1447368979,0.1401891947,0.1088135004,0.1111642003,0.1079344034,0.0312798202,0.5878044128,0.027660817041666664,1.983608007,-0.060010679,0.856639206,-0.01335023,69.72691345,236.4812012,998.0203247,20.45359039,20.17338943,19.5145607,21.29804039,23.56851959,57.34677887,43.40774155,2.36500001,0.05585923189999999
0.1448662996,0.1404402018,0.1086465955,0.11114829779999999,0.1079244018,0.031537890400000004,0.5706381798,0.02765353308888889,1.990247011,-0.177910402,0.855528891,0.091090053,69.72691345,236.0281067,998.0198975,20.45368958,20.1735096,19.5145607,21.30314064,23.57562065,57.35477829,43.39434814,2.232500076,0.05585923189999999
0.1452996016,0.1407163024,0.1086168051,0.1111322999,0.1079143047,0.031831410500000004,0.5999637126999999,0.027670088875,1.996886969,-0.244907096,0.854210615,0.030363349,69.72691345,241.8509064,998.0194702,20.45379066,20.17362976,19.5145607,21.30822945,23.58272934,57.36278152,43.36862183,2.19749999,0.055859237900000004
0.1455528021,0.1408197999,0.1086565018,0.11111639740000001,0.10790419579999999,0.0321249187,0.5441737175,0.027673566605555557,2.003525972,-0.145723403,0.85289228,0.038318269,69.72691345,246.2669067,998.0192261,20.45388031,20.17374039,19.5145607,21.31332016,23.58983994,57.37078094,43.34289169,2.36500001,0.055859249799999997
0.1457121968,0.1408656955,0.1086963058,0.11110039949999999,0.1078940988,0.032167381,0.596387291,0.027670256297222223,2.01016593,-0.208786204,0.851574004,0.043409139,56.89886093,246.1107025,998.0187988,20.45397949,20.17386055,19.4910202,21.31842041,23.59693909,57.37878036,43.31716156,2.412499905,0.055859261800000004
0.1458716989,0.1409116983,0.1087955952,0.1110844016,0.10786249640000001,0.0321261615,0.6342958927,0.02768731011388889,2.016804934,-0.245383993,0.850255728,-0.02508278,52.62284851,239.6488953,998.0183716,20.45408058,20.17398071,19.49045944,21.32350922,23.60404968,57.38679123,43.29143143,2.319999933,0.055859261800000004
0.1456926942,0.1407515049,0.10891480449999999,0.11106849910000001,0.1078237057,0.031906950499999996,0.670773983,0.027677374944444447,2.018094063,-0.187447399,0.848937392,-0.055163018,52.62284851,231.4727936,998.0181274,20.45417976,20.17410088,19.50016022,21.32859993,23.61115074,57.39479065,43.26570129,2.432499886,0.055859267700000007
0.145401001,0.1405225039,0.10903409719999999,0.1111317039,0.1077847958,0.031628409,0.5506110191,0.027663135527777778,2.017599106,-0.219157502,0.847619116,0.01970249,52.62284851,228.7686005,998.0177002,20.45428085,20.17421913,19.50985909,21.33370018,23.61825943,57.40279007,43.23997116,2.457499981,0.0558592796
0.1451092958,0.1401581049,0.1091532946,0.11122130160000002,0.10774600510000001,0.0313498586,0.5413126945,0.027645255194444447,2.01710391,0.328379095,0.846300781,0.09207195,51.89139938,237.0946045,998.0172729,20.4543705,20.17432976,19.51955986,21.33389091,23.62536049,57.41078949,43.21424103,2.404999971,0.055859291600000006
0.1447110057,0.1397485018,0.1090937018,0.1113108993,0.10777039530000002,0.031071320200000002,0.5484652042,0.027625386980555555,2.016609907,0.033450808,0.844982505,0.075383373,51.64759064,248.489502,998.0170288,20.45446968,20.17444992,19.52926064,21.3324604,23.63246918,57.41878891,43.18849945,2.089999914,0.055859291600000006
0.1446025014,0.13933900589999998,0.10926049950000001,0.11140049700000001,0.1078160048,0.0305317998,0.6221364975,0.02761594772222222,2.011640072,-0.217011705,0.843664229,0.102194399,51.64759064,254.0634003,998.0166016,20.45457077,20.17457008,19.5389595,21.33102036,23.63957977,57.42679977,43.19815063,2.349999905,0.0558592975
0.1440441966,0.1389294028,0.1091205001,0.111463201,0.107861495,0.030271318600000003,0.6257129191999999,0.0276099862,2.005177975,0.821794093,0.842345893,0.071685307,51.64759064,254.9477997,998.0161743,20.45466995,20.17469025,19.54866028,21.32958984,23.64668083,57.43479919,43.21958923,2.305000067,0.0558593094
0.1437878966,0.1388108015,0.1088462949,0.11151690480000001,0.10790699720000001,0.0301328689,0.5434585094,0.027595585716666666,1.998715997,0.143721193,0.841027617,0.092088237,51.64759064,254.915802,998.0158081,20.45476913,20.17480087,19.55835915,21.3281498,23.65378952,57.44279861,43.24103928,2.0625,0.055859321399999995
0.1436943054,0.1387892962,0.1088672042,0.11131269930000001,0.10791840550000001,0.0299944013,0.5484652042,0.02759028540833333,1.992254019,-0.141312703,0.839709282,0.138413593,60.71813965,258.468689,998.0153809,20.45486069,20.17491913,19.6672802,21.32670975,23.66089058,57.45080185,43.26247025,2.255000114,0.055859321399999995
0.14367059470000001,0.1387678027,0.1087360978,0.1112264037,0.10791840550000001,0.0300651997,0.4597734928,0.027600879669444443,1.985792041,-0.215104401,0.839498699,0.082047768,63.74166107,256.8418884,998.0150757,20.45495987,20.17503929,19.70277977,21.32527924,23.66799927,57.45880127,43.28392029,2.407500029,0.0558593273
0.1436702967,0.1388749957,0.10874500270000001,0.11120820049999999,0.10791840550000001,0.029977819300000003,0.4461836815,0.027632342444444444,1.984642982,-0.246695295,0.839657426,0.102276199,63.74166107,253.0903931,998.0147095,20.45505905,20.17515945,19.70277977,21.32383919,23.67510986,57.46680069,43.30535889,2.317500114,0.055859339200000004
0.1436699033,0.138823998,0.1088284016,0.1111899972,0.10791840550000001,0.0300708294,0.5212854862,0.027639628516666667,1.985263944,-0.184586301,0.839815974,0.00682879,63.74166107,246.9936981,998.0142822,20.45516014,20.17527962,19.70277977,21.32241058,23.68221092,57.47480011,43.3268013,2.234999895,0.0558593512
0.1436696053,0.13890370130000002,0.10870620010000001,0.1111718059,0.10791840550000001,0.030249288699999998,0.4980397224,0.027668766444444444,1.985885024,-0.216773301,0.839974701,-0.005328008,63.74166107,240.1152954,998.0139771,20.45525932,20.17539024,19.70277977,21.32097054,23.68931961,57.48281097,43.3482399,2.069999933,0.0558593512
0.1438912034,0.13927320240000002,0.108515501,0.1111534953,0.10788029429999998,0.0304277509,0.4365276814,0.027682673136111113,1.986505985,-0.214031398,0.840133429,0.027236219,66.63485718,238.6625061,998.0136108,20.45535088,20.17551041,19.49102974,21.31953049,23.69642067,57.49081039,43.3696785,2.095000029,0.05585935709999999
0.144186902,0.1395115018,0.1085394025,0.111135304,0.10781699419999999,0.0307875305,0.4812312126,0.02767306857777778,1.987128019,0.009847019,0.840291977,-0.01009857,67.59925079,239.0182037,998.0131836,20.45545006,20.17563057,19.42044067,21.31809998,23.69511986,57.49880981,43.39112091,2.24000001,0.055859369000000006
0.14426079990000001,0.1396813989,0.1086346984,0.1111171007,0.10774960520000001,0.030836510700000003,0.4798007011,0.027664460075,1.992835999,0.36545369,0.840450704,-0.006314295,67.59925079,237.9736023,998.0128784,20.45554924,20.17575073,19.42044067,21.31665993,23.69099998,57.50680923,43.37736893,2.309999943,0.055859381
0.14438760280000001,0.139664495,0.10860489609999999,0.11109889749999999,0.10773270130000001,0.031057050800000003,0.680787611,0.027649887933333336,2.000241041,0.284986198,0.840609372,0.04608386,67.59925079,241.5899048,998.0125122,20.45565033,20.17585945,19.42044067,21.31522942,23.68688965,57.51480865,43.35189056,2.432499886,0.055859381
0.1444952011,0.1395853996,0.108873105,0.1110806942,0.10773270130000001,0.0308142185,0.6021093845000001,0.027649557325,2.007644892,0.277475893,0.84076798,-0.020414099,46.06560135,241.0854034,998.012085,20.45574951,20.17597961,19.53808022,21.31378937,23.68277931,57.52281952,43.32640076,2.252500057,0.055859392900000006
0.14432790280000002,0.1394086957,0.1088075042,0.1110798955,0.10773270130000001,0.030785471199999997,0.5978178977999999,0.027654861875,2.015049934,0.46106109,0.840926707,-0.03882724,38.88771057,236.9192047,998.0117798,20.45583916,20.17609978,19.57729912,21.31236076,23.67867088,57.53081894,43.30091858,2.150000095,0.0558593988
0.1440758944,0.1391994953,0.10875389579999999,0.1110849977,0.10773270130000001,0.030613088599999998,0.5162786961,0.027683501772222223,2.016844034,0.172570199,0.841085374,-0.008967373,38.88771057,235.7344055,998.0114136,20.45594025,20.17621994,19.57729912,21.31092072,23.6745491,57.53881836,43.27544022,2.035000086,0.0558593988
0.1438238978,0.1389902949,0.1087180972,0.1110900998,0.10773270130000001,0.0303482503,0.5076957226000001,0.027719925774999998,2.016767979,-0.149180606,0.84183532,-0.089826971,38.88771057,227.1156006,998.0109863,20.45603943,20.1763401,19.57729912,21.30948067,23.67044067,57.54682159,43.24996185,2.285000086,0.055859410799999995
0.143729496,0.1388679028,0.1088670969,0.11109509470000001,0.10773270130000001,0.030083409,0.6528925896,0.02774890263888889,2.016691923,-0.218919098,0.842782319,-0.063191757,38.88771057,220.680603,998.0106812,20.45614052,20.17645073,19.57729912,21.30805016,23.66633034,57.55482101,43.22447968,2.252500057,0.05585942270000001
0.14368760590000001,0.138774395,0.1088402987,0.11110019680000001,0.10773270130000001,0.0300280094,0.7179809093,0.027759499019444446,2.016616106,-0.239900306,0.843729317,0.05483802,62.87662125,221.6820984,998.0103149,20.4562397,20.17657089,19.60083008,21.30661011,23.66222,57.56282043,43.19898987,2.382499933,0.055859428600000004
0.1436457038,0.1386809945,0.10873299839999999,0.11110529899999999,0.10773270130000001,0.0300424308,0.6621909142,0.027764797211111112,2.016540051,-0.026869999,0.844676316,0.02197372,70.87291718,229.9803009,998.0098877,20.45634079,20.17668915,19.60866928,21.3051796,23.65810013,57.5708313,43.17351151,2.424999952,0.055859428600000004
0.1436038017,0.1385874987,0.10875990390000001,0.1111104012,0.10773270130000001,0.030047181200000002,0.6049705029,0.027777050866666667,2.01258707,0.036073461,0.845623314,0.0,70.87291718,235.8309021,998.0095825,20.45643044,20.17680931,19.60866928,21.30373955,23.65398979,57.57883072,43.18761826,2.329999924,0.0558594406
0.1434692025,0.1384940982,0.1086526036,0.1111155033,0.10773270130000001,0.030048710099999997,0.5563331127,0.027780693888888888,2.007339954,-0.016737061,0.846570313,-0.02088134,70.87291718,236.9402008,998.0092163,20.45652962,20.17692947,19.60866928,21.3022995,23.64987946,57.58683014,43.21492004,2.13499999,0.0558594525
0.1433037996,0.1385337949,0.1084856987,0.1111204982,0.1076928973,0.030050239,0.49267539979999997,0.027756849925,2.002094984,0.188544393,0.847517312,-0.006960445,70.87291718,231.2619934,998.0087891,20.45663071,20.1770401,19.60866928,21.3008709,23.64576912,57.59482956,43.24222183,2.319999933,0.05585945839999999
0.1436117053,0.1389255047,0.1083188057,0.1110033989,0.1076398015,0.030255079299999998,0.5001854897,0.027727046541666668,1.996847987,-0.096966147,0.848464429,-0.01455143,71.74839783,227.1412048,998.0084229,20.45672989,20.17716026,19.70278931,21.29943085,23.64164925,57.60282898,43.26951981,2.182499886,0.05585945839999999
0.1439049006,0.1391214013,0.1083842993,0.11084560160000001,0.1075868011,0.030527690099999998,0.5330873012999999,0.027712309094444443,1.991603017,0.191643894,0.849411428,-0.033953339,72.0402298,224.1703949,998.0081177,20.45682907,20.17728043,19.73415947,21.29800034,23.63754082,57.61083984,43.29682159,2.079999924,0.0558594704
0.1441403985,0.1394121051,0.1083127975,0.11093839409999999,0.10753370520000001,0.030800309799999998,0.49839730260000004,0.027702376047222223,1.98635602,0.255541086,0.850358427,-0.031105001,72.0402298,224.0552063,998.0076904,20.45692062,20.17740059,19.73415947,21.29656029,23.63343048,57.61883926,43.32411957,2.227499962,0.0558594823
0.1443760037,0.1396103978,0.10842020510000001,0.1108760953,0.10748059750000001,0.0309134185,0.5892347813,0.02768697738611111,1.98111105,-0.120450698,0.850423396,0.032476299,72.0402298,227.6221008,998.0073242,20.45701981,20.17750931,19.73415947,21.29512024,23.62932014,57.62683868,43.35142136,2.077500105,0.055859488199999995
0.1443598032,0.1393661022,0.1086109042,0.11073429580000001,0.1074275017,0.030973359900000004,0.5384517193,0.02766975614722222,1.983229041,-0.078249983,0.850700915,-0.040284339,72.0402298,228.6024933,998.007019,20.4571209,20.17762947,19.73415947,21.29368973,23.62520027,57.6348381,43.37871933,2.167500019,0.055859488199999995
0.14407800440000001,0.1391587973,0.1085602045,0.1109323025,0.1073745012,0.030779090500000002,0.6106925011000001,0.027649557325,1.987800956,-0.140239701,0.851147294,-0.05247746,69.16047668,225.8565979,998.0065918,20.45722008,20.17774963,19.5796299,21.29224968,23.62108994,57.64284134,43.40602112,2.032500029,0.055859512099999994
0.1440834999,0.1392886996,0.10842909810000001,0.11103570460000001,0.107348001,0.0307207793,0.5799365044,0.027644261255555556,1.992373943,-0.222257003,0.851593614,-0.01154938,68.20056915,225.0572968,998.0062256,20.45731926,20.1778698,19.52812004,21.29081917,23.6169796,57.65084076,43.39096832,2.315000057,0.055859512099999994
0.144204998,0.1395125985,0.10819959640000001,0.1108814955,0.1073304057,0.0310891598,0.4726480961,0.027620419397222224,1.996896029,-0.243953496,0.852039874,-0.0285035,68.20056915,225.1914063,998.0059204,20.45741081,20.17798996,19.52812004,21.28937912,23.61286926,57.65884018,43.36180115,2.355000019,0.055859518100000005
0.1445057988,0.1398579955,0.1079373002,0.1106644988,0.1073127985,0.0315752596,0.5019735812999999,0.027599061330555553,2.001399994,-0.172665194,0.852486312,-0.105788901,68.20056915,222.2106018,998.0054932,20.45750999,20.17810059,19.52812004,21.28793907,23.60876083,57.66685104,43.33263016,2.194999933,0.055859518100000005
0.1448665023,0.1402439952,0.10795600409999999,0.11044750210000001,0.10729520320000001,0.0318638086,0.5534719944,0.027581176758333333,2.005904913,0.090076096,0.853550613,0.01605273,77.54863739,218.1916046,998.005127,20.45760918,20.17822075,19.53410912,21.28651047,23.60463905,57.67485046,43.30345917,2.1875,0.0558595419
0.14510680439999998,0.1404510021,0.1080683947,0.11041790250000001,0.1072734952,0.0320865214,0.5963873863,0.027597571477777777,2.01041007,-0.079442076,0.854820907,0.087134764,80.66465759,229.2938995,998.0048218,20.45771027,20.17834091,19.54211044,21.28507042,23.60053062,57.66804886,43.27428818,2.349999905,0.0558595419
0.1453070045,0.1405982971,0.10818079709999999,0.1104508042,0.1072504997,0.0323092192,0.6393027782,0.027710821363888888,2.014914036,-0.188520297,0.856091321,0.117716901,80.66465759,241.7807007,998.0043945,20.45780945,20.17845917,19.55010033,21.28363991,23.59642029,57.65631104,43.245121,2.204999924,0.055859547899999994
0.14526350500000001,0.1405328035,0.1082931995,0.11048359869999999,0.10722739699999999,0.032230711,0.6457399845,0.02777805541666667,2.019418955,0.009847015,0.857361615,0.077610143,80.66465759,250.5964966,998.0040283,20.45789909,20.17856979,19.55809975,21.28219986,23.59230995,57.6445694,43.21595001,2.267499924,0.055859547899999994
0.1451387048,0.1401633978,0.1084056973,0.11051650049999999,0.1072042942,0.0320517987,0.5949569225,0.027784667555555555,2.016485929,-0.165750906,0.85863179,0.038557939,80.66465759,249.2642975,998.0037231,20.45800018,20.17868996,19.56608963,21.28076935,23.58819008,57.6328392,43.18677902,2.085000038,0.0558595717
0.1448220968,0.1397161961,0.1085180998,0.1105955958,0.1071812987,0.0316720605,0.5785059929,0.02778930452777778,2.011074066,-0.231555507,0.859239101,0.007711589,73.50200653,244.8220062,998.0032959,20.45809937,20.17881012,19.57408905,21.2793293,23.58407974,57.62110138,43.1576004,2.355000019,0.0558595717
0.1444414973,0.1392691016,0.10863050219999999,0.11069010500000001,0.1071755052,0.0312253892,0.6536077976,0.027770426008333335,2.005661964,-0.130822107,0.85962528,-0.053398829,71.11446381,237.4049072,998.0029297,20.45820045,20.17893028,19.58208084,21.27788925,23.57996941,57.60935974,43.16987991,2.402499914,0.055859577699999996
0.1439826012,0.1388219953,0.10855129960000001,0.1107846022,0.1071755052,0.030778709100000003,0.5928111076,0.027758505080555555,2.001744986,-0.209501401,0.860011578,-0.01779961,71.11446381,232.4841003,998.0025024,20.45829964,20.17905045,19.59007072,21.27646065,23.57585907,57.59762955,43.195961,2.3125,0.055859577699999996
0.14349759820000002,0.1383968949,0.10862280129999999,0.1108790994,0.1071755052,0.0302799702,0.4933906078,0.027756849925,1.998325944,-0.247052893,0.860397816,-0.051546279,71.11446381,228.7259979,998.0020752,20.45838928,20.17915916,19.59807014,21.2750206,23.5717392,57.58589172,43.22204971,2.109999895,0.0558596015
0.1430124998,0.1379791975,0.1085333943,0.1109060049,0.1071755052,0.029763880399999998,0.5320144176,0.027736979591666665,1.994907975,-0.049877729,0.860784113,-0.089215368,71.11446381,223.4797974,998.00177,20.45849037,20.17927933,19.60606003,21.27359009,23.56763077,57.57415009,43.24813843,2.230000019,0.0558596015
0.14252749680000001,0.13756150009999998,0.1083665013,0.11091029640000001,0.1071755052,0.029571598799999998,0.5205701828,0.02771843380277778,1.991489053,-0.181129202,0.861170411,-0.02401109,55.89284897,220.2942963,998.0014038,20.45858955,20.17939949,19.61405945,21.27215004,23.56352043,57.56241989,43.27423096,2.244999886,0.0558596075
0.1424154997,0.1376198053,0.1080744982,0.11091459990000001,0.1071755052,0.029487261199999996,0.5141329765,0.027731350791666665,1.988070011,-0.247172102,0.86155659,-0.023654871,50.81898117,224.8036041,998.0009766,20.45869064,20.17951965,19.62204933,21.27070999,23.5594101,57.55067825,43.30031967,2.042500019,0.0558596075
0.1426161051,0.13783680199999998,0.10799989699999998,0.1105849028,0.1071755052,0.0296020508,0.4533361912,0.027788639055555554,1.984652042,-0.219395906,0.861942828,0.01221601,50.81898117,233.1734924,998.0006714,20.45878983,20.17963982,19.63005066,21.26927948,23.55529022,57.53894043,43.32640839,2.347500086,0.055859631300000004
0.1425709009,0.1378371,0.10801190140000001,0.1105527043,0.1071755052,0.0297832191,0.5570484161,0.027850055694444445,1.987432957,-0.226548597,0.862992287,0.003213838,50.81898117,236.221405,998.0003052,20.45887947,20.17975044,19.63804054,21.26783943,23.55117989,57.52721024,43.35250092,2.349999905,0.055859631300000004
0.14268490080000001,0.1379434943,0.10802379849999999,0.1106569052,0.1071755052,0.029861780999999997,0.5405973911,0.027909028805555555,1.992282033,-0.103641897,0.864262998,-0.0282361,65.70646667,237.3197937,997.9998779,20.45898056,20.17987061,19.73415947,21.26641083,23.54706955,57.5154686,43.37858963,2.069999933,0.0558596373
0.1428863049,0.1381093979,0.1080356956,0.11037219760000001,0.1071117997,0.029906150700000002,0.4848073959,0.02797638786111111,1.997130036,0.048232999,0.86553359,-0.009024645,70.66896057,236.4317017,997.9995728,20.45907974,20.17999077,19.76552963,21.26497078,23.54295921,57.50373077,43.3672905,2.267499924,0.05585964919999999
0.14287240510000002,0.1382066011,0.1080476046,0.110364902,0.1070850968,0.0300633997,0.5305839062000001,0.028046582527777777,2.001979113,-0.164320394,0.866804302,0.0,70.66896057,234.8815002,997.9992065,20.45918083,20.18011093,19.76552963,21.26353073,23.53883934,57.44923019,43.34352875,2.150000095,0.0558596611
0.1429808974,0.13828109500000002,0.1080595016,0.11049330230000001,0.10707770590000001,0.030092060599999998,0.5820823193,0.0281306945,2.005222082,-0.177195206,0.868075013,0.0,70.66896057,231.2575989,997.9987793,20.45928001,20.18021965,19.76552963,21.26210022,23.53473091,57.38047028,43.31977081,2.275000095,0.0558596611
0.1431540012,0.1383556008,0.10801780219999998,0.1104920983,0.107070303,0.030214971299999997,0.5413126945,0.028200583999999997,2.007929087,-0.050116159,0.869345605,-0.02917343,70.66896057,229.6544037,997.9984741,20.45936966,20.18033981,19.76552963,21.26066017,23.53062057,57.31171036,43.29600906,2.339999914,0.055859667099999996
0.1433272004,0.1385308027,0.1079581976,0.1104475975,0.1070629001,0.0303877711,0.5241466045000001,0.028279056555555553,2.010637045,0.161841199,0.870616317,-0.009724477,60.37313843,228.9550018,997.9981079,20.45947075,20.18045998,19.64788055,21.25922966,23.52651024,57.24295044,43.27223969,2.152499914,0.055859678999999995
0.1437116981,0.1387395024,0.10813989639999999,0.110403204,0.1070554972,0.0304192811,0.5069805145,0.02835455577777778,2.013345003,-0.084448934,0.871886909,0.0,56.94120026,228.2556,997.9976807,20.45956993,20.18058014,19.60866928,21.25778961,23.52239037,57.17419052,43.24848938,2.097500086,0.055859678999999995
0.14375419620000002,0.1389482021,0.1080446005,0.1103587031,0.1070480943,0.0307428598,0.5441737175,0.02841847313888889,2.016052008,0.039053719,0.87315762,0.0,56.94120026,228.8809967,997.9973755,20.45966911,20.1807003,19.60866928,21.2563591,23.51828003,57.1054306,43.22472,2.069999933,0.0558596909
0.143830502,0.1390257955,0.1080518007,0.11040910479999999,0.10704079870000001,0.030854299699999997,0.6743503094000001,0.028486362027777778,2.018759966,-0.123669401,0.874428213,0.0,56.94120026,229.947998,997.9970093,20.4597702,20.18081093,19.60866928,21.25491905,23.51416969,57.03667068,43.20095825,2.382499933,0.0558597028
0.1439640045,0.1390598059,0.10813289880000002,0.110491097,0.1070333958,0.0308573514,0.5992485046,0.028551582750000002,2.014767885,-0.045228511,0.875698924,-0.031581201,56.94120026,231.0149994,997.996582,20.45985985,20.18092918,19.60866928,21.25348091,23.51005936,56.9679184,43.17720032,2.452500105,0.0558597088
0.1440974951,0.1390936971,0.10821390150000001,0.1104915023,0.10702600479999999,0.0308603913,0.5999637126999999,0.028606221944444444,2.008543015,0.356751293,0.876969516,-0.070687197,64.51611328,227.423996,997.9962769,20.45996094,20.18104935,19.67925072,21.2520504,23.50595093,56.89915848,43.19070816,2.282500029,0.0558597088
0.144054997,0.13912760019999998,0.1082949996,0.1104645967,0.10701860190000001,0.03086344,0.5463194846999999,0.0286121665,2.002317905,-0.058937769,0.878240228,-0.020053379,67.04107666,222.2801971,997.9957886,20.46006012,20.18116951,19.70277977,21.25061035,23.50182915,56.83039856,43.21664047,2.372499943,0.055859720700000004
0.14395380019999998,0.1389464974,0.1083760023,0.1105450988,0.107011199,0.0307781994,0.7129741192,0.02840322283333333,1.996093035,-0.236860305,0.87951082,-0.062339831,67.04107666,224.2552032,997.9954834,20.4601593,20.18128014,19.70277977,21.2491703,23.49772072,56.76163864,43.24258041,2.450000048,0.0558597326
0.1437049031,0.1386935949,0.1083783984,0.1106614947,0.10700379609999999,0.030663529000000002,0.7823592186,0.02821216583333333,1.989868045,-0.237575606,0.880781472,-0.039304011,67.04107666,228.6031036,997.9951172,20.46026039,20.1814003,19.70277977,21.24773979,23.49361038,56.76121902,43.26852036,2.347500086,0.0558597386
0.1434067011,0.1386183977,0.1081758022,0.11077779530000001,0.10703630449999998,0.0305488706,0.6171316147,0.02815355513888889,1.983643055,-0.229350105,0.882052124,-0.040637959,67.04107666,230.0316925,997.994812,20.46035004,20.18152046,19.70277977,21.24629974,23.48949051,56.78358078,43.29444885,2.325000048,0.0558597386
0.1433609009,0.1386023998,0.10810569519999999,0.1107489944,0.10708199739999999,0.030523321,0.6149839878,0.028193306388888888,1.981984973,-0.218144298,0.883322775,0.04518171,53.50645065,233.5641937,997.9943848,20.46044922,20.18164063,19.70277977,21.24486923,23.48538017,56.80593872,43.32038116,2.075000048,0.055859750500000006
0.14339940550000002,0.1385864973,0.10809969900000001,0.1106719017,0.10712779759999999,0.030527490400000003,0.6671977043,0.028254222861111112,1.981848955,-0.238946602,0.886478186,-0.026775111,48.99491119,235.1190948,997.9940186,20.46055031,20.18176079,19.70277977,21.24342918,23.48126984,56.75242996,43.34632111,2.297499895,0.0558597624
0.1434378028,0.1385704994,0.10809379820000001,0.1105947971,0.1071056008,0.0305316597,0.6958078861,0.028324082694444443,1.981711984,-0.130583704,0.890262008,-0.069982924,48.99491119,235.6730042,997.9937134,20.46064949,20.18186951,19.70277977,21.24198914,23.4771595,56.67362976,43.3722496,2.339999914,0.055859768399999996
0.1435410023,0.138677299,0.1080878019,0.1106282949,0.1070608974,0.0305358201,0.5684925079,0.028396943416666667,1.981575966,-0.208428502,0.89404583,-0.131699696,48.99491119,222.5442963,997.9932861,20.46075058,20.18198967,19.70277977,21.24056053,23.47304916,56.59482956,43.39818954,2.402499914,0.055859768399999996
0.1436658025,0.13882509469999998,0.1081310034,0.1104874969,0.1070160985,0.030539989499999996,0.6142687797999999,0.028476749,1.98723495,-0.247291297,0.897829592,-0.01445323,61.80672073,219.1835938,997.9929199,20.46084023,20.18210983,19.70277977,21.23912048,23.46892929,56.51602173,43.3827095,2.355000019,0.055859780299999995
0.1437906027,0.13897290229999998,0.1081905961,0.1105728984,0.1070304036,0.0306576401,0.6207060814,0.028543972444444444,1.994825959,-0.247291297,0.902243078,-0.03003314,66.07733154,225.3876953,997.9926147,20.46093941,20.18223,19.70277977,21.23768997,23.46482086,56.43722153,43.35342026,2.420000076,0.0558597922
0.1439154029,0.13899159430000002,0.10817869899999999,0.11062239410000001,0.10706429479999999,0.030813109900000003,0.5549026012,0.028529749972222223,2.002417088,-0.246576101,0.90686661,-0.01260683,66.07733154,228.8307037,997.9921875,20.4610405,20.18235016,19.70277977,21.23624992,23.46071053,56.35842133,43.32413101,2.277499914,0.0558597982
0.14389870170000002,0.1389672995,0.1081429005,0.11062690019999999,0.10709830520000001,0.0308591306,0.4776548862,0.028192971555555554,2.010006905,-0.236323893,0.911490083,-0.070357457,66.07733154,226.9317017,997.9918213,20.46113968,20.18246078,19.70277977,21.23481941,23.45660019,56.40829086,43.29484177,2.295000076,0.0558597982
0.1436553001,0.1389430046,0.1081071973,0.1106313944,0.1071321964,0.0308686703,0.6321502209000001,0.02784958308333333,2.017597914,-0.155379593,0.916113615,-0.058631219,66.07733154,222.2342987,997.9915161,20.46124077,20.18258095,19.70277977,21.23337936,23.45248032,56.50104904,43.26554871,2.349999905,0.0558598101
0.1436306,0.1389186978,0.1080713987,0.11063599589999999,0.10716619489999998,0.030878210099999998,0.5613399029,0.027714790769444445,2.017949104,-0.217131004,0.920737028,-0.01172624,50.05158997,223.7476959,997.9910889,20.46133041,20.1826992,19.79690933,21.23193932,23.44836998,56.59381104,43.23625946,2.255000114,0.055859822
0.143698597,0.1389472008,0.1080625057,0.11056799889999999,0.1071627021,0.030887749799999996,0.5849432945,0.02767108281388889,2.015887022,-0.223449096,0.922884226,-0.043570589,44.70967865,229.0442047,997.9907227,20.4614296,20.18281937,19.8282795,21.23051071,23.44425964,56.68656921,43.20698166,2.220000029,0.055859828
0.14376670119999999,0.138993299,0.1080625057,0.1104758978,0.1071467996,0.0308972806,0.5878043175000001,0.027682675255555556,2.013823986,0.064207301,0.924206078,-0.068423033,44.70967865,228.6038971,997.9904175,20.46153069,20.18292999,19.8282795,21.22907066,23.44014931,56.68959045,43.1776886,2.160000086,0.055859828
0.1438348055,0.1390395045,0.1080625057,0.1103837013,0.1071308017,0.0309068203,0.4826618195,0.02791677686111111,2.011761904,0.221208304,0.925527871,-0.082194902,44.70967865,221.5478973,997.9899902,20.46162987,20.18305016,19.8282795,21.22764015,23.43602943,56.66270065,43.14839935,2.319999933,0.0558598399
0.1439028978,0.13908560279999999,0.1080625057,0.1104128003,0.1071148038,0.030916359999999997,0.5549026012,0.028163471222222222,2.00970006,-0.123788603,0.926849723,-0.021409471,44.70967865,223.2243042,997.989624,20.46172905,20.18317032,19.8282795,21.2262001,23.4319191,56.58824158,43.15863037,2.305000067,0.055859851800000006
0.1439710021,0.1391317964,0.1080625057,0.110482204,0.1070989013,0.0309884787,0.6285738945,0.028271111388888888,2.005698919,0.047040891,0.928171575,0.0,59.4982605,230.4409943,997.9893188,20.4618206,20.18329048,19.75769043,21.22476006,23.42781067,56.49790955,43.18204117,2.392499924,0.0558598578
0.14409790039999998,0.13839620349999998,0.1080446005,0.11055159569999999,0.1070829034,0.03108145,0.6178451061,0.028282027777777777,2.001051903,-0.123192601,0.927435279,-0.070175134,64.42778778,233.4006042,997.9887695,20.46191978,20.18341064,19.73415947,21.22332954,23.42370033,56.40758896,43.20544052,2.19749999,0.0558598578
0.1439947009,0.13854379649999998,0.10825330019999999,0.11041330099999999,0.10706700090000001,0.0301429689,0.586373806,0.028269110777777776,1.996405005,-0.172784403,0.926012874,-0.04207357,64.42778778,230.1237946,997.9885254,20.46202087,20.18351936,19.73415947,21.2218895,23.41958046,56.31726837,43.22885132,2.299999952,0.055859869699999995
0.143808198,0.1387724042,0.1083248019,0.11050239799999999,0.10705100299999999,0.0302369803,0.49696679120000004,0.02823866738888889,1.991757989,-0.222853005,0.924590528,-0.076287173,64.42778778,225.3199005,997.9880981,20.46212006,20.18363953,19.73415947,21.22046089,23.41547012,56.29515839,43.25225067,2.119999886,0.05585988160000001
0.1435189009,0.1386188984,0.1083248019,0.1106902957,0.1070350051,0.030507260600000002,0.542743206,0.0281979455,1.987110972,-0.246456802,0.923168182,-0.02335329,64.42778778,220.516098,997.9876709,20.46221924,20.18375969,19.73415947,21.21902084,23.41135979,56.29579163,43.27566147,2.279999971,0.055859887600000005
0.1434172988,0.1383715987,0.1083248019,0.11076509949999999,0.1070191026,0.0303240597,0.5026888847000001,0.027898250166666666,1.982463956,-0.232628301,0.921745777,0.0,68.58299255,225.7890015,997.9874268,20.46231079,20.18387985,19.85180092,21.2175808,23.40724945,56.29640961,43.29906845,2.142499924,0.055859887600000005
0.1431486011,0.138329196,0.1080744982,0.11080210210000001,0.10707889799999999,0.0302634686,0.5101991177,0.027621082730555555,1.98278296,-0.035691619,0.920323372,-0.028754611,69.96806335,227.9470062,997.9869995,20.46240997,20.18399048,19.89101982,21.21615028,23.40312958,56.38195038,43.32247162,2.220000029,0.0558598995
0.1430647016,0.1383551002,0.10801340340000001,0.1106789947,0.10716409680000001,0.0302836895,0.5488227844,0.02750220192777778,1.984756947,-0.118304901,0.918901086,0.018473931,69.96806335,234.3585052,997.9865723,20.46250916,20.18411064,19.89101982,21.21471024,23.39901924,56.49580002,43.3458786,2.397500038,0.0558599114
0.143069005,0.1383810997,0.10804320569999999,0.110502696,0.1072492003,0.0303039014,0.6807875156,0.02744590547222222,1.986731052,0.071717583,0.917609394,0.009352933,69.96806335,235.8562012,997.9863281,20.46261024,20.1842308,19.89101982,21.21327972,23.39491081,56.60963821,43.36928177,2.109999895,0.0558599174
0.1430734038,0.1384070992,0.10807290080000001,0.11048150059999999,0.1072646022,0.0302544594,0.6743502140000001,0.027419745127777777,1.988705039,0.107719302,0.916361213,-0.071048148,70.38292694,230.1737061,997.9859009,20.46270943,20.18434906,19.65572929,21.21183968,23.39080048,56.65153122,43.39268875,2.269999981,0.0558599174
0.14307769539999998,0.1384330034,0.1081027985,0.110511899,0.10725690130000001,0.0301817894,0.5770754814,0.027415110269444445,1.990679979,0.127866,0.915113091,-0.072005942,70.52121735,222.8811951,997.9854736,20.46279907,20.18446922,19.57729912,21.21040916,23.3866806,56.66942978,43.38077927,2.089999914,0.0558599412
0.1431892991,0.1384886026,0.1082890034,0.11054240470000001,0.107249105,0.030109119400000002,0.5456042767,0.027424053616666666,1.994156957,-0.149538204,0.913864911,-0.089182183,70.52121735,217.0431061,997.9852295,20.46290016,20.18457985,19.57729912,21.20896912,23.38257027,56.68733978,43.35709,1.977499962,0.0558599412
0.14320729969999998,0.1383867979,0.1082412958,0.1105728984,0.1072412014,0.0302650988,0.5398821831,0.027453859116666667,1.998136044,0.097467147,0.912616789,-0.02435815,70.52121735,215.7048035,997.9848022,20.46299934,20.18470001,19.57729912,21.20898056,23.37845993,56.70523834,43.33340836,2.105000019,0.0558599472
0.1431823015,0.13852050300000002,0.1080983043,0.11060340399999999,0.1072335005,0.0303622901,0.4161429882,0.027584985097222223,2.002115011,-0.118900999,0.911368608,-0.02074768,70.52121735,228.3862,997.984375,20.46310043,20.18482018,19.57729912,21.20948029,23.37434959,56.72314072,43.30973053,2.255000114,0.0558599472
0.1434981942,0.13875119689999998,0.108080399,0.11055849790000001,0.1072257042,0.03041448,0.5599092960000001,0.027832334305555557,2.006093025,-0.230244204,0.910120487,0.026439879,55.71480179,235.264801,997.9840698,20.46319962,20.18494034,19.74200058,21.20998001,23.37023926,56.67565918,43.28604126,2.079999924,0.055859970999999994
0.1437500954,0.1389819026,0.1081042051,0.1104884982,0.1072178006,0.0306678891,0.5935263156999999,0.02797772302777778,2.010071993,-0.174811006,0.908872306,0.079809427,50.77933121,241.5630951,997.9837036,20.46328926,20.1850605,19.7968998,21.21047974,23.36611938,56.60639191,43.26235962,2.092499971,0.055859970999999994
0.1439427018,0.1391119957,0.1082800984,0.11055279970000001,0.10721009969999999,0.0306640714,0.5284379959,0.028015138833333335,2.014050007,-0.118662603,0.908776224,0.022896949,50.77933121,247.1251984,997.9832764,20.46339035,20.18516922,19.7968998,21.21097946,23.36200905,56.53710938,43.23867035,2.105000019,0.055859983
0.14391249420000002,0.1389678955,0.10850659609999999,0.1106618047,0.1072023034,0.030552139900000004,0.5656312942999999,0.028031027055555553,2.018028975,0.311212599,0.909064114,0.0,50.77933121,245.4317932,997.9829712,20.46348953,20.18528938,19.7968998,21.21147919,23.35790062,56.46783829,43.21498871,2.055000067,0.055859983
0.1436094046,0.1387436986,0.1085050941,0.1107707977,0.1071943998,0.0304402113,0.5971025944,0.028014138527777777,2.017646074,0.071955986,0.909352005,-0.036872409,50.77933121,239.1092987,997.982605,20.46359062,20.18540955,19.7968998,21.21198082,23.35378075,56.45677948,43.19131088,2.025000095,0.055859988900000004
0.1434695005,0.1386433005,0.1084275961,0.11087989810000001,0.10718669890000002,0.0303282887,0.5917381763,0.027978388472222223,2.015810013,-0.197937906,0.909639895,0.018212769,60.04687119,237.5785065,994.0278931,20.4636898,20.18552971,19.63220024,21.21248055,23.34967041,56.46512985,43.16762924,2.057499886,0.0558600008
0.14340599780000002,0.13858419660000001,0.1083500981,0.1108742952,0.1071789026,0.0302163601,0.5788637161,0.027954889944444443,2.013972998,0.114275903,0.909927785,0.03352562,63.13605118,245.7527008,992.7097168,20.46379089,20.18564034,19.57729912,21.21298027,23.34556007,56.47346878,43.14393997,2.20875001,0.055860012800000004
0.143553102,0.1387155056,0.1082726002,0.110830605,0.10720289949999999,0.030331361299999998,0.5220007896000001,0.027916471694444445,2.012135983,-0.125099897,0.910215676,-0.0142271,63.13605118,249.9221039,992.7097168,20.46388054,20.1857605,19.57729912,21.21348,23.34144974,56.48181915,43.16101074,2.393749952,0.055860012800000004
0.1437703967,0.1389104009,0.1082352996,0.1107869029,0.1072376966,0.0305219889,0.6221365929,0.027908166249999998,2.00743103,-0.245801196,0.910503626,-0.045305699,63.13605118,243.8130951,992.7097168,20.46397972,20.18588066,19.57729912,21.21397972,23.34509087,56.49016953,43.19166183,2.440000057,0.0558600187
0.1439877033,0.1392284036,0.10821150539999999,0.11074310540000001,0.1072723985,0.030712631299999998,0.5220007896000001,0.027887306222222224,2.001769066,-0.246993303,0.910791516,-0.031640019,63.13605118,235.0133057,992.7097168,20.46408081,20.18600082,19.57729912,21.21446991,23.3513298,56.4985199,43.22230911,2.335000038,0.055860030699999993
0.144204998,0.13940889839999998,0.10833070279999998,0.1106564999,0.10730710029999999,0.0309032589,0.5506111145,0.027858166166666663,1.996106982,-0.221184105,0.911079407,-0.006328005,71.36308289,227.6157074,996.9484253,20.46417999,20.18611908,19.57729912,21.21496964,23.3575592,56.50685883,43.25296021,2.375,0.05586004260000001
0.1443220973,0.13952980040000001,0.10822939869999999,0.1107264996,0.1073418975,0.031093901400000002,0.5134177207999999,0.027829028222222222,1.990445018,-0.238231301,0.911367297,-0.026337801,74.10542297,227.9129028,998.3613281,20.46427917,20.18622971,19.57729912,21.21546936,23.36380005,56.5152092,43.28361893,2.422499895,0.05586004260000001
0.1444057941,0.1396507978,0.1082085013,0.1106925011,0.10737659930000001,0.031284529,0.5055499077000001,0.027818777305555556,1.984781981,-0.182082802,0.911655188,-0.028756469,74.10542297,230.6192932,998.3613281,20.46437073,20.18634987,19.57729912,21.21596909,23.37002945,56.52355957,43.31427002,2.227499962,0.0558600485
0.1444895029,0.13971639870000002,0.1082442999,0.11071840520000001,0.1074113011,0.0314038694,0.5978178977999999,0.027819750055555557,1.979120016,-0.157287002,0.911943078,-0.069910847,74.10542297,229.5209961,998.3613281,20.46446991,20.18647003,19.57729912,21.21647072,23.37627029,56.53190994,43.34492111,2.287499905,0.055860060499999996
0.1445104003,0.13997310400000001,0.10834259989999999,0.11078219410000001,0.1073652983,0.0313022107,0.6657671928,0.02780650033333333,1.980777979,-0.224879697,0.912231028,-0.1066112,74.09842682,222.8209991,998.361084,20.46456909,20.18659019,19.55377007,21.21697044,23.38249969,56.54024887,43.37557983,2.105000019,0.0558600724
0.1447394967,0.14013030529999998,0.1084619045,0.1108023047,0.1072922945,0.0314873487,0.6228518009,0.027787971499999998,1.984874964,0.056220159,0.912518919,-0.028509101,74.08911133,219.5102997,998.3607788,20.46467018,20.18670082,19.54593086,21.21747017,23.3887291,56.54859924,43.40623093,1.992499948,0.0558600724
0.1448158979,0.1398355007,0.1085811019,0.1108077049,0.1074108005,0.0315492392,0.5849432945,0.02776943418611111,1.988971949,0.465471894,0.912806809,-0.02096428,74.07978821,224.0715027,998.3604736,20.46476936,20.18681908,19.54593086,21.21796989,23.39496994,56.55694962,43.39332962,2.152499914,0.055860078300000005
0.1445855975,0.1396685004,0.1085214019,0.1109902978,0.10748590229999999,0.0313577712,0.5291533947,0.027749894461111112,1.994235992,0.1225015,0.913094699,-0.04891666,74.07047272,227.1000061,998.3602295,20.46486092,20.18693924,19.54593086,21.21846962,23.40121078,56.56528854,43.36592865,2.277499914,0.0558600903
0.1445425987,0.13958790299999999,0.1085273981,0.1110110044,0.10752539629999999,0.031108591,0.4912447929,0.02773399988888889,1.99988997,-0.188043401,0.915312529,-0.069347948,74.06114197,225.6625977,998.3599243,20.4649601,20.1870594,19.54593086,21.21896935,23.40744019,56.57363892,43.33852005,2.112499952,0.0558601022
0.144342804,0.1394124031,0.1085751057,0.110958004,0.1075649023,0.030914428799999998,0.5205701828,0.02771942986388889,2.005543947,0.359135598,0.918173611,-0.05255552,74.05182648,223.1385956,998.3596802,20.46505928,20.18717957,19.6635704,21.21946907,23.41366959,56.58198929,43.31111145,2.192500114,0.05586010810000001
0.1440613031,0.1392053008,0.10862280129999999,0.1109940052,0.1076043963,0.030738601100000002,0.6185603142,0.027704861958333334,2.011198044,-0.04451324,0.921034575,-0.05166905,74.04250336,220.6147003,998.359375,20.46516037,20.18729019,19.70277977,21.21995926,23.41991043,56.59033966,43.28369904,2.217499971,0.05586010810000001
0.1439463973,0.13909260029999998,0.1086346984,0.11105970140000002,0.10764390230000001,0.0305627704,0.5506110191,0.027681346469444444,2.016851902,-0.124980703,0.923895717,-0.042457361,74.03318024,218.0908051,998.3590698,20.46525955,20.18741035,19.70277977,21.22046089,23.42613983,56.59867859,43.25630188,2.13499999,0.0558601201
0.14388710259999998,0.1390112996,0.1086346984,0.11107610459999999,0.10768330100000001,0.0304820389,0.5699230194,0.027672737969444444,2.0154109,-0.206640303,0.92675668,-0.05859283,74.02385712,216.2915955,998.3588257,20.4653492,20.18753052,19.70277977,21.22096062,23.43236923,56.60702896,43.22888947,2.147500038,0.05586013199999999
0.143827796,0.1389299989,0.10861690040000001,0.11107610459999999,0.107722795,0.030433019999999998,0.535590601,0.02765518612222222,2.011605978,-0.247291297,0.929617822,-0.075069353,74.01452637,214.7341003,998.3585205,20.46545029,20.18765068,19.70277977,21.22146034,23.43861008,56.61537933,43.20148087,2.279999971,0.055860137899999995
0.1437684059,0.1389767051,0.1087896943,0.11107610459999999,0.1077244997,0.0302296996,0.6428790092,0.027641612158333335,2.007801056,-0.247291297,0.931684911,-0.088195622,67.82540894,214.8760986,998.3582153,20.46554947,20.18777084,19.60866928,21.22196007,23.44485092,56.62371826,43.17406845,2.282500029,0.055860137899999995
0.1437564015,0.1388038993,0.109028101,0.1110352993,0.107713604,0.0299749494,0.7530283928,0.02762008878888889,2.003994942,-0.221899405,0.933487415,-0.08479251,65.76313782,215.5845947,998.3579102,20.46565056,20.18787956,19.57729912,21.22245979,23.45108032,56.63206863,43.19017029,2.045000076,0.0558601499
0.1433742046,0.13854370119999998,0.1088372946,0.1110587001,0.1077887058,0.0299324989,0.5656312942999999,0.027604855430555558,2.00049305,-0.238827303,0.935289919,-0.075879604,65.76313782,216.2931976,998.3577271,20.46574974,20.18799973,19.57729912,21.22295952,23.45730972,56.64041901,43.22077179,2.299999952,0.055860161799999995
0.1431869984,0.138381803,0.1087896943,0.111108005,0.1078925014,0.0296890914,0.5062651157,0.02758548312777778,1.997092009,-0.247291297,0.937092304,0.01331684,65.76313782,225.9411926,998.3574219,20.46585083,20.18811989,19.57729912,21.22345924,23.46355057,56.64876938,43.25136948,2.214999914,0.0558601677
0.1431077003,0.1382526994,0.10883740189999999,0.1111572981,0.107931602,0.0295832902,0.6385875225000001,0.027563627030555555,1.993690968,-0.085641056,0.938894808,0.009344606,48.51390076,238.5690002,998.3571167,20.46594048,20.18824005,19.57729912,21.22396088,23.46977997,56.65710831,43.28195953,2.382499933,0.0558601677
0.143028295,0.13830349449999998,0.10874199870000001,0.1112066984,0.1079491019,0.029553538600000002,0.6021094799,0.027556177775,1.990290046,-0.193407893,0.940697312,-0.03460424,42.76416016,240.6266022,998.3568115,20.46603966,20.18835068,19.57729912,21.22444916,23.47602081,56.67683029,43.31256104,2.467499971,0.0558601797
0.1433017015,0.1384142041,0.1088314056,0.11116540429999999,0.10796660179999999,0.029523789900000003,0.5777906895,0.027543097602777778,1.986889005,0.0298745,0.942499816,-0.01139786,42.76416016,235.7097015,998.3565063,20.46614075,20.18847084,19.57729912,21.22495079,23.48225021,56.70034027,43.34315872,2.170000076,0.0558601916
0.1433102965,0.1385249972,0.1086585045,0.111093998,0.1079841018,0.029834338999999998,0.5205702782,0.027526539697222224,1.98348701,-0.154902697,0.94430232,-0.043278661,42.76416016,232.0227966,998.3562012,20.46623993,20.1885891,19.57729912,21.22545052,23.48848915,56.72385025,43.37376022,2.047499895,0.0558601975
0.1435086012,0.138843596,0.1085333943,0.11111860280000001,0.1080016971,0.0300556898,0.481946516,0.027518427108333333,1.988379002,-0.206163496,0.946104825,-0.067433231,42.76416016,229.129303,998.355896,20.46633911,20.18870926,19.57729912,21.22595024,23.49472046,56.74734879,43.36035156,2.017499924,0.0558601975
0.1440057993,0.1392313957,0.108694303,0.1110113978,0.108019197,0.030209499600000002,0.4197193146,0.02749822828611111,1.99603498,-0.228932902,0.947907209,-0.080404364,48.0459404,224.9990997,998.3555908,20.46643066,20.18882942,19.69494057,21.22644997,23.50094986,56.77085876,43.33227158,2.055000067,0.0558602095
0.1442253947,0.1394165993,0.1087092042,0.11098220350000002,0.108009398,0.0305822402,0.5513263226,0.027490942213888887,2.003690958,-0.086952403,0.949709713,-0.050916892,49.80654144,223.8634949,998.3552856,20.46652985,20.18894005,19.73415947,21.22694969,23.5071907,56.79436874,43.30419159,2.174999952,0.0558602214
0.1443308949,0.1395341039,0.10864959960000001,0.11099719999999999,0.107990396,0.0307937503,0.5563331127,0.027468757630555556,2.011347055,-0.192931101,0.948202312,-0.080549113,49.80654144,218.8386993,998.3549805,20.46663094,20.18906021,19.73415947,21.22744942,23.5134201,56.81787109,43.27611923,2.007499933,0.055860227299999995
0.1444365025,0.1396515965,0.10870620010000001,0.11101219650000001,0.1079715014,0.030927181199999997,0.5606245995,0.02745352427222222,2.019002914,0.078989416,0.945591629,-0.064570427,49.80654144,215.780304,998.3546753,20.46673012,20.18918037,19.73415947,21.22794914,23.51966095,56.84138107,43.24803925,2.352499962,0.055860227299999995
0.144542098,0.1399183035,0.108694303,0.1110273004,0.1079524994,0.0310606211,0.5692076206000001,0.027451869116666666,2.020266056,0.149562404,0.942980826,-0.071732096,49.80654144,213.9355927,998.3543701,20.4668293,20.18930054,19.73415947,21.22845078,23.52589035,56.86489105,43.21995926,2.355000019,0.0558602393
0.1446475983,0.1400771022,0.1086465955,0.1110422969,0.10793360469999999,0.0312512785,0.5913805961999999,0.027453193663888886,2.01939702,-0.147988498,0.940370083,-0.04837269,43.06293106,214.9371948,998.354187,20.46692085,20.1894207,19.67170906,21.2289505,23.53211975,56.88840103,43.19187927,2.369999886,0.0558602512
0.1447532058,0.14018330569999998,0.1085988998,0.11105730529999999,0.10791460280000001,0.0314610004,0.471932888,0.027432166205555556,2.018527985,-0.114967003,0.93485707,-0.009674538,40.81505966,219.4207001,998.3538818,20.46702003,20.18952942,19.65280914,21.22945023,23.5383606,56.91191101,43.16379929,2.255000114,0.0558602571
0.1449779987,0.1404227018,0.1085512042,0.11107230189999999,0.10789569619999999,0.0316707313,0.5606245995,0.02740368525277778,2.017659903,-0.201037407,0.928376794,-0.072057202,40.81505966,221.7958984,998.3535767,20.46711922,20.18964958,19.65538025,21.22994995,23.54459,56.93540955,43.1357193,2.337500095,0.0558602571
0.145242703,0.1407063961,0.1085034966,0.11097869869999999,0.10787669419999998,0.0318804592,0.6021093845000001,0.027382662030555553,2.010241032,-0.206759498,0.919911623,-0.060297359,40.81505966,221.2138062,998.3532715,20.46722031,20.18976974,19.65793991,21.29801941,23.55083084,56.95891953,43.15850067,2.289999962,0.055860269100000005
0.1455072999,0.1407500982,0.10866149659999999,0.1108971953,0.10783720020000001,0.0320901901,0.5606245995,0.027390939925,2.000638008,-0.234058902,0.910784781,-0.081432879,40.81505966,217.904007,998.3530273,20.46731949,20.18988991,19.66050911,21.32162094,23.55706024,56.9824295,43.1982193,2.244999886,0.055860281
0.14547679419999998,0.14071389439999998,0.1088881016,0.110948801,0.1077906966,0.0319237798,0.6950925827,0.027472727033333335,1.991034985,-0.241211593,0.901657999,-0.089255579,70.05557251,211.7474976,998.3527222,20.46740913,20.19000053,19.66307068,21.32288933,23.56329918,57.00593948,43.23794937,2.142499924,0.0558602929
0.14534800050000002,0.140575099,0.1088732004,0.11103930470000001,0.1077443004,0.0317917496,0.6221365929,0.027591942680555554,1.981431961,0.119521201,0.895385087,-0.0220474,79.80240631,210.0287018,998.352417,20.46751022,20.1901207,19.66563988,21.32415962,23.56953049,57.02944183,43.27767944,2.327500105,0.0558602929
0.1451169014,0.14040219780000002,0.1087777972,0.11112979650000002,0.10777020450000001,0.0317129791,0.6350111961,0.027647906408333336,1.980790973,0.209406406,0.890063524,-0.0521967,79.80240631,217.4725037,998.3521729,20.46760941,20.19024086,19.66819954,21.32542992,23.57575989,57.04790878,43.31740952,2.369999886,0.05586029890000001
0.14485169650000002,0.1402292013,0.1086824059,0.11122039560000001,0.10779050590000001,0.0316341996,0.5842280865,0.027657174005555552,1.983137965,-0.1320142,0.889030814,-0.017398899,79.80240631,220.0444946,998.3519287,20.46771049,20.19035912,19.67077065,21.32670021,23.58200073,57.06470108,43.35712814,2.082499981,0.0558603108
0.1448703051,0.1401229024,0.1088732004,0.1112004995,0.1078009963,0.0313346297,0.518424511,0.027637638516666667,1.985484958,-0.234118506,0.889427781,0.0,67.75937653,222.4161072,998.3516235,20.46780968,20.19047928,19.76552963,21.3279705,23.58823013,57.08148956,43.39685822,2.027499914,0.0558603227
0.1446336031,0.1398051977,0.1089565992,0.11114389899999999,0.10781140330000001,0.031160330800000004,0.637157011,0.027620086669444446,1.98783195,-0.222912699,0.889824688,-0.050176632,63.74502945,225.5379944,998.3513184,20.46789932,20.1905899,19.7968998,21.3292408,23.59446907,57.09828186,43.37715149,2.25,0.0558603227
0.1445451975,0.1395894051,0.1089725018,0.1112658978,0.10782179830000001,0.0308010012,0.5656313896,0.027599559361111112,1.994341969,-0.240496293,0.890221715,-0.04903413,63.74502945,225.4131012,998.3510132,20.46800041,20.19071007,19.7968998,21.33049965,23.60070038,57.11507034,43.33763885,2.200000048,0.055860328699999996
0.14435960050000002,0.13925169710000002,0.10898829699999998,0.11126810309999999,0.10783230070000001,0.030589631200000002,0.5377364159,0.027595914205555554,2.002239943,0.007343601,0.890618682,-0.079921886,63.74502945,220.9232025,998.350708,20.46809959,20.19083023,19.7968998,21.33176994,23.60693932,57.13185883,43.29811096,2.00999999,0.0558603406
0.1440546036,0.139130795,0.10882240530000001,0.11121059659999999,0.1078426957,0.030455508799999996,0.4383159161,0.027580680847222223,2.010137081,-0.007915431,0.891015708,-0.023050791,63.74502945,221.6472015,998.3504028,20.46820068,20.19095039,19.7968998,21.33304024,23.61317062,57.14865112,43.2585907,2.042500019,0.0558603525
0.1440891027,0.1393344045,0.1085958958,0.11115310190000001,0.1078531981,0.0305345505,0.5198550224,0.0275545205,2.018034935,-0.1915005,0.891412675,0.033307821,62.54685974,228.9116974,998.3500977,20.46829987,20.19105911,19.72631073,21.33431053,23.61940002,57.16543961,43.21908188,2.234999895,0.0558603525
0.14424330000000002,0.1393486977,0.10861979719999999,0.1110955954,0.107863605,0.0306846499,0.5370212078,0.027547071244444443,2.019081116,-0.244430304,0.891809583,0.102150798,62.14746857,241.7565002,998.3499146,20.46838951,20.19117928,19.69191933,21.33558083,23.62564087,57.1822319,43.17956161,2.079999924,0.0558603585
0.1441617966,0.1392742038,0.10872709750000001,0.1111475945,0.10787400009999999,0.0306245804,0.673635006,0.027546407911111112,2.017843008,-0.217130899,0.889843583,0.131762996,62.14746857,245.309494,998.3494873,20.4684906,20.19129944,19.67744064,21.33684921,23.63187027,57.19902039,43.14004135,1.972499967,0.055860370400000005
0.1440019011,0.139199698,0.1086824059,0.11123609539999998,0.1078845024,0.0304944485,0.6904435158,0.02753729926111111,2.0166049,-0.200918198,0.887089789,0.1110892,62.14746857,257.4077148,998.3491821,20.46858978,20.1914196,19.66296005,21.33811951,23.63810921,57.21580887,43.10052109,1.960000038,0.0558603823
0.1440778017,0.1391870975,0.1088016033,0.1111912966,0.1078948975,0.0303643286,0.648958683,0.027519423166666664,2.015367031,0.2251423,0.884336114,0.02576155,62.14746857,258.1034851,998.348877,20.46869087,20.19153976,19.64849091,21.3393898,23.64434052,57.23258972,43.11483002,2.019999981,0.0558603823
0.143937099,0.1390023947,0.1088314056,0.1111019969,0.1079053998,0.030337399199999997,0.6493163109,0.027499552833333333,2.009897947,0.077797368,0.88158232,0.03568745,46.12836075,250.9385071,998.3486938,20.46879005,20.19165039,19.63401031,21.3406601,23.65057945,57.24938965,43.14707184,2.287499905,0.055860388299999994
0.1436980009,0.1389945984,0.108592999,0.111095202,0.10791579479999999,0.030344858800000003,0.5885196209,0.027479682497222224,2.003020048,-0.03235371,0.880568922,0.01362784,40.78865051,242.8683014,998.3483887,20.4688797,20.19177055,19.61952972,21.34192085,23.65681076,57.2661705,43.17930984,2.347500086,0.05586040020000001
0.1439342976,0.1393349051,0.1085870028,0.1111158967,0.10788960460000001,0.030352321300000002,0.41471238140000005,0.027477696736111112,1.99614203,-0.194003999,0.880135715,-0.031646069,40.78865051,234.7980957,998.3480835,20.46898079,20.19189072,19.60504913,21.34318924,23.66304016,57.28295898,43.2115593,2.167500019,0.0558604121
0.1441390038,0.1395004034,0.1086824059,0.111093998,0.10785219669999999,0.030588158999999997,0.5656312942999999,0.027475710974999998,1.989264011,-0.246695295,0.879702389,0.015974229,40.78865051,232.7805023,998.3477783,20.46907997,20.19201088,19.59057045,21.34445953,23.6692791,57.29975128,43.24380112,2.230000019,0.0558604121
0.1442803979,0.1395776987,0.1085273981,0.11105779410000001,0.1078151941,0.0309001207,0.5277227878999999,0.027509485880555556,1.982385993,-0.209620699,0.879269123,0.051102411,40.78865051,233.9246979,998.3474731,20.46917915,20.19212914,19.57608986,21.34572983,23.67551041,57.31653976,43.27605057,2.434999943,0.055860418099999996
0.144421804,0.1396551013,0.1084678054,0.11102169749999999,0.1077782035,0.0310369998,0.5248618126,0.027560814752777777,1.980798006,-0.043440349,0.878835917,0.071744993,62.5139389,243.9694977,998.347229,20.46928024,20.19223976,19.56160927,21.34700012,23.68174934,57.33332825,43.30828857,2.339999914,0.05586043
0.1445631981,0.1398872018,0.10847849849999999,0.1109855056,0.10774120089999999,0.0311155111,0.552756691,0.02760783513333333,1.980975032,0.205949306,0.87840271,-0.02537684,69.75570679,249.466507,998.3469238,20.46936989,20.19235992,19.54714012,21.34827042,23.68798065,57.35012054,43.3405304,2.237499952,0.0558604419
0.1447046041,0.1401708961,0.10849280359999999,0.1109493971,0.1077041984,0.0313389689,0.5220006943,0.027616113027777778,1.981152058,-0.111390702,0.877969384,-0.0141602,69.75570679,244.3106995,998.3466797,20.46946907,20.19248009,19.53265953,21.34954071,23.69421959,57.36690903,43.37277985,2.130000114,0.0558604419
0.1448459983,0.1402418017,0.1085070968,0.1109132051,0.10766719579999999,0.0316107392,0.5913805961999999,0.027599228752777778,1.987144947,-0.081468686,0.87936312,0.04625421,69.75570679,242.2870941,998.3463745,20.46957016,20.19260025,19.51818085,21.3508091,23.7004509,57.38370132,43.35963058,2.355000019,0.0558604479
0.14498740429999998,0.1404356003,0.1085214019,0.1109853029,0.1076302052,0.031747669,0.5305839062000001,0.027572072347222223,1.995077014,-0.191619799,0.881365895,-0.031909179,69.75003815,240.2834015,998.3461304,20.46966934,20.19271088,19.58514023,21.35207939,23.69796944,57.40048981,43.33134079,2.252500057,0.0558604598
0.1451287985,0.1405614972,0.10853569510000001,0.1108675003,0.1075932026,0.0318396688,0.5484652996,0.027571739619444445,2.003007889,-0.050235379,0.883368671,-0.054345138,69.74247742,234.4185944,998.3458252,20.46977043,20.19282913,19.61389923,21.35334969,23.69257927,57.41727829,43.30305099,2.204999924,0.055860471700000004
0.1451930046,0.1406432033,0.1084678054,0.11091719870000001,0.10755619999999999,0.031931668499999996,0.5341601849,0.0275601493,2.010940075,-0.179221794,0.885371387,0.068550833,69.73491669,236.4893036,998.34552,20.46986008,20.1929493,19.62087059,21.35461998,23.68720055,57.43407059,43.27476883,2.359999895,0.055860471700000004
0.1454664946,0.1407250047,0.10855129960000001,0.1109205008,0.1075469017,0.0320236593,0.5885196209,0.027541605630555552,2.011722088,0.2846286,0.887374222,-0.007239374,69.72736359,241.5625,998.3452148,20.46995926,20.19306946,19.62784004,21.35588074,23.68181038,57.45085907,43.24649048,2.383749962,0.0558604777
0.1453482985,0.1406316996,0.1084975958,0.11088130469999999,0.1075469017,0.0322198689,0.6260704994,0.027512137094444448,2.010121107,-0.031638421,0.889376879,-0.031518761,69.71980286,243.1018982,998.3449097,20.47006035,20.19318962,19.63480949,21.35714912,23.67642975,57.46765137,43.21820068,2.348750114,0.05586048959999999
0.1452854991,0.14048000570000002,0.1085751057,0.11090140340000001,0.1075469017,0.0320636392,0.6475282192,0.02749988343888889,2.008519888,-0.2344165,0.891379714,-0.05694915,55.79280853,236.2556,998.3446045,20.47015953,20.19330025,19.64178085,21.35841942,23.67103958,57.48443985,43.18991089,2.452500105,0.05586050150000001
0.145024395,0.1400812984,0.1087180972,0.1109413028,0.1075469017,0.031778350500000004,0.6314350128,0.027509485880555556,2.006917953,-0.246729299,0.89338237,0.02927673,51.1511116,233.7406006,998.3444214,20.47026062,20.19342041,19.64875031,21.35968971,23.66566086,57.5012207,43.16162872,2.167500019,0.05586050150000001
0.1446735978,0.13978680370000002,0.1085929036,0.1109812021,0.1075469017,0.0314930588,0.5727838993,0.027490281,2.005316973,-0.245979995,0.895385087,0.01534365,51.1511116,238.4205933,998.3441162,20.47035027,20.19354057,19.65571976,21.36096001,23.66027069,57.51800919,43.16852188,2.105000019,0.0558605075
0.1444533944,0.1395542979,0.1087002993,0.1110211015,0.1075469017,0.031076869400000002,0.602824688,0.027467765808333332,2.002393961,-0.2452306,0.897387922,0.124946803,51.1511116,249.4821014,998.343811,20.47044945,20.19366074,19.66268921,21.3622303,23.65489006,57.53480911,43.18714142,2.258749962,0.055860519399999996
0.14427670239999998,0.1393218994,0.10877180099999999,0.1110311031,0.1075469017,0.0309039891,0.6829332829,0.027472731272222224,1.999029994,-0.244481295,0.899390578,0.139654607,51.1511116,262.1207886,998.3433838,20.47055054,20.1937809,19.6696701,21.3635006,23.64949989,57.55158997,43.20576096,2.443749905,0.0558605313
0.1439651012,0.1390180945,0.1087955952,0.11103589529999999,0.1075469017,0.0305678099,0.6078314781,0.027511145275,1.995666027,-0.243732005,0.901393414,0.103733003,73.11749268,266.4379883,998.3432007,20.47064972,20.19388962,19.53023911,21.36477089,23.64411926,57.56837845,43.22438049,2.460000038,0.0558605373
0.1436086059,0.1386904955,0.1086405993,0.1110424042,0.1075469017,0.0303771794,0.6636213779,0.027557945252777778,1.992301941,-0.2429827,0.900767624,0.03622286,80.43961334,262.8334045,998.3428955,20.47075081,20.19400978,19.48317909,21.36603928,23.6387291,57.58517075,43.24300003,2.382499933,0.0558605373
0.14325209860000002,0.1383628964,0.1087301016,0.1110488057,0.1075469017,0.029921150200000003,0.7122588158000001,0.027604745227777776,1.988937974,-0.242233306,0.899265528,-0.041816741,80.43961334,250.0789948,998.3425903,20.47084045,20.19412994,19.48317909,21.36730957,23.63334084,57.60195923,43.26160812,2.045000076,0.0558605492
0.1429834008,0.1380352974,0.10870620010000001,0.1110551953,0.1075626969,0.0295915812,0.6650518894,0.027630352444444443,1.985574007,-0.065017536,0.895807207,0.042343181,80.43961334,243.4830933,998.3422852,20.47093964,20.19425011,19.48317909,21.36857986,23.62796021,57.61875153,43.28023148,2.315000057,0.0558605611
0.14274400469999998,0.1378445983,0.1086109042,0.11106159689999999,0.107565701,0.029342219200000002,0.5677772045,0.027631511688888888,1.988294959,-0.186612904,0.891696811,0.019224949,80.43961334,247.5818024,998.34198,20.47104073,20.19436073,19.48317909,21.36984062,23.62257004,57.63554001,43.29885101,2.36500001,0.0558605671
0.14250459669999999,0.1375334978,0.1087301016,0.1110681057,0.1075626969,0.0290928692,0.7065368176,0.027626876830555556,1.993044972,-0.246933699,0.887586296,0.0,51.46062088,250.1405945,998.3416748,20.47113991,20.1944809,19.71846962,21.37111092,23.61718941,57.65232849,43.31747055,2.107500076,0.0558605671
0.1422652006,0.1375159025,0.10842009779999999,0.11107449529999999,0.10755970479999999,0.0291422188,0.5770754814,0.02760783513333333,1.997794986,-0.247092605,0.887299001,0.039946489,41.80096054,249.5722961,998.3413696,20.47123909,20.19459915,19.7968998,21.3723793,23.61179924,57.66912079,43.33609009,1.992499948,0.055860579
0.14225840569999998,0.1376145959,0.10826510190000001,0.11098469500000001,0.10755670070000001,0.029291141,0.515563488,0.027583991155555557,2.002545118,-0.2472516,0.888286114,0.03609639,41.80096054,251.8462982,998.3411255,20.47133064,20.19471931,19.7968998,21.3736496,23.60642052,57.68590927,43.31967163,2.055000067,0.055860579
0.1423290968,0.1377132058,0.10821750160000002,0.11089860199999999,0.1075536966,0.029440060299999998,0.5220007896000001,0.027570082347222222,2.007294893,0.178292304,0.889273107,0.037549201,41.80096054,251.5727997,998.3408813,20.47142982,20.19483948,19.7968998,21.37491989,23.60103035,57.70270157,43.29156876,2.297499895,0.0558606029
0.142591095,0.13799149989999998,0.10816979410000001,0.11082439420000001,0.1075507045,0.0295889795,0.5842279911,0.027545581394444442,2.009968042,-0.105787799,0.89026022,0.00998519,58.23712921,247.4530945,998.3405762,20.47153091,20.1949501,19.5933609,21.37619019,23.59564972,57.71949005,43.2634697,2.107500076,0.0558606029
0.1429376006,0.1381901026,0.10819360019999999,0.1107501984,0.10754770039999999,0.029737898699999998,0.664336586,0.02754226896388889,2.011948109,-0.247696698,0.891247272,0.0,63.71585083,242.4611053,998.340271,20.4716301,20.19507027,19.52552032,21.37746048,23.59025955,57.7362709,43.23537064,2.36500001,0.0558606088
0.1431115985,0.1383422017,0.1082412958,0.11067609789999999,0.1074370027,0.0299338788,0.5556178092999999,0.027533658344444444,2.013926983,-0.2476013,0.892234325,-0.038453128,63.71585083,237.4689941,998.3400269,20.47172928,20.19519043,19.52552032,21.37873077,23.58488083,57.75305939,43.20727921,2.1875,0.0558606088
0.14322580099999999,0.13849439619999998,0.1082352996,0.1107123971,0.1073835015,0.0301455408,0.5663465977000001,0.02760982301388889,2.015907049,-0.247505903,0.892297506,-0.01281771,63.71585083,232.477005,998.3397217,20.47182083,20.19531059,19.52552032,21.37999916,23.57949066,57.76985931,43.17918015,2.232500076,0.0558606327
0.1434764028,0.1387313008,0.10821150539999999,0.11067630049999999,0.10736099480000001,0.0303571999,0.5413126945,0.027675056458333333,2.017887115,-0.247410506,0.892052829,0.0,63.71585083,233.3480988,998.3394165,20.47192001,20.19543076,19.52552032,21.38126945,23.57411003,57.76383972,43.15108109,2.400000095,0.0558606327
0.1437724948,0.1389965057,0.10818769930000001,0.1106037974,0.10733859539999999,0.030568858999999997,0.5538297176,0.02769293891111111,2.019866943,-0.247315094,0.891807973,-0.027530329,59.75032043,232.2097931,998.3391113,20.4720192,20.19553947,19.52654076,21.38253021,23.56871986,57.75022888,43.12297821,2.477499962,0.0558606386
0.1439167023,0.13906790019999998,0.10821150539999999,0.110531199,0.1073161006,0.030780520999999998,0.5895925045,0.027685652838888887,2.014533043,-0.193288699,0.891563177,-0.047256138,58.42847061,229.7501068,998.3389282,20.47212029,20.19565964,19.5279007,21.38380051,23.5633297,57.73662949,43.14326859,2.279999971,0.0558606386
0.14401030539999998,0.1390745997,0.10825120210000001,0.1105505943,0.1072936058,0.0308240205,0.5727838993,0.027653863694444444,2.006761074,0.382620186,0.891318381,-0.01269312,58.42847061,227.2904968,998.338623,20.47221947,20.1957798,19.52926064,21.3850708,23.55794907,57.72301102,43.17969131,2.32249999,0.055860662500000005
0.1439623952,0.1390813947,0.10829099419999999,0.11060069800000001,0.10727109909999999,0.0308114707,0.5781484127,0.027653202480555555,1.998988986,-0.01220705,0.891073704,0.0,58.42847061,226.5357971,998.3383179,20.47230911,20.19589996,19.53062057,21.38633919,23.55256081,57.70940018,43.21611023,2.045000076,0.055860662500000005
0.1438673973,0.1388762951,0.108247304,0.1106506944,0.10724860430000001,0.0308781505,0.5967450141999999,0.02770188013611111,1.991217017,-0.146796301,0.890829027,0.0,58.42847061,226.3493042,998.3380127,20.4724102,20.19601059,19.53198051,21.38760948,23.54718018,57.69578934,43.25252914,1.985000014,0.0558606684
0.1437723994,0.1390171051,0.10817569490000001,0.11070079799999999,0.10722609759999999,0.0307482809,0.5949569225,0.027755858102777777,1.983445048,-0.215461895,0.890584171,0.0,62.55826187,226.1629028,998.3377075,20.47250938,20.19613075,19.53334045,21.38887978,23.54179001,57.6821785,43.28894043,2.015000105,0.0558606803
0.14395719769999998,0.1392966986,0.1081042051,0.11059449910000001,0.1072036028,0.0308549792,0.5713533878,0.027828388222222222,1.98209095,0.04656405,0.890339375,-0.06272386,63.93486023,224.9176941,998.3374023,20.47261047,20.19625092,19.53470039,21.39015007,23.53640938,57.6685791,43.32535934,1.982499957,0.0558606923
0.14423530099999998,0.139576304,0.10792529580000002,0.1104361057,0.1071810961,0.031281811,0.5019735812999999,0.027884027694444445,1.982877016,0.250653505,0.891329587,-0.064210251,63.93486023,221.0140076,998.3370972,20.47270966,20.19636917,19.53606987,21.39142036,23.53101921,57.65496063,43.36177826,2.285000086,0.0558606923
0.1445134044,0.1399760008,0.10788069959999999,0.1102777004,0.10705690379999999,0.0317007303,0.5477499008,0.027957528444444442,1.983662963,0.30453679,0.892731488,-0.009235634,63.93486023,221.121994,998.336792,20.47281075,20.19648933,19.53742981,21.39269066,23.52564049,57.64134979,43.39818954,2.142499924,0.0558606982
0.1448508978,0.1404157043,0.1078925967,0.1101932049,0.1070191979,0.0320929587,0.5774331093,0.028045584361111108,1.984449029,-0.106741399,0.894133389,0.055432059,63.93486023,231.9351959,998.3364868,20.47290039,20.19659996,19.53878975,21.39396095,23.52193069,57.58082962,43.38512039,2.05250001,0.0558607101
0.1452082992,0.140436697,0.1081459999,0.1101333976,0.1070217013,0.032240828900000004,0.5874466896,0.02812374963888889,1.990071058,-0.094939537,0.89553529,0.01789974,76.94538879,244.1174011,998.3361816,20.47299957,20.19672012,19.54014969,21.39522934,23.51878929,57.50466919,43.35554886,2.357500076,0.0558607221
0.1451686978,0.140318203,0.1081220984,0.1103399038,0.1070242047,0.0323072612,0.6264282227,0.02820288975,1.997305036,-0.065017536,0.896937311,0.0,81.28222656,247.6824036,998.3358765,20.47310066,20.19684029,19.54150963,21.3964901,23.51564026,57.42850113,43.32598114,2.25,0.0558607221
0.1449967027,0.1401996017,0.10815780159999999,0.1104136944,0.10702669620000001,0.0321265101,0.6278586864,0.02827772141666667,2.004539967,-0.188401103,0.898339212,-0.027063889,81.28222656,243.3202057,998.3355713,20.47319984,20.19696045,19.54286957,21.39776039,23.51250076,57.3523407,43.29640961,2.127500057,0.055860728000000005
0.1448248029,0.13988410229999998,0.1082532048,0.1104136944,0.10702919959999999,0.0318633795,0.673635006,0.02835455577777778,2.011774063,-0.098873511,0.899741113,-0.066928521,81.28222656,235.8596039,998.3353882,20.47330093,20.19706917,19.54422951,21.39903069,23.50935936,57.27618027,43.26683044,1.997499943,0.0558607399
0.1447818041,0.1395027995,0.1083485961,0.11052360530000001,0.107031703,0.031394669400000005,0.6815028191,0.02843272313888889,2.014641047,-0.068236247,0.901143014,-0.049005229,75.78305054,227.9483948,998.335083,20.47339058,20.19718933,19.54558945,21.39780045,23.50621033,57.20001984,43.23725891,2.147500038,0.055860751900000005
0.1442523003,0.1390259981,0.1084439993,0.110670197,0.1070341945,0.0309801102,0.5820823193,0.02850488875,2.016051054,0.401574701,0.90360558,-0.085338794,73.94999695,222.9866028,998.3347778,20.47348976,20.19730949,19.54593086,21.39572906,23.50307083,57.12385178,43.20769119,2.1875,0.055860751900000005
0.1435706973,0.1385174036,0.10834259989999999,0.11081680060000001,0.1070366979,0.030606439699999998,0.6164145946999999,0.02856316672222222,2.017461061,-0.008034665,0.906421721,-0.05829519,73.94999695,219.0079041,998.3344727,20.47359085,20.19742966,19.54593086,21.39365959,23.49991989,57.04769135,43.17811966,2.210000038,0.05586075780000001
0.1432517052,0.138270998,0.10840820069999998,0.11079759600000001,0.1070392013,0.030087950800000002,0.7330011845,0.028617473166666667,2.018871069,-0.06597124,0.909237683,0.037480481,73.94999695,218.0131989,998.3342285,20.47369003,20.19754982,19.54593086,21.39159012,23.4967804,56.97153091,43.1485405,2.137500048,0.0558607697
0.14305069450000002,0.137787199,0.1085512042,0.1107231975,0.1070543051,0.0297161013,0.7859354973,0.02867377811111111,2.020281076,0.334697306,0.912053883,0.04044186,73.94999695,220.7947998,998.3339233,20.47378922,20.19766045,19.54593086,21.38952065,23.49362946,56.89535904,43.11896896,2.267499924,0.055860781699999994
0.1424654961,0.1374047041,0.10847970250000001,0.1108319998,0.1070737004,0.0294092089,0.5849451065,0.028557889722222222,2.014961958,0.01878782,0.914870024,0.008088371,71.10025024,234.6324005,998.3336182,20.47388077,20.19778061,19.6635704,21.38746071,23.49048996,56.81919861,43.13391876,2.342499971,0.055860781699999994
0.1421332002,0.1364128947,0.10833669900000001,0.1108165026,0.1070930958,0.029102331399999997,0.5756449223,0.028304888416666667,2.007400036,-0.207713306,0.917685986,0.067262329,70.15033722,246.4261017,998.333374,20.47397995,20.19790077,19.70277977,21.38538933,23.48735046,56.83705902,43.1637001,2.102499962,0.055860787599999996
0.1419278979,0.136403501,0.1083724022,0.11073919530000001,0.1071125031,0.028040409100000004,0.6922317028,0.028147583,1.999837995,-0.243834198,0.920502126,0.131834999,70.15033722,256.4130859,998.3331299,20.47407913,20.19802094,19.70277977,21.38331985,23.48419952,56.88624954,43.19348907,2.07249999,0.0558607996
0.1417225003,0.1367970943,0.10811020140000001,0.1108193994,0.1071318984,0.028348571099999997,0.6407332897,0.028126415666666668,1.992275953,-0.133444697,0.920004487,0.0364714,70.15033722,262.336792,998.3328247,20.47418022,20.19813919,19.70277977,21.38125038,23.48106003,56.93545151,43.22327042,2.329999924,0.055860811499999996
0.141842103,0.13708050249999998,0.1079969049,0.1107573986,0.1071513057,0.028760188800000003,0.5634856224,0.028166804833333337,1.984714031,0.237301797,0.918402374,0.107107498,70.15033722,263.4790955,998.3325195,20.4742794,20.19824982,19.70277977,21.37918091,23.47790909,56.89801025,43.25305939,2.319999933,0.055860811499999996
0.1420699,0.1373271942,0.10797309879999999,0.1106304049,0.107170701,0.0290261,0.5942416191000001,0.028226083111111112,1.983824968,0.816786885,0.921091914,-0.002563505,65.40886688,264.0627136,998.3322144,20.47436905,20.19836998,19.82043076,21.37711906,23.47476959,56.83169174,43.28284836,2.417500019,0.0558608174
0.1422588944,0.1375738978,0.10794919730000001,0.11050339940000001,0.1071755052,0.029292011299999997,0.532729578,0.028307194166666667,1.985160947,0.591716409,0.928988278,0.01920056,63.82838058,256.5956116,998.3319092,20.47447014,20.19849014,19.85964966,21.37504959,23.47162056,56.76536942,43.3126297,2.474999905,0.0558608294
0.1424347997,0.1378206015,0.10792540310000001,0.1103764057,0.1071755052,0.029557931399999997,0.4855226994,0.028386667027777777,1.986497998,-0.068593919,0.938143671,-0.047061849,63.82838058,244.1701965,998.331604,20.47456932,20.19861031,19.85964966,21.37298012,23.46847916,56.6990509,43.34241867,2.397500038,0.0558608413
0.1427427053,0.1380673051,0.10790150169999999,0.1103276014,0.1071755052,0.0298238397,0.5084108829,0.028445610472222223,1.987833977,-0.092555329,0.943551183,-0.057942539,63.82838058,231.0081024,998.3312988,20.47467041,20.19872093,19.85964966,21.37091064,23.46533966,56.63272858,43.37220001,2.309999943,0.0558608413
0.1430945992,0.1384565949,0.1078776956,0.110304904,0.1071755052,0.0301396489,0.46048879620000005,0.02848072263888889,1.989169955,-0.195792094,0.947709203,-0.01290154,63.82838058,227.7064056,998.3311157,20.47476959,20.19883919,19.85964966,21.36883926,23.46219063,56.56641006,43.36124039,2.470000029,0.055860847199999994
0.1434419036,0.13876299860000002,0.1078716993,0.1102821946,0.1071755052,0.0304720908,0.5935264111,0.02838269338888889,1.993360043,-0.247291297,0.951867282,-0.032064259,71.54514313,232.6006927,998.3306885,20.47485924,20.19895935,19.71846962,21.36676979,23.45904922,56.50009155,43.336689,2.357500076,0.0558608592
0.1437877059,0.1390259981,0.1078716993,0.1103657007,0.1071117997,0.030804538700000002,0.5155633926000001,0.028144944499999998,1.998502016,0.049901981,0.951227725,-0.074816607,74.11739349,234.2333984,998.3303833,20.47496033,20.19907951,19.67140961,21.36470985,23.45590019,56.52080154,43.31214142,2.059999943,0.0558608711
0.1439159989,0.1391119957,0.1078716993,0.1103626013,0.10708839889999999,0.0311369807,0.6550384045000001,0.027933360194444444,2.00364399,-0.147511706,0.948988974,-0.077375554,74.11739349,228.1103973,998.3300781,20.47505951,20.19919968,19.67140961,21.36264038,23.4527607,56.57051849,43.28759003,2.295000076,0.0558608711
0.1439718008,0.1389997959,0.10805059669999999,0.1103186965,0.10708529950000001,0.031125059700000002,0.7222723960999999,0.02783763886111111,2.008785009,0.124885798,0.946750224,-0.066536687,74.11739349,222.8242035,998.329895,20.4751606,20.1993103,19.67140961,21.36057091,23.44961929,56.6202507,43.26303864,2.190000057,0.055860876999999996
0.14379639630000002,0.1388411999,0.1080476046,0.1103188992,0.1070822954,0.0309983611,0.612838316,0.027799888194444445,2.013926983,0.455696613,0.944511473,-0.055697821,72.45934296,220.4120941,998.3295898,20.47525978,20.19943047,19.67337036,21.35849953,23.44647026,56.66997147,43.23849106,2.292500019,0.055860889000000004
0.1437142015,0.1387573004,0.10796420570000001,0.11033370490000001,0.1070793033,0.0308716595,0.5627704144,0.027794611194444447,2.014849901,0.348048896,0.941323221,-0.069056399,71.90664673,218.6383972,998.3292847,20.47534943,20.19955063,19.67598915,21.35643005,23.44333076,56.71968842,43.21393967,2.394999981,0.055860889000000004
0.1436889052,0.138698101,0.1081043005,0.11034859420000001,0.10707629919999999,0.030744949,0.5177093029,0.027797249694444446,2.014367104,-0.01912125,0.937818289,-0.090480797,71.90664673,216.8647003,998.3289795,20.47545052,20.19967079,19.67860031,21.35436058,23.44017982,56.73400116,43.18938828,2.282500029,0.055860900899999996
0.1433843017,0.1386389971,0.1081310987,0.1103634953,0.10707329510000001,0.0306182504,0.5878043175000001,0.027776059044444443,2.013885021,-0.186970502,0.934313476,-0.057748329,71.90664673,216.1766052,998.3286743,20.4755497,20.19978905,19.68120956,21.3522892,23.43704033,56.73651123,43.1648407,2.150000095,0.055860912799999995
0.1433316946,0.138579905,0.1080953002,0.1105195999,0.107070303,0.0304915488,0.7208418846,0.027762809330555555,2.013401985,-0.237635195,0.930808723,-0.045200121,71.90664673,218.6470032,998.3284302,20.47565079,20.19989967,19.68383026,21.35022926,23.43390083,56.7390213,43.14028931,2.255000114,0.055860918800000006
0.1433941007,0.1386129022,0.10783590080000001,0.1104645967,0.1070672989,0.030724370499999997,0.7129741192,0.027764797211111112,2.012918949,-0.236562297,0.92730391,-0.045397419,58.66521072,226.1730957,998.328125,20.47574997,20.20001984,19.68643951,21.34815979,23.43074989,56.74153137,43.11574173,2.434999943,0.055860918800000006
0.1435734987,0.1389119029,0.1078688025,0.1103237033,0.10706429479999999,0.0306816101,0.46907191279999993,0.02778102875,2.012437105,-0.140716597,0.923799098,-0.02840421,54.25139999,228.3981934,998.3278809,20.47583961,20.20014,19.68906021,21.34609032,23.4276104,56.74404144,43.13330841,2.487499952,0.0558609307
0.14379190209999998,0.1390846014,0.10802379849999999,0.1101827025,0.1070611954,0.0308007509,0.6478857994,0.027773577372222222,2.00742197,0.282363594,0.925691009,-0.005680842,54.25139999,230.7301941,998.3275757,20.4759407,20.20026016,19.69166946,21.34402084,23.42445946,56.74655151,43.16492081,2.182499886,0.0558609426
0.1438125014,0.139063096,0.10800880189999999,0.1101796985,0.1070582032,0.0310178012,0.5785059929,0.027757013108333332,2.000896931,0.007582005,0.933104813,0.022918791,54.25139999,239.4496002,998.3272705,20.47603989,20.20037079,19.69429016,21.34194946,23.42131996,56.74906158,43.19652939,2.289999962,0.0558609486
0.14376709459999998,0.13899960520000001,0.1079373002,0.1102226973,0.10705519910000001,0.031055909399999998,0.5527567863,0.027748404608333332,1.99437201,0.032258712,0.941759527,0.02886055,54.25139999,245.0576019,998.3270264,20.47613907,20.20049095,19.69689941,21.33988953,23.41817093,56.75157166,43.22814178,2.420000076,0.0558609486
0.14397510289999998,0.1391111016,0.1080983043,0.110265696,0.1070521951,0.0308820188,0.5506110191,0.027742445202777778,1.987846017,-0.01745232,0.944824398,0.044587571,69.70793915,246.2250977,998.3267212,20.47624016,20.20060921,19.69952011,21.33782005,23.41502953,56.75408173,43.25975037,2.380000114,0.0558609724
0.144048202,0.1389103055,0.1081132054,0.11020580529999999,0.1070492029,0.031024721300000002,0.637157011,0.02773399988888889,1.981320977,-0.189116299,0.93850863,-0.008086544,74.86012268,246.466095,998.326416,20.4763298,20.20072937,19.70212936,21.33575058,23.41188049,56.7565918,43.29135895,2.089999914,0.0558609724
0.1438418984,0.1388259053,0.1080536008,0.1103688955,0.10704619879999999,0.0308656514,0.6135534763,0.02772472593611111,1.981037974,0.099493802,0.929687023,-0.06014502,74.86012268,239.0428925,998.3261108,20.47643089,20.20084953,19.70475006,21.3336792,23.40873909,56.75910187,43.32297897,2.299999952,0.055860978400000004
0.14359970090000002,0.1386381984,0.1079939008,0.1104140043,0.10704319479999999,0.0308766812,0.7308555126,0.027719925774999998,1.982836008,-0.1205699,0.920865417,-0.065744936,74.86012268,236.5484924,998.3258057,20.47653008,20.20096016,19.70735931,21.33160973,23.40559959,56.76160812,43.35459137,2.190000057,0.055860978400000004
0.1435441971,0.1385946035,0.10793429610000001,0.1103911042,0.1070402026,0.030741441200000004,0.5012582779,0.027716617583333335,1.984632969,-0.05905699,0.915582776,-0.05868255,74.86012268,225.7006989,998.3256226,20.47662926,20.20108032,19.70997047,21.32954025,23.40245056,56.76411819,43.38619995,2.262500048,0.055861002199999996
0.1435474038,0.1386193991,0.1080983043,0.11022759680000001,0.1070371985,0.0305228204,0.619990778,0.027766950394444444,1.986431003,0.394541293,0.911480129,-0.074375473,79.43872833,225.2845001,998.3253174,20.47673035,20.20120049,19.71258926,21.32748032,23.39930916,56.76662827,43.37342072,2.085000038,0.055861002199999996
0.1435505986,0.1386441946,0.1079969049,0.11020929809999999,0.10703409909999999,0.0305871904,0.6686283112,0.027835165666666665,1.991193056,-0.042725101,0.907377183,-0.097653493,80.96492767,223.9167023,998.3250122,20.47681999,20.20132065,19.71520042,21.32541084,23.39616013,56.76913834,43.34584045,2.025000095,0.05586100819999999
0.14355369810000002,0.1386690021,0.1080327034,0.11025500299999999,0.107031095,0.0305641294,0.6142687797999999,0.027885000444444443,1.996943951,0.090076081,0.903274477,-0.086003236,80.96492767,220.6708984,998.324585,20.47691917,20.20144081,19.71781921,21.32333946,23.39302063,56.77164841,43.31826019,2.097500086,0.05586100819999999
0.1435569048,0.1386937976,0.1078837037,0.1102663994,0.1070281029,0.030820530699999998,0.6328653812,0.02790488986111111,2.002695084,-0.03986403,0.89917171,-0.062710218,80.96492767,219.8594971,998.3244019,20.47702026,20.20154953,19.72043037,21.32126999,23.38987923,56.77415848,43.29067993,2.119999886,0.055861032
0.1437520027,0.1388170004,0.1078956008,0.11029160019999999,0.1070250988,0.030777931200000004,0.5048346042999999,0.027899915916666667,2.008445978,-0.064659923,0.895635426,-0.01422174,48.91308975,216.5128021,998.3240967,20.47711945,20.20166969,19.72304916,21.31920052,23.38673019,56.77666855,43.26309967,2.232500076,0.055861032
0.14382129910000002,0.1389729977,0.10799100399999999,0.11032509800000001,0.10702209469999999,0.030814141,0.5034040928,0.02786544375,2.014197111,0.045014299,0.892288029,0.0,38.22914124,230.9842987,998.3237915,20.47722054,20.20178986,19.72566032,21.31712914,23.3835907,56.77917862,43.23551941,2.112499952,0.055861037999999995
0.1438274026,0.1389415026,0.1080862999,0.1103587031,0.1070191026,0.030922448600000003,0.5162786961,0.027849915833333336,2.014262915,-0.166227803,0.888940573,0.037882078,38.22914124,240.2160034,998.3234863,20.47731018,20.20191002,19.72827911,21.3150692,23.38043976,56.78168869,43.20793915,2.1875,0.055861037999999995
0.14383339879999998,0.13884739880000002,0.1081817031,0.11039220089999999,0.1070160985,0.0308312804,0.6228518009,0.027836333388888888,2.012434006,0.460941792,0.885593176,0.085840367,38.22914124,245.5975037,998.3231812,20.47740936,20.20202065,19.73089027,21.31299973,23.37730026,56.78419876,43.18035889,2.140000105,0.0558610618
0.1435508013,0.1387532949,0.108080399,0.1104624987,0.1070130944,0.030673629,0.5405973911,0.027820417611111113,2.010605097,0.03523903,0.881387413,0.000456702,38.22914124,250.9788971,998.322876,20.47751045,20.20214081,19.73350906,21.31093025,23.37416077,56.78670883,43.15277863,2.125,0.0558610618
0.1433549047,0.1385795951,0.10819959640000001,0.1105448961,0.1070101023,0.0305159599,0.7716303824999999,0.02780452727777778,2.008775949,0.293927103,0.876895487,0.025659131,54.04104996,247.8701019,998.3225708,20.47760963,20.20225906,19.6635704,21.30886078,23.37100983,56.7892189,43.1606102,2.279999971,0.0558610678
0.1432199955,0.13837939500000002,0.1082532048,0.1106274009,0.10707160229999999,0.030254519,0.7008164883,0.027788639055555554,2.004812002,-0.070978113,0.872403622,0.048853651,59.31167984,246.3854065,998.3223267,20.47771072,20.20237923,19.64003944,21.3067894,23.36787033,56.79172897,43.18024826,2.337500095,0.0558610678
0.14308500289999998,0.1382923007,0.1081817031,0.1106276035,0.1071547031,0.030173671200000002,0.6772112846,0.02777771208055556,2.000135899,-0.244430304,0.867911816,0.120557502,59.31167984,255.3336029,998.3220825,20.47780037,20.20249939,19.64003944,21.30471992,23.36471939,56.79423904,43.19987869,2.085000038,0.0558610916
0.1431535959,0.1384300947,0.10796120170000001,0.1106004,0.1071755052,0.030265149499999998,0.5134177207999999,0.027759499019444446,1.995460987,-0.158479005,0.863419771,0.036003649,59.31167984,260.3400879,998.3217773,20.47789955,20.20261002,19.64003944,21.30265999,23.3615799,56.79674911,43.21950912,2.097500086,0.0558610916
0.14328999520000002,0.1386302948,0.1080744028,0.1105591059,0.1071755052,0.0303901494,0.6292891979,0.027738306258333335,1.990785003,0.244454503,0.860759974,0.0,59.31167984,254.4535065,998.3214722,20.47800064,20.20273018,19.64003944,21.30059052,23.35843086,56.79925919,43.239151,2.287499905,0.0558610976
0.1434263945,0.1386590004,0.1081339955,0.11051299569999999,0.1071755052,0.0305151612,0.680787611,0.027722076838888887,1.986109018,0.064207293,0.858710706,0.126292601,63.8559494,248.0299988,998.321228,20.47809982,20.20285034,19.77708054,21.29851913,23.35528946,56.80176926,43.25878143,2.092499971,0.0558610976
0.14346250300000002,0.1386306047,0.10818769930000001,0.110522604,0.1071755052,0.0304653794,0.5906653881,0.027701547411111114,1.985839009,0.089122377,0.856661499,0.094557777,65.37071228,246.6177979,998.3209229,20.47820091,20.2029705,19.82275963,21.29644966,23.35214996,56.80427933,43.27841949,2.347500086,0.055861121400000005
0.1434653044,0.13860210180000002,0.108259201,0.1105507016,0.1071755052,0.030357330999999998,0.7136892796,0.027679027980555555,1.98703897,0.58659029,0.854612172,-0.003885299,65.37071228,250.3789978,998.3206177,20.47829056,20.20307922,19.82275963,21.29438019,23.34900093,56.8067894,43.29804993,2.144999981,0.055861121400000005
0.1434679985,0.1385735989,0.10833070279999998,0.1105787992,0.1071755052,0.030249288699999998,0.5713533878,0.02766545189722222,1.988237977,0.517686427,0.852563024,-0.007124017,65.37071228,244.0139008,998.3203125,20.47838974,20.20319939,19.82275963,21.29231071,23.34585953,56.80929947,43.31768036,2.339999914,0.0558611274
0.1434707046,0.1386811972,0.1083039045,0.1106068969,0.10719339850000001,0.0303671092,0.5541872978,0.027647906408333336,1.989436984,0.673018396,0.850513816,0.05724306,65.37071228,236.6699982,998.3201294,20.47849083,20.20331955,19.82275963,21.29025078,23.34271049,56.81180954,43.33731079,2.117500067,0.055861139299999994
0.1436511993,0.138834095,0.1082442999,0.1105617046,0.1071949005,0.030560219300000004,0.49052948949999997,0.027631346383333335,1.990636945,0.01366174,0.848464489,0.075099967,67.48248291,241.2747955,998.3198242,20.47859001,20.20343971,19.75630951,21.2881794,23.33956909,56.81431961,43.35694885,2.025000095,0.0558611512
0.1438910007,0.13898710009999998,0.1081846952,0.1105649948,0.10718890430000001,0.0307533294,0.5144906998,0.027615894741666664,1.991835952,-0.171473101,0.846415281,0.01223786,68.18639374,245.2442017,998.319519,20.47868919,20.20355988,19.73415947,21.28610992,23.33642006,56.82674026,43.37657928,2.1875,0.0558611512
0.1440083981,0.13913999800000001,0.1081251025,0.11059249639999999,0.1071830034,0.0309464306,0.5817246914,0.02760044097777778,1.993034959,-0.165393293,0.845961213,-0.071034223,68.18639374,245.8777008,998.3192139,20.47878075,20.2036705,19.73415947,21.28404045,23.33328056,56.84244919,43.36272812,2.022500038,0.0558611572
0.1440850019,0.1391599059,0.10823539499999998,0.1106201053,0.1071769953,0.0308846593,0.6350111961,0.027594591777777778,1.996767998,-0.224045098,0.846038878,-0.02296306,68.18639374,240.0364075,998.3189087,20.47887993,20.20379066,19.73415947,21.28196907,23.33013916,56.85816956,43.33771896,2.339999914,0.0558611691
0.1440415025,0.1391353965,0.1083485961,0.11070530409999998,0.1072267056,0.030737918600000004,0.5999636173,0.027584985097222223,2.001344919,-0.096846908,0.846116483,-0.056617539,62.65386963,234.2720032,998.3186035,20.47897911,20.20391083,19.73415947,21.27990913,23.32699013,56.87388992,43.31269836,2.237499952,0.055861181
0.1439581037,0.1391109943,0.1082829952,0.11080980300000001,0.1072949052,0.030811289,0.6764959812,0.027573064169444446,2.005923033,-0.00767701,0.846194208,-0.018872511,60.80968857,232.766098,998.3182983,20.4790802,20.20402908,19.73415947,21.27783966,23.32385063,56.88959885,43.28768921,2.25,0.055861181
0.1441105008,0.1393172026,0.1081637979,0.1107234001,0.1073181033,0.0309580296,0.5527567863,0.027543262905555557,2.010499954,-0.023770509,0.846271873,0.031879891,60.80968857,239.6244965,998.3179932,20.47917938,20.20414925,19.73415947,21.27577019,23.32069969,56.90531921,43.26268005,2.039999962,0.0558611929
0.1443415999,0.1397233963,0.1080446005,0.1105734944,0.10732619759999999,0.0312387794,0.5892347813,0.02752240075,2.015077114,0.009429781,0.846349478,0.124634199,60.80968857,248.8726959,998.317688,20.47927094,20.20425987,19.73415947,21.27370071,23.3175602,56.92103958,43.23765945,2.319999933,0.0558611989
0.1447253942,0.1401707053,0.10821150539999999,0.11042360069999999,0.10733439920000001,0.0315641999,0.6335806847,0.027526374391666664,2.019654989,0.066889532,0.846427083,-0.01284771,60.80968857,251.8793945,998.3173828,20.47937012,20.20438004,19.73415947,21.27162933,23.31440926,56.93675995,43.2126503,2.154999971,0.0558611989
0.1448683023,0.1403439045,0.1082234025,0.1104840994,0.1072250009,0.0320406199,0.588161993,0.027536968655555556,2.018584967,0.003290409,0.858806491,0.01098604,48.7598381,252.8054962,998.3170776,20.4794693,20.2045002,19.73415947,21.26955986,23.31126976,56.95246887,43.18764114,2.059999943,0.055861210800000005
0.1449139953,0.1404257059,0.10815190079999999,0.1106145978,0.10722130540000001,0.0321504295,0.520927906,0.027541605630555552,2.01563406,-0.000524343,0.882195711,-0.027236231,44.74322891,242.6768036,998.3167725,20.47957039,20.20462036,19.73415947,21.26749039,23.30813026,56.96818924,43.16262054,2.037499905,0.055861222700000004
0.1451195955,0.14050749540000002,0.1083127975,0.11061489579999999,0.1072661042,0.032121250000000004,0.6017518044,0.027538295322222222,2.012681961,-0.1791026,0.907888114,-0.01218276,44.74322891,236.6277008,998.3165894,20.47966957,20.20472908,19.73415947,21.26543045,23.30958939,56.98390961,43.13761139,2.352499962,0.0558612287
0.14521839620000002,0.1405892968,0.108354497,0.1105718017,0.1073107958,0.0322303206,0.7319283009,0.0275180965,2.009731054,-0.245026395,0.926617324,0.055160359,44.74322891,238.7626038,998.3162842,20.47975922,20.20484924,19.73415947,21.26335907,23.31258965,56.99961853,43.15119934,2.414999962,0.0558612287
0.145263803,0.1404659986,0.1085988998,0.1106238008,0.1073500037,0.0320127785,0.7258487225,0.027529686822222222,2.005772114,0.0683797,0.943025529,0.018386791,44.74322891,242.7628021,998.315979,20.47986031,20.20496941,19.73415947,21.2612896,23.3155899,57.0153389,43.17763901,2.069999933,0.055861240599999994
0.14507160189999999,0.14027450079999998,0.108592999,0.1107074022,0.10738730430000001,0.0318790793,0.7301403046,0.027583334180555554,2.001477003,-0.075984947,0.954208612,0.071877532,54.86072922,247.8834076,998.3156738,20.47995949,20.20508957,19.61651039,21.25922012,23.31859016,57.03105927,43.20409012,2.117500067,0.0558612525
0.1448001981,0.13986639979999999,0.10870620010000001,0.1107910991,0.1074247003,0.0315907389,0.602824688,0.027713470458333334,1.997182965,-0.204136893,0.960324228,0.084046587,58.23323059,253.3773041,998.3154297,20.48006058,20.20520973,19.57729912,21.25715065,23.32159042,57.04676819,43.23054123,2.095000029,0.0558612585
0.1445287943,0.1395216942,0.1087301016,0.1108747959,0.10746200079999998,0.031227740599999998,0.6550384045000001,0.027817111555555555,1.992887974,-0.238469705,0.955889583,0.068326443,58.23323059,255.1979065,998.3151245,20.48015976,20.20532036,19.57729912,21.25507927,23.32460022,57.04988098,43.25698853,2.295000076,0.0558612585
0.144334197,0.1392223001,0.1086982965,0.11095850469999999,0.1074993014,0.0308647394,0.7301402092,0.02785188886111111,1.988594055,0.28617841,0.935175419,0.0526063,58.23323059,252.8834076,998.3148193,20.48026085,20.20544052,19.57729912,21.25301933,23.32760048,57.04877853,43.28343964,2.400000095,0.055861270399999996
0.1438990951,0.1389229059,0.10866650339999999,0.11104220149999999,0.1075366974,0.0305815995,0.6714891910999999,0.027858166166666663,1.984298944,-0.068951547,0.913495719,0.01216906,65.03410339,249.5988007,998.3145752,20.48035049,20.20556068,19.68808937,21.25094986,23.33060074,57.04769135,43.3098793,2.222500086,0.0558612823
0.14359860419999998,0.1385612965,0.10889099840000001,0.11102629900000001,0.107573998,0.030039030300000002,0.8488780022,0.027845916749999998,1.980005026,0.061942302,0.896858573,0.02976796,67.30106354,247.9633026,998.31427,20.48044968,20.20568085,19.72501945,21.24888039,23.33359909,57.0465889,43.33633041,2.077500105,0.0558612883
0.1433725953,0.1384961963,0.1085751057,0.1109771013,0.10761140579999999,0.029911860800000002,0.6607622147,0.027811832416666668,1.982328057,-0.144292906,0.885929227,0.009922653,67.30106354,246.8775024,998.3140259,20.48055077,20.2057991,19.72501945,21.24681091,23.33659935,57.04549026,43.36278152,2.289999962,0.0558612883
0.14346630570000002,0.1385370016,0.10855129960000001,0.11092799900000001,0.1076486945,0.029954948999999998,0.6850790977,0.027796416805555554,1.986857057,-0.245503098,0.876468718,0.0,67.30106354,243.4741974,998.3137207,20.48064995,20.20590973,19.72501945,21.24473953,23.33959961,57.04439926,43.38922882,2.055000067,0.0558613002
0.1435163975,0.1385776997,0.10839040280000001,0.1109298944,0.10768599510000001,0.0301907092,0.5456041813,0.02778913922222222,1.99138701,-0.091840044,0.86700809,0.0,67.30106354,242.4302063,998.3134155,20.48074913,20.20602989,19.72501945,21.2426796,23.34259987,57.04330063,43.37265015,2.032500029,0.0558613122
0.1435683012,0.1386183977,0.1086465955,0.11094889640000001,0.10772340300000001,0.0300026,0.5878043175000001,0.027775391472222223,1.995916009,-0.175287798,0.860038102,0.0,71.39644623,239.2584076,998.3131104,20.48084068,20.20615005,19.63776016,21.24061012,23.34560013,57.04220963,43.34172821,2.247499943,0.0558613181
0.1436373949,0.1386592031,0.1087301016,0.11096789840000001,0.10773270130000001,0.0299659491,0.6536077976,0.02774360656666667,2.000446081,-0.235847101,0.853898227,0.0,72.76157379,239.6838989,998.3128052,20.48093987,20.20627022,19.60866928,21.23854065,23.34860039,57.04111099,43.31081009,2.332499981,0.0558613181
0.14370659589999998,0.1386999011,0.1086982965,0.1109869003,0.10773270130000001,0.0300340205,0.7222723960999999,0.02773930019722222,2.00497508,-0.159909606,0.847758412,0.0,72.76157379,237.6840057,998.3125,20.48103905,20.20638084,19.60866928,21.23646927,23.35160065,57.04000854,43.27988815,2.234999895,0.05586133
0.1436313987,0.13874059919999998,0.10866650339999999,0.1110059023,0.10773270130000001,0.030102089,0.7287096977,0.027730028363888888,2.00950408,-0.215819597,0.841618478,0.01992875,72.76157379,238.1976013,998.3123169,20.48114014,20.2064991,19.60866928,21.2343998,23.35460091,57.03892136,43.24897003,2.17750001,0.055861342
0.1437827945,0.13897279499999998,0.10876590010000001,0.1110249043,0.10773270130000001,0.030009558800000002,0.559194088,0.027709494697222222,2.014034033,-0.156392902,0.835478723,0.034160379,72.76157379,239.9909973,998.3120117,20.48123932,20.20661926,19.60866928,21.23233032,23.3576107,57.03781891,43.2180481,2.237499952,0.055861347900000004
0.1437739968,0.13898099660000002,0.10890890360000001,0.11104389429999999,0.10773270130000001,0.0300329685,0.673635006,0.02767306857777778,2.018563032,-0.040281251,0.831004024,0.04427867,61.50376129,240.4393005,998.3115845,20.48133087,20.20673943,19.58514023,21.23026085,23.36060905,57.03672028,43.18712997,2.440000057,0.055861347900000004
0.143681097,0.138893199,0.10886130329999999,0.1111889005,0.10773270130000001,0.0301128507,0.5391670226999999,0.027667274475,2.023092985,-0.188281804,0.827084303,0.01170206,57.75115967,242.5144958,998.3112793,20.48143005,20.20685959,19.57729912,21.22820091,23.36360931,57.05097961,43.15621185,2.372499943,0.055861359799999996
0.14383879900000002,0.1390234947,0.1087499976,0.1111963987,0.10773270130000001,0.0301927388,0.41542768480000003,0.027673235999999997,2.02221489,-0.2458608,0.823164582,0.0,57.75115967,239.4674988,998.3110962,20.48152924,20.20697021,19.57729912,21.22800064,23.36660957,57.07035828,43.12528992,2.24000001,0.055861371800000004
0.1440801024,0.1392264009,0.1086387038,0.11114389899999999,0.10773270130000001,0.030355980999999997,0.5144906043999999,0.027658831277777775,2.019535065,-0.213554606,0.82118541,0.0,57.75115967,237.4163055,998.310791,20.48163033,20.20709038,19.57729912,21.22842979,23.36960983,57.08974075,43.0943718,2.367500067,0.055861377700000006
0.1441370964,0.1394292951,0.1086765051,0.1110913992,0.10773270130000001,0.030547010899999998,0.6732773781,0.02763267305277778,2.016854048,-0.197580293,0.819852889,-0.021341991,57.75115967,236.3430023,998.3104858,20.48172951,20.20721054,19.57729912,21.22886086,23.37261009,57.10911942,43.11188126,2.390000105,0.055861377700000006
0.1441326976,0.1394623041,0.1087638021,0.11111789940000001,0.10773270130000001,0.030636191400000002,0.7902270793999999,0.027615782419444446,2.010756969,-0.2344165,0.818520486,-0.069106579,44.80162811,235.2696991,998.3101807,20.48181915,20.2073307,19.71846962,21.22929001,23.37561035,57.12850189,43.1455307,2.200000048,0.0558613896
0.1443063021,0.139438796,0.10885130169999999,0.1111706018,0.10773270130000001,0.030691400200000003,0.7580369949,0.027597569358333334,2.003521919,0.268058211,0.817188084,-0.094243243,40.48511887,230.6719971,998.3098755,20.48192024,20.20745087,19.76552963,21.22971916,23.37861061,57.14788055,43.17919159,2.349999905,0.055861401600000006
0.1443950057,0.1395197034,0.1087121964,0.1112233043,0.10773270130000001,0.0307466209,0.7000995159000001,0.027577699025,1.996286035,0.357585788,0.815855622,-0.049554091,40.48511887,227.7402954,998.3095703,20.48201942,20.20755959,19.76552963,21.23015022,23.38161087,57.16725922,43.21284103,2.150000095,0.0558614075
0.14443559649999999,0.139635396,0.10878369809999999,0.111213398,0.10773270130000001,0.0308018386,0.758035183,0.027564784155555556,1.989050984,0.520428181,0.81452322,-0.069708221,40.48511887,227.3323975,998.3093262,20.48212051,20.20767975,19.76552963,21.23059082,23.38460922,57.18664169,43.24649811,2.089999914,0.0558614075
0.1445068002,0.1397511005,0.1088075042,0.11118249890000001,0.10773270130000001,0.0308972001,0.5928111076,0.027550214130555556,1.981814981,0.156119004,0.813190818,-0.02045521,66.2959671,227.4499969,998.309082,20.4822197,20.20779991,19.76552963,21.23101044,23.38762093,57.20602036,43.28015137,2.25,0.055861431399999995
0.1445880055,0.1398669004,0.10878369809999999,0.11115169529999999,0.10773270130000001,0.0310059309,0.5577635765,0.02753432167777778,1.981909037,-0.148822993,0.813295424,0.0,74.89958191,227.5677032,998.3087769,20.48232079,20.20792007,19.76552963,21.23144913,23.39061928,57.22539902,43.31380844,2.450000048,0.055861431399999995
0.1446692944,0.1389776945,0.10875990390000001,0.1111207962,0.10773270130000001,0.0311146587,0.4855226994,0.02752538045277778,1.984444976,-0.211528003,0.813879073,0.040559191,74.89958191,234.7424927,998.3084717,20.48241043,20.2080307,19.76552963,21.23187065,23.39361954,57.24478149,43.3474617,2.147500038,0.055861437300000004
0.1447505951,0.1395805001,0.10855720040000001,0.1111997008,0.10773270130000001,0.030420520899999998,0.4776548862,0.02751279618888889,1.986981988,-0.181844398,0.814462721,-0.008791538,74.89958191,239.9732971,998.3082275,20.48250961,20.20815086,19.76552963,21.23230934,23.3966198,57.26416016,43.38111115,2.180000067,0.055861437300000004
0.1450188041,0.1403807998,0.10856310129999999,0.11119040250000001,0.1076591969,0.030999448899999997,0.5827974796000001,0.027492266761111113,1.989519,-0.04546693,0.81504631,-0.00743709,74.89958191,240.2796936,998.3079224,20.4826107,20.20826912,19.76552963,21.23273087,23.39962006,57.28353882,43.36964035,2.042500019,0.0558614612
0.1453492999,0.1406399012,0.1086585045,0.11113959550000001,0.10761810540000001,0.0316984206,0.637157011,0.027469747330555558,1.993922949,0.029993709,0.815630019,0.103998996,73.40318298,239.4219971,998.3076172,20.48270988,20.20838928,19.76552963,21.23316956,23.40262032,57.3029213,43.3431282,2.355000019,0.0558614612
0.1454319,0.1407644033,0.10875389579999999,0.11108880039999999,0.1075958967,0.031871110200000004,0.6850790977,0.027452197605555558,1.998949051,-0.175168604,0.827062786,0.101903997,72.90438843,242.7445984,998.307312,20.48280907,20.20850945,19.76552963,21.23360062,23.40562057,57.32229996,43.31660843,2.142499924,0.05586146709999999
0.1455782056,0.140795505,0.108849299,0.11107610459999999,0.1075737,0.0319121003,0.5956721783,0.027442264555555557,2.003976107,-0.245681897,0.850866914,0.02241255,72.90438843,248.470993,998.3070068,20.48290062,20.20862007,19.76552963,21.23402977,23.40862083,57.34167862,43.2901001,2.307499886,0.05586146709999999
0.14549909830000002,0.1408184052,0.1086765051,0.11107610459999999,0.1075515985,0.0321190506,0.6342958927,0.027445246377777777,2.00900197,-0.2435361,0.863598704,-0.05067838,72.90438843,247.5590973,998.3068237,20.4829998,20.20874023,19.76552963,21.23446083,23.41161919,57.3610611,43.26358032,2.332499981,0.055861491
0.1457020044,0.1408488035,0.10865559579999999,0.1111278057,0.1075294018,0.0321627706,0.7015299797,0.02750005086388889,2.014028072,-0.187566504,0.86022979,-0.016892791,72.90438843,241.2664948,998.3065186,20.48310089,20.2088604,19.76552963,21.23488998,23.41461945,57.38043976,43.23706055,2.069999933,0.055861491
0.1458212972,0.14087929729999998,0.1087152004,0.111027503,0.107507205,0.0321336389,0.741584301,0.02757091310277778,2.013607979,0.088049531,0.853048503,-0.040525079,74.44393921,236.0299072,998.3062134,20.48320007,20.20898056,19.76552963,21.23531914,23.41761971,57.39981842,43.2105484,2.087500095,0.055861502900000005
0.1458714008,0.1409098029,0.1087748051,0.11100529429999999,0.1074851036,0.0321045011,0.6493163109,0.027623897127777776,2.011372089,0.165536806,0.845867217,0.098007187,74.9571228,234.8936005,998.3057861,20.48329926,20.20910072,19.76552963,21.2357502,23.4206295,57.4192009,43.18404007,2.277499914,0.055861502900000005
0.14570310120000002,0.1408298016,0.1088343978,0.11102800370000002,0.10746289490000001,0.0320753694,0.5770754814,0.02767091751111111,2.009135008,0.01938392,0.84196192,0.073284782,74.9571228,238.167099,998.305603,20.48339081,20.20920944,19.76552963,21.23617935,23.42362976,57.4337616,43.15752029,2.05250001,0.0558615088
0.145461905,0.1405482054,0.109028101,0.1110507011,0.10744069810000001,0.0318016589,0.654323101,0.027699563769444442,2.006899118,0.445802093,0.839148521,0.037264381,74.9571228,248.0059967,998.3052979,20.48348999,20.20932961,19.76552963,21.23661041,23.42663002,57.44672012,43.16168976,2.102499962,0.055861520799999995
0.1452208042,0.1402115941,0.10898050070000001,0.11107339860000001,0.107467103,0.031626948700000004,0.6285737991,0.027710158030555557,2.004662991,0.344234198,0.836335123,0.106677897,74.9571228,249.5807037,998.3049927,20.48358917,20.20944977,19.76552963,21.23703957,23.42963028,57.45967102,43.17610168,2.210000038,0.05586153270000001
0.1449354053,0.139875102,0.109010303,0.111096096,0.1075096011,0.031278809899999996,0.5992484093,0.027706349691666667,2.002427101,0.38357389,0.835834086,0.149634495,75.24436188,253.4282074,998.3046875,20.48369026,20.20956993,19.76552963,21.23747063,23.43263054,57.47262955,43.19049835,2.087500095,0.05586153270000001
0.1446352959,0.13953850269999998,0.10909759999999999,0.1111188054,0.1075520992,0.0308527887,0.6214212894,0.02769906573888889,2.000190973,-0.071574152,0.836103797,0.109496102,75.27120209,261.3557129,998.3043823,20.48378944,20.20968056,19.76552963,21.23789978,23.4356308,57.48559189,43.20491028,2.002500057,0.0558615386
0.14433510300000002,0.1392019987,0.1091850996,0.1111415029,0.10759459730000001,0.0304267585,0.7566100121,0.027674395244444445,1.997954965,-0.239065796,0.836373627,0.047707349,75.17931366,261.6182861,998.3040771,20.48387909,20.20980072,19.76552963,21.23833084,23.43862915,57.49855042,43.21931076,2.057499886,0.0558615506
0.14395920040000001,0.1388653994,0.1090548992,0.11123340129999999,0.1076370955,0.030229100599999996,0.8116866112000001,0.027649887933333336,1.995718956,-0.241449997,0.836643279,0.105810396,75.08743286,260.9841003,998.303772,20.48398018,20.20992088,19.76552963,21.23875999,23.44162941,57.51150894,43.23371887,2.17750001,0.055861562499999996
0.1435578942,0.1386934996,0.108852303,0.11134849790000001,0.1076796055,0.030107569699999996,0.7891532898,0.027636313969444444,1.993481994,-0.243834198,0.836913109,0.140058905,74.99555206,258.0874023,998.3035278,20.48407936,20.21003914,19.62435913,21.23918915,23.44462967,57.52445984,43.24811935,2.022500038,0.0558615685
0.1434118986,0.1385764003,0.1088016033,0.1113234997,0.10772210360000001,0.0299860209,0.753386879,0.02762571758611111,1.991245985,-0.246218398,0.837182879,0.153034702,74.90367126,260.9613953,998.3032837,20.48418045,20.2101593,19.57729912,21.23962021,23.44762993,57.53741837,43.26251984,2.125,0.0558615685
0.1433508992,0.1384593964,0.1088016033,0.1112517953,0.10773270130000001,0.029730039800000004,0.7787828922,0.027619094849999998,1.989009976,0.064326517,0.83745271,0.08930999,74.81178284,266.0809021,998.3029785,20.48427963,20.21026993,19.57729912,21.24004936,23.45063019,57.55038071,43.27692032,2.262500048,0.0558615804
0.1432898998,0.1385079026,0.1088016033,0.1111801982,0.10773270130000001,0.029599320899999997,0.7494538784,0.027600879669444443,1.986773968,-0.110556103,0.839093029,0.037446659,74.71990204,263.1437073,998.3026733,20.48436928,20.21039009,19.57729912,21.24048042,23.45363998,57.56333923,43.29132843,2.049999952,0.0558615923
0.14330790040000002,0.13861169820000002,0.1088016033,0.1111085057,0.10773270130000001,0.0297695905,0.6607604979999999,0.027592271169444446,1.987444997,0.198915794,0.841190219,0.051953021,74.62802124,255.1329041,998.3024292,20.48447037,20.21051025,19.57729912,21.24090958,23.45664024,57.57629013,43.30572891,2.299999952,0.0558615983
0.14335219859999998,0.1387155056,0.10855129960000001,0.1110880017,0.10773270130000001,0.030021289,0.5863739014,0.02757240295277778,1.989086032,0.083400257,0.843287289,0.01501768,64.25280762,252.9311981,998.302124,20.48456955,20.21063042,19.69494057,21.24134064,23.4596405,57.58924866,43.32014084,2.462500095,0.0558615983
0.1436871052,0.1389721036,0.1085751057,0.111084497,0.10773270130000001,0.0301189512,0.5205702782,0.02755816353611111,1.990725994,-0.112105899,0.845384479,0.0,60.80205917,247.4304962,998.3018188,20.48467064,20.21073914,19.73415947,21.24176979,23.46264076,57.602211,43.33454132,2.382499933,0.0558616102
0.1438627958,0.1390776038,0.1087182045,0.11108100409999999,0.1076521993,0.0303254902,0.5127025127,0.027531672583333333,1.992367029,-0.209620595,0.847481608,-0.0486768,60.80205917,236.8253937,998.3015137,20.48476982,20.2108593,19.73415947,21.24220085,23.46563911,57.61516953,43.34894943,2.102499962,0.055861622099999994
0.1439530969,0.13911570310000002,0.108861196,0.1110774994,0.10761270519999999,0.0301654011,0.6657671928,0.027530678644444445,1.994006991,-0.236443102,0.849578798,0.02970198,60.80205917,231.3634033,998.3012695,20.48485947,20.21097946,19.73415947,21.24263,23.46863937,57.62812042,43.36334991,2.297499895,0.055861628100000005
0.1438595057,0.1389935017,0.1088433027,0.1110741019,0.1075958014,0.030301070200000002,0.7845049858,0.027522566052777777,1.995648026,-0.196149796,0.851675928,0.085359149,60.80205917,238.9598999,998.3010254,20.48496056,20.21109962,19.73415947,21.24305916,23.47163963,57.64107895,43.35443115,2.202500105,0.055861628100000005
0.1437044978,0.13881789449999998,0.10877180099999999,0.1110682011,0.1075788975,0.030293259,0.6528944016,0.02750865936388889,1.997954965,-0.206461504,0.853773117,0.023349989,67.20572662,247.1645966,998.3007202,20.48505974,20.21121979,19.6635704,21.24349022,23.47463989,57.65404129,43.33774948,2.109999895,0.055861640000000004
0.1437322974,0.1389835954,0.1087002993,0.11106159689999999,0.1075621009,0.030189201199999998,0.5370212078,0.02749822828611111,2.00048399,-0.239125296,0.855870187,0.046705589,69.34028625,248.6237946,998.300415,20.48516083,20.21133041,19.64003944,21.24391937,23.47764015,57.66699982,43.32106018,2.407500029,0.055861651899999996
0.1438209057,0.1391055942,0.10862870220000001,0.11105500459999999,0.10754519700000001,0.030321151,0.6400179863,0.027498889500000002,2.003011942,-0.247291297,0.857967377,-0.034710299,69.34028625,242.7734985,998.3001099,20.48526001,20.21145058,19.64003944,21.24435043,23.48064041,57.67995071,43.30437088,2.315000057,0.05586165789999999
0.1439095974,0.13917529580000002,0.10855720040000001,0.1110484004,0.1075283051,0.0305317611,0.6793570995,0.02749789767777778,2.005541086,-0.247291297,0.859015286,-0.01340329,69.34028625,235.1233063,998.2998047,20.48534966,20.21157074,19.64003944,21.24477959,23.48364067,57.69290924,43.28768158,2.227499962,0.05586165789999999
0.1439982057,0.1392449021,0.1085809946,0.11104179620000001,0.1075114012,0.0305637687,0.6228518009,0.027510645125,2.008069992,-0.238350496,0.859713376,0.058110241,65.50684357,233.5657959,998.2994995,20.48545074,20.2116909,19.70342064,21.24521065,23.48664093,57.70587158,43.27098846,2.265000105,0.0558616698
0.1440868974,0.1393146038,0.10863670110000001,0.11103520389999999,0.1074946046,0.030536249300000002,0.5870891094,0.027528527577777778,2.010598898,-0.243953407,0.860411525,0.018997161,64.22902679,236.4859009,998.2991943,20.48554993,20.21180916,19.72504044,21.2456398,23.48965073,57.71883011,43.25431061,2.444999933,0.0558616817
0.1441755056,0.1393841982,0.10869230030000002,0.11102859970000001,0.1074777007,0.030566829400000002,0.6714891910999999,0.027533991072222222,2.013128042,-0.221064895,0.861109614,0.0,64.22902679,237.1987,998.2990112,20.48564911,20.21191978,19.72569084,21.24607086,23.49264908,57.73178101,43.23762131,2.267499924,0.055861687699999996
0.1441596031,0.13945389989999998,0.1084380031,0.1110219955,0.1074609041,0.0308872789,0.6586145878,0.02756809658611111,2.015656948,0.345783889,0.861807704,0.0,64.22902679,236.904007,998.298584,20.4857502,20.21203995,19.72633934,21.24650002,23.49564934,57.74473953,43.22092819,2.227499962,0.055861687699999996
0.14438049790000002,0.1398354053,0.108357501,0.1110154033,0.1074440002,0.0310358703,0.474793911,0.027591775258333333,2.012703896,-0.05214275,0.864560187,-0.044436,64.22902679,236.6092987,998.2982788,20.48583984,20.21216011,19.72698021,21.24692917,23.4986496,57.75770187,43.20423889,2.434999943,0.0558616996
0.1446920037,0.1402292967,0.10836939809999999,0.1107758999,0.1074270964,0.0314514697,0.7251388073,0.027608333163888887,2.007925034,-0.214985102,0.867997587,0.01445212,65.70755005,234.2837982,998.2979736,20.48594093,20.21228027,19.72763062,21.24736023,23.49942017,57.7706604,43.18754959,2.376250029,0.0558617115
0.1450034976,0.1405928016,0.1081758022,0.11077879669999999,0.1073932052,0.0319851995,0.6235689163,0.027609492408333335,2.003144979,-0.228694305,0.871434987,-0.03127702,66.20039368,231.7902069,998.2977905,20.48604012,20.2123909,19.72827911,21.24778938,23.49946022,57.78361893,43.20450974,2.211250067,0.0558617175
0.1455520988,0.1409780979,0.1082398057,0.1106130004,0.1073536992,0.0323112607,0.596387291,0.027646247016666667,1.998365045,-0.224998802,0.874872327,-0.039333809,66.20039368,228.661499,998.2974854,20.4861393,20.21250916,19.72892952,21.24822044,23.49949074,57.79656982,43.2326889,2.424999952,0.0558617175
0.1458513021,0.1410627007,0.10841269490000001,0.110592401,0.10731409789999999,0.032568091199999996,0.715119791,0.0277144644,1.993585944,-0.126292095,0.878309727,-0.074559867,66.20039368,225.2644958,998.2971802,20.48624039,20.21262932,19.72957993,21.2486496,23.49953079,57.80952835,43.26086044,2.180000067,0.055861729400000004
0.1460410953,0.1410446048,0.10858550069999999,0.1106508017,0.1072746038,0.0325064301,0.6171298027,0.027776707544444446,1.988806009,0.1134414,0.881747007,0.023887459,66.20039368,225.0348969,998.296875,20.48633003,20.21274948,19.73023033,21.24908066,23.4995594,57.76383972,43.28903961,2.332499981,0.055861741300000003
0.1460754991,0.1410264015,0.1087584019,0.1107092977,0.1072350025,0.0323386103,0.5727838993,0.02786677677777778,1.984025955,-0.016737061,0.885184407,0.154300302,79.77105713,225.8612061,998.2965698,20.48642921,20.21286964,19.63909912,21.24950981,23.49958992,57.69860077,43.31721878,2.412499905,0.0558617473
0.14577599759999998,0.1407698989,0.1088135004,0.1107676983,0.10719549660000001,0.032170790399999996,0.6242824078,0.027946084333333336,1.97924602,-0.107039496,0.887837589,0.100401796,84.2946167,238.8018951,998.2963257,20.4865303,20.21298027,19.60866928,21.24994087,23.49962997,57.63336182,43.34539032,2.470000029,0.0558617473
0.1453827024,0.14043400290000002,0.10882940290000001,0.11098849770000001,0.1072198033,0.0320029587,0.5341601849,0.028018277499999997,1.974467039,-0.138749704,0.890229523,0.06067244,84.2946167,252.4978943,998.2960205,20.48662949,20.21310043,19.60866928,21.25037003,23.49966049,57.56811905,43.37356949,2.152499914,0.05586175920000001
0.1449892998,0.1399907947,0.1088453054,0.1110854983,0.1072654009,0.0316157699,0.6614757061,0.02810041638888889,1.979352951,-0.220707297,0.892621279,0.01442148,84.2946167,251.3085022,998.2957764,20.48673058,20.2132206,19.60866928,21.25079918,23.4996891,57.5028801,43.40174103,2.160000086,0.0558617711
0.1445958018,0.1395118952,0.10899230239999999,0.11112320419999999,0.1073109984,0.030936971299999998,0.7136894226,0.028185833833333333,1.987460971,-0.117708899,0.895013213,-0.04217213,84.2946167,243.977005,998.2954712,20.48682022,20.21334076,19.60866928,21.25123978,23.49972916,57.43764114,43.38887024,2.049999952,0.055861777099999996
0.1442023993,0.1390885949,0.108950603,0.1111610055,0.107356596,0.0305408299,0.803101635,0.02826927822222222,1.995569944,0.030708959,0.897405028,-0.058616418,69.74939728,236.1304932,998.2952271,20.4869194,20.21346092,19.72631073,21.25167084,23.49975967,57.37240982,43.36231995,1.977499962,0.055861777099999996
0.1439587951,0.1388589025,0.10904599429999999,0.11119869950000001,0.10740220549999999,0.030042579800000004,0.680789423,0.028352082583333334,2.003678083,0.008416487,0.899919927,-0.061677609,64.90100098,228.2839966,998.2949219,20.48702049,20.21356964,19.76552963,21.25209999,23.49979973,57.30717087,43.33576965,2.007499933,0.055861788999999995
0.1436195016,0.1384160995,0.1089804053,0.11123640539999999,0.10744780300000001,0.029773241299999996,0.6600450993,0.02841152827777778,2.011785984,0.463445306,0.902475774,-0.05380854,64.90100098,223.7742004,998.2946167,20.48711967,20.2136898,19.76552963,21.25252914,23.49983025,57.2419281,43.30921936,2.005000114,0.0558618009
0.1432317019,0.1382192969,0.10883740189999999,0.1112741947,0.1074933052,0.0296047002,0.5348753929,0.02848405625,2.014408112,0.031424232,0.905031621,-0.073299304,64.90100098,222.9248047,998.2943115,20.48722076,20.21380997,19.76552963,21.25296021,23.49986076,57.17668915,43.28266144,2.262500048,0.0558618128
0.14312189820000001,0.1381346941,0.1088060975,0.11115900279999999,0.1075389028,0.029436171100000002,0.5563331127,0.028552583055555556,2.015201092,-0.224641204,0.906310022,0.025997691,50.34133911,221.5686951,998.2940063,20.48731041,20.21393013,19.71846962,21.25338936,23.49990082,57.1114502,43.25611115,2.192500114,0.0558618128
0.1431048989,0.1380501032,0.1088119984,0.1111688018,0.1075845003,0.029267638899999997,0.6879402161,0.02861750072222222,2.015993118,-0.2451455,0.907162726,0.064799339,45.48812103,241.102005,998.2937012,20.48740959,20.21404076,19.70614052,21.25382042,23.49992943,57.02428055,43.22954941,2.065000057,0.0558618188
0.1428073049,0.1378569007,0.1088179946,0.1112372994,0.1076300979,0.029226830599999996,0.5742145061,0.028682388722222223,2.016786098,-0.01184941,0.908015311,0.069088973,45.48812103,248.1616974,998.2935181,20.48751068,20.21416092,19.71062088,21.25424957,23.50189972,56.9297905,43.20299911,2.00999999,0.055861830700000004
0.1426833987,0.1379279971,0.1088238955,0.11130570170000001,0.1076756954,0.0290374309,0.7258541107,0.028747306388888887,2.017579079,0.01270809,0.908867896,0.0733786,45.48812103,251.6201019,998.2932129,20.48760986,20.21427917,19.71511078,21.25468063,23.50449944,56.83531189,43.17644882,2.05250001,0.0558618426
0.1428398013,0.1380993009,0.1087478995,0.11125529999999999,0.10772130490000001,0.0292032808,0.6278604031,0.028623445305555554,2.018372059,0.139071807,0.90972048,0.01861275,45.48812103,247.9759979,998.2927856,20.48771095,20.21439934,19.71958923,21.25510979,23.5071106,56.74082184,43.1498909,2.160000086,0.0558618426
0.1430598974,0.1383649945,0.1086446047,0.111165297,0.10773270130000001,0.029508790400000002,0.6629062176,0.028334361194444446,2.019165039,0.28796649,0.910573125,0.0,44.23849106,241.6392059,998.2924805,20.4878006,20.2145195,19.7240696,21.25554085,23.50971031,56.75801086,43.12334061,2.227499962,0.0558618486
0.1432800055,0.1386623025,0.1085412979,0.1110754013,0.10773270130000001,0.0298142999,0.5642007828,0.028186028805555555,2.013410091,0.265435606,0.91142571,0.037584562,43.82194138,240.0549927,998.2922974,20.48789978,20.21463013,19.72854996,21.25597,23.51231956,56.81240845,43.1370697,2.382499933,0.055861860500000006
0.14367020130000002,0.1389595032,0.108694303,0.11098539830000001,0.10773270130000001,0.029939869,0.5534719944,0.02816447152777778,2.005471945,-0.123788603,0.912278414,0.01252819,43.82194138,246.3233032,998.2919922,20.48800087,20.21475029,19.73303032,21.25639915,23.51493073,56.86682129,43.16424179,2.25,0.0558618724
0.1439293981,0.1390288949,0.1087002993,0.110988903,0.10768640039999999,0.030216839899999997,0.5416703224,0.0281707785,1.99753499,-0.184347898,0.913130879,0.02196293,43.82194138,252.1938019,998.291687,20.48810005,20.21487045,19.73752022,21.25683022,23.51753044,56.84365082,43.19141006,2.227499962,0.0558618724
0.1439720035,0.1391314983,0.10862879750000001,0.1110234976,0.1076689005,0.030348980399999996,0.5116295815,0.028226415833333334,1.989596963,-0.140120506,0.913983583,0.007320975,43.82194138,251.472702,998.2913818,20.48819923,20.21499062,19.74200058,21.25725937,23.52013969,56.79462814,43.21857071,2.029999971,0.055861878399999995
0.14408600330000002,0.1392704964,0.10877180099999999,0.11105819939999999,0.1076660991,0.0304093689,0.5556178092999999,0.028277055944444445,1.988260031,-0.218203798,0.914325476,0.0,55.50228119,245.4385071,998.2910767,20.48829079,20.21511078,19.74648094,21.25769043,23.52273941,56.74560928,43.24573898,2.305000067,0.05586189030000001
0.1442409992,0.13925609590000002,0.10898640159999999,0.1110928059,0.10766329770000001,0.0303610504,0.6757806778,0.028336694500000002,1.989122033,0.023198619,0.914497077,-0.079553097,59.39572906,243.6472931,998.2907715,20.48838997,20.2152195,19.7509594,21.25811958,23.52535057,56.69657898,43.27289963,2.457499981,0.0558619022
0.1441066027,0.1391906023,0.10903999810000001,0.1111274958,0.1076604962,0.0302765012,0.7208418846,0.028393639472222225,1.989984035,-0.156452507,0.914668798,-0.052932531,59.39572906,236.4700928,998.2905273,20.48848915,20.21533966,19.7554493,21.25855064,23.52795029,56.64756012,43.30007172,2.154999971,0.0558619022
0.1440235972,0.13912509680000001,0.10903999810000001,0.1111621022,0.10765769480000001,0.030191949000000003,0.7115436077,0.028384361277777777,1.990846038,-0.246337697,0.9148404,-0.04495601,59.39572906,228.4996948,998.2902222,20.48859024,20.21545982,19.75992966,21.2589798,23.53055954,56.59854126,43.32722855,2.335000038,0.0558619082
0.14398989680000002,0.1390596032,0.10887900589999999,0.11119680400000001,0.10765490529999999,0.0301616013,0.6729197979,0.028192971555555554,1.99170804,-0.244072706,0.915012121,-0.05793767,59.39572906,228.1952057,998.289978,20.48868942,20.21557999,19.76441002,21.25941086,23.53315926,56.54951096,43.35440063,2.144999981,0.0558619201
0.1439561963,0.1390419006,0.10881940130000001,0.1112313986,0.10765210389999999,0.0301493198,0.7494521141,0.02795686086111111,1.992570043,-0.241052598,0.915183723,-0.070919327,58.26087189,230.2682953,998.2896729,20.48877907,20.21569061,19.67857933,21.25984001,23.53577042,56.57378006,43.3508606,2.214999914,0.055861932
0.1439224005,0.1390401006,0.10881149770000001,0.11112259630000001,0.1076493025,0.0302960604,0.7852201939000001,0.027853861916666667,1.993432045,-0.238032594,0.915355384,-0.05084933,57.8825798,230.1952057,998.2894287,20.48888016,20.21581078,19.64959908,21.26026917,23.53837967,56.62247086,43.33707809,2.112499952,0.055861932
0.1440484047,0.1393399954,0.1088035941,0.1111861944,0.10764640569999999,0.0302650005,0.5448907852,0.027831028833333334,1.994295001,-0.103165098,0.915526986,-0.03747898,57.8825798,229.4066925,998.2891235,20.48897934,20.21593094,19.64959908,21.26070023,23.54097939,56.67116928,43.32329941,2.015000105,0.055861938
0.1442276001,0.1394510031,0.1087658048,0.11120229960000001,0.1076436043,0.0306277812,0.7301455975,0.027825389444444446,1.997032046,-0.005173575,0.915698588,-0.045874391,57.8825798,228.6181946,998.2888184,20.48908043,20.21604919,19.64959908,21.26112938,23.54359055,56.71987152,43.30952072,2.164999962,0.0558619499
0.1444067955,0.1396896005,0.1087180972,0.11117800470000001,0.1076408029,0.030750718700000002,0.5656332016000001,0.027866111333333332,2.000396013,-0.01423362,0.915870309,-0.01232373,45.28123856,227.8296967,998.2885132,20.48917961,20.21616936,19.87772942,21.26156044,23.54619026,56.69433975,43.29574966,2.137500048,0.055861961800000005
0.1445860028,0.140002799,0.1085453033,0.111153698,0.10763800139999999,0.0310151607,0.6078314781,0.028048915861111114,2.003758907,-0.189473897,0.91604197,0.0,41.08079147,226.7380981,998.288208,20.48926926,20.21627998,19.95376968,21.26198959,23.54879951,56.64406967,43.28197098,2.222500086,0.055861961800000005
0.14487320180000002,0.1403161049,0.1085453033,0.1111294031,0.1076352,0.0313708514,0.5749298096000001,0.02822144402777778,2.00712204,-0.246695295,0.917278528,-0.066387668,41.08079147,225.5455017,998.2880249,20.48937035,20.21640015,19.95376968,21.26242065,23.55139923,56.59379959,43.26818848,2.327500105,0.0558619678
0.14519629480000001,0.1406293988,0.1086168051,0.11110509630000001,0.1076323986,0.0316508591,0.6571840763,0.028270111083333334,2.010484934,-0.217965394,0.918869972,-0.052834392,41.08079147,222.438797,998.2877197,20.48946953,20.21652031,19.95376968,21.26284981,23.55401039,56.54352951,43.25440979,2.282500029,0.055861979699999995
0.1455193996,0.1407048941,0.10882250069999999,0.11108080149999999,0.10762959720000001,0.031659850499999996,0.7315707207,0.028268445333333333,2.013848066,0.104381397,0.920461476,-0.035534158,41.08079147,221.6401978,998.2874146,20.48957062,20.21664047,19.95376968,21.26328087,23.55661964,56.49325943,43.2406311,2.162499905,0.05586199160000001
0.1453695059,0.1403998017,0.10907280450000001,0.1111745954,0.107634902,0.0315869004,0.7208418846,0.028261860750000003,2.012494087,-0.038910329,0.92205292,-0.049335331,47.39709091,223.6316071,998.2869873,20.4896698,20.21674919,19.78906059,21.26371002,23.55921936,56.44298935,43.22686005,1.972499967,0.055861997600000005
0.14506180289999998,0.1401658058,0.10916219949999999,0.1113077044,0.1076429963,0.0312465787,0.6121230125,0.028233360722222222,2.009567022,-0.190785304,0.923644423,-0.0136341,49.50252151,224.2801056,998.2868042,20.48977089,20.21686935,19.73415947,21.26413918,23.56183052,56.39273071,43.21308136,2.092499971,0.055861997600000005
0.14493709800000001,0.1399891019,0.109197998,0.1112005949,0.1076509953,0.0309745014,0.6364417076,0.028215139166666667,2.006639957,0.365096092,0.925235927,-0.06867449,49.50252151,223.4552002,998.286499,20.48986053,20.21698952,19.73415947,21.26457024,23.56443024,56.34246063,43.19929886,2.285000086,0.0558620095
0.14465819600000002,0.1398123026,0.1089565992,0.1111449957,0.10765910149999999,0.0309892714,0.5935263156999999,0.028202777444444445,2.003714085,0.351386786,0.926827371,-0.067825988,49.50252151,222.3639069,998.2861938,20.48995972,20.21710968,19.73415947,21.26499939,23.56703949,56.29219055,43.18552017,2.05250001,0.055862021399999996
0.1445494056,0.1396615982,0.1090877056,0.11113330130000001,0.10766710040000001,0.0307097495,0.714404583,0.028190415694444443,2.00078702,-0.114490204,0.928418815,-0.068295456,49.50252151,221.2754059,998.2858887,20.49006081,20.21722984,19.73415947,21.26543045,23.56963921,56.26877975,43.19581985,2.012500048,0.0558620274
0.1445211053,0.1395197034,0.10899829860000002,0.1111215949,0.1076751947,0.0306481391,0.6393026829,0.028168805444444445,1.998656034,-0.035453212,0.930010319,-0.101617098,59.63864136,218.2713928,998.2855835,20.49015999,20.21734047,19.6635704,21.2658596,23.57225037,56.25431824,43.2141304,2.292500019,0.0558620274
0.1443230033,0.1393777013,0.10878369809999999,0.1111099005,0.1076832056,0.0307005405,0.47622442249999997,0.028144056527777777,1.996790051,-0.173142001,0.931601822,-0.054835211,63.01734924,214.6289063,998.2852783,20.49025917,20.21746063,19.64003944,21.26629066,23.57485962,56.23986053,43.23244858,2.087500095,0.0558620393
0.1442878962,0.1394945025,0.10870770219999999,0.11109819409999999,0.1076912999,0.030619579600000002,0.5663465977000001,0.028119333055555553,1.994923949,-0.125576794,0.933193326,-0.036870781,63.01734924,213.7183075,998.2849731,20.49035072,20.2175808,19.64003944,21.26671982,23.57745934,56.22539902,43.25077057,2.387500048,0.0558620512
0.1443259954,0.1395434976,0.1086778998,0.1110864997,0.1076992989,0.0307763785,0.843871212,0.02810819413888889,1.993059039,-0.05619593,0.93478483,-0.075991943,63.01734924,214.429306,998.284729,20.49044991,20.21769905,19.64003944,21.26715088,23.5800705,56.21094894,43.26908112,2.174999952,0.0558620572
0.1443640947,0.13954110150000001,0.1086482048,0.1110748053,0.10770729779999999,0.030848729600000003,0.6364435196,0.028079721666666665,1.991193056,-0.1798179,0.936376214,-0.000161602,63.01734924,219.2897034,998.2844849,20.49054909,20.21781921,19.64003944,21.26758003,23.58267021,56.19649124,43.28739929,2.269999981,0.0558620572
0.1444022059,0.1395387053,0.10861840250000002,0.11106309889999999,0.10771540399999999,0.0308615893,0.5949569225,0.028064806194444444,1.989326954,-0.162532195,0.937967718,-0.034426011,54.51153946,225.4541931,998.2841797,20.49065018,20.21792984,19.6635704,21.26800919,23.58527946,56.18202972,43.30570984,2.077500105,0.0558620691
0.14439109560000002,0.1394320011,0.1088433027,0.11105140449999999,0.10768280029999999,0.030736801,0.7415896893,0.028043471444444443,1.987462044,0.436026812,0.939559221,-0.042688608,51.67626953,226.8112946,998.2838745,20.49074936,20.21805,19.67140961,21.26844025,23.58789063,56.16756821,43.32403183,2.372499943,0.0558620811
0.1440904021,0.1391906023,0.10892080070000001,0.1110396981,0.10763659480000001,0.0305661291,0.741586113,0.028017612027777777,1.985595942,0.041080341,0.941150725,-0.06843707,51.67626953,224.9338074,998.2836304,20.49084091,20.21817017,19.67140961,21.26888084,23.59049034,56.1531105,43.34235001,2.289999962,0.055862093
0.1438349009,0.13891600369999998,0.10892080070000001,0.11102800370000002,0.1075904012,0.030227029300000003,0.7122588158000001,0.02795255661111111,1.983729959,0.406343102,0.939731717,-0.07831455,51.67626953,224.3283997,998.2833252,20.49094009,20.21829033,19.67140961,21.26930046,23.59309959,56.13866043,43.36066055,2.204999924,0.055862093
0.1436249971,0.1387516975,0.10875090359999999,0.111016202,0.107564199,0.0301721185,0.6300044060000001,0.027626050313888886,1.986799002,0.095202141,0.937309384,-0.05513433,63.93626022,224.5514984,998.28302,20.49103928,20.21839905,19.78404999,21.26973915,23.59569931,56.22187042,43.37897873,2.027499914,0.055862098900000004
0.1434149981,0.1386242032,0.10852440599999999,0.1110044956,0.107544601,0.030230650300000002,0.5270075798,0.02735683017222222,1.991513014,-0.202467993,0.934886992,-0.066757709,68.02292633,224.8489075,998.2827148,20.49114037,20.21851921,19.82159042,21.27016068,23.59831047,56.3376503,43.36323166,2.086250067,0.055862098900000004
0.1433624983,0.1384968042,0.10862870220000001,0.11099280119999999,0.10752500300000001,0.029985290799999998,0.7201321125,0.027263446383333334,1.996225953,-0.130464494,0.9324646,-0.1084859,68.02292633,222.5677948,998.2824707,20.49123955,20.21863937,19.82159042,21.27059937,23.60091972,56.45341873,43.33612061,2.241250038,0.055862122800000004
0.1433303952,0.13863530159999998,0.1085214972,0.1109810948,0.1075054049,0.029976031199999996,0.6192773819,0.027234475877777775,2.000940084,-0.208428502,0.930042207,-0.03006178,68.02292633,219.4272003,998.2822266,20.49132919,20.21875954,19.82159042,21.27103043,23.60351944,56.56919861,43.30900955,2.377500057,0.055862122800000004
0.1434465051,0.1386260033,0.10855720040000001,0.1108335018,0.107485795,0.030079239600000002,0.570995903,0.027212619780555558,2.005654097,0.330286503,0.927619874,-0.064510152,68.02292633,222.6625977,998.2819214,20.49143028,20.2188797,19.82159042,21.27145958,23.6061306,56.61415863,43.28189087,2.410000086,0.0558621287
0.1432906985,0.1385378003,0.1082471967,0.11091040370000001,0.107466197,0.030383279899999997,0.5838705063,0.027213115691666668,2.010366917,0.69876802,0.925197482,-0.071046866,53.56858826,224.0028076,998.2816162,20.49152946,20.21899033,19.68543053,21.27189064,23.60873032,56.63552094,43.25477982,2.17750001,0.05586214069999999
0.1434298038,0.1385805011,0.1085988998,0.11085770130000001,0.107446599,0.0299403787,0.6557536125000001,0.027269740633333334,2.015080929,0.396210194,0.92277509,-0.078637287,48.75048065,224.7232971,998.281311,20.49163055,20.21911049,19.64003944,21.27231979,23.61133957,56.65689087,43.22766876,2.234999895,0.055862152600000006
0.14333219530000002,0.1385079026,0.10875389579999999,0.1107318044,0.10742670299999998,0.0298100591,0.7709150791,0.027495581308333333,2.019793987,0.181391805,0.920352697,-0.043232221,48.75048065,224.3692017,998.2810059,20.49172974,20.21923065,19.64003944,21.27275085,23.60746956,56.67824936,43.20056152,2.414999962,0.055862152600000006
0.1431108952,0.1383823991,0.10853929520000001,0.1108721972,0.10740669970000001,0.029874369499999998,0.5870909214,0.027755529616666667,2.018413067,0.25649479,0.917382419,-0.06119775,48.75048065,223.5767059,998.2807007,20.49181938,20.21935081,19.64003944,21.27318001,23.60144043,56.628479,43.17345047,2.482500076,0.0558621585
0.143206203,0.1384943008,0.1084275961,0.1109338999,0.1073866963,0.029938679899999997,0.5048346996,0.027839972166666668,2.015000105,-0.035214759,0.914229512,-0.017896511,48.75048065,222.7843018,998.2803955,20.49192047,20.21946907,19.64003944,21.27360916,23.59542084,56.55498886,43.14633942,2.272500038,0.055862170499999995
0.1434069037,0.138685298,0.1083739042,0.1107692957,0.1073667049,0.0301593691,0.5484652996,0.02783697127777778,2.011586905,-0.221899405,0.911076605,0.0,48.46260834,230.0354004,998.2802124,20.49201965,20.2195797,19.64003944,21.27404022,23.5893898,56.48149872,43.15206909,2.012500048,0.0558621824
0.1436076999,0.1388762951,0.1083202958,0.11067140099999999,0.1073467016,0.030432188500000002,0.6564689159,0.027836638555555557,2.008174896,0.125243396,0.907923698,0.0,48.36664963,232.5184021,998.2797852,20.49212074,20.21969986,19.64003944,21.27446938,23.58337021,56.47861862,43.16873932,1.965000033,0.0558621824
0.1436578989,0.1390673041,0.10826660390000001,0.1106145024,0.1073266983,0.0306180507,0.6764960766,0.027822750944444443,2.004761934,-0.1212852,0.904770792,-0.02668331,48.36664963,235.8097992,998.27948,20.49221992,20.21982002,19.64003944,21.27490044,23.57733917,56.49927902,43.18540955,2.337500095,0.055862188300000004
0.1440034032,0.1394094944,0.1082890034,0.1105576992,0.10730669500000001,0.030774930099999997,0.6235671043,0.02779524908333333,2.001348972,-0.245980099,0.902812123,-0.03105191,48.36664963,233.0570068,998.2791748,20.49230957,20.21994019,19.64003944,21.27532959,23.57131004,56.51993942,43.20209122,2.362499952,0.0558622003
0.1442932963,0.1396422029,0.1081220984,0.11050089599999999,0.1072723985,0.031287369100000004,0.654323101,0.027765238019444444,1.99793601,-0.149061397,0.901251614,-0.007385825,66.11126709,230.5697937,998.2789917,20.49241066,20.22005081,19.59297943,21.27576065,23.56529045,56.54059982,43.21876907,2.382499933,0.055862212200000004
0.1445261955,0.13982169630000002,0.1080625057,0.1104439974,0.1072335005,0.0315571994,0.5456041813,0.027735216352777776,1.994523048,-0.204256102,0.899690986,-0.06080246,72.02615356,228.9645996,998.2786865,20.49250984,20.22016907,19.5785408,21.2761898,23.55925941,56.56124878,43.2354393,2.422499895,0.055862212200000004
0.14475909469999998,0.14000109430000002,0.1083665013,0.11038719420000001,0.1071943998,0.0314707011,0.6671977043,0.02772373411388889,1.991109967,-0.216296405,0.898130417,-0.02026749,72.02615356,227.3594055,998.2783813,20.49261093,20.22028923,19.58019066,21.27662086,23.55323029,56.58190918,43.25210953,2.11500001,0.055862218100000006
0.1446550965,0.1397886038,0.10835460420000001,0.11048460010000001,0.1071555018,0.0316125005,0.8095389365999999,0.02770949681666667,1.987697005,-0.06215648,0.896569788,0.037566129,72.02615356,229.4425049,998.2780762,20.49271011,20.22040939,19.58184052,21.27705002,23.54721069,56.60256958,43.2687912,2.25,0.0558622301
0.1445690036,0.1397122979,0.1082036018,0.1106333017,0.10711640120000002,0.0315770596,0.5878060817999999,0.02768035464722222,1.984284043,0.146463007,0.895009279,-0.053773049,72.02615356,230.2705994,998.277771,20.49279976,20.22052956,19.58349037,21.27747917,23.54117966,56.62322998,43.28546143,2.420000076,0.05586224199999999
0.1445261955,0.1397250056,0.1080525994,0.11058379410000001,0.10707750320000001,0.0316258013,0.6156992912,0.02765916188611111,1.984308958,0.289277911,0.89344871,-0.068634883,68.64025879,230.6542053,998.2775269,20.49290085,20.22064018,19.58514023,21.27791023,23.53516006,56.64387894,43.30213928,2.202500105,0.05586224199999999
0.1447613955,0.1400768995,0.1080147982,0.11046819690000001,0.1070384979,0.0317336589,0.5670619011,0.027649892172222225,1.985478997,0.054908831,0.891888201,-0.042290099,67.5116272,228.6190948,998.2772217,20.49300003,20.22076035,19.58679008,21.27833939,23.52913094,56.66453934,43.31880951,2.194999933,0.055862247899999995
0.1448565006,0.1399809957,0.108247304,0.11035259959999999,0.1069995046,0.0318415314,0.654323101,0.027631346383333335,1.986649036,0.606975377,0.890327573,0.01206093,67.5116272,225.7351074,998.2769775,20.49309921,20.22088051,19.58843994,21.27877045,23.5230999,56.68519974,43.33547974,2.092499971,0.0558622599
0.1445934057,0.1396980047,0.1083248019,0.1104478955,0.10698970560000001,0.0317079514,0.7358623028,0.0276177703,1.987818956,0.31431219,0.888767123,-0.046675459,67.5116272,224.1777954,998.2766724,20.4932003,20.22100067,19.59009933,21.2791996,23.51708031,56.70586014,43.35216141,2.170000076,0.055862271799999995
0.1442368031,0.1391669035,0.1087182045,0.11061350109999998,0.10698970560000001,0.0309971303,0.8381491661,0.027599228752777778,1.988988996,-0.043559521,0.887206376,-0.075335257,67.5116272,220.8047028,998.2764282,20.49328995,20.22112083,19.59174919,21.27963066,23.51104927,56.72650909,43.36883163,2.232500076,0.055862271799999995
0.14362690449999999,0.1385530949,0.10873310570000001,0.1107790947,0.10698970560000001,0.0304249495,0.7816403866,0.027593928444444443,1.994488001,-0.211408794,0.885249913,-0.0574449,66.15075684,216.6788025,998.276123,20.49338913,20.22122955,19.59339905,21.28005981,23.50502968,56.74716949,43.34989929,2.202500105,0.0558622777
0.14307780269999998,0.1381168962,0.10857809780000001,0.1109447002,0.10698970560000001,0.0299541712,0.731570816,0.027582003275,2.001429081,0.083400249,0.883161306,-0.031913839,65.6971283,215.6472931,998.2758179,20.49349022,20.22134972,19.59505081,21.28049088,23.49900055,56.7678299,43.3190918,2.287499905,0.0558622897
0.1425771952,0.1377400041,0.1084231019,0.11089739800000001,0.10702940229999999,0.0296878904,0.6536077976,0.027578029633333334,2.008369923,0.251964808,0.881072819,-0.006382765,65.6971283,219.4008026,998.2755127,20.4935894,20.22146988,19.59670067,21.28092003,23.49296951,56.7884903,43.28828812,2.327500105,0.0558623016
0.1425333023,0.1376744032,0.1082680941,0.110779202,0.1070400953,0.0294897795,0.49052948949999997,0.027554189894444445,2.015311003,-0.1175896,0.878984213,0.047153231,65.6971283,225.6445007,998.2752075,20.49369049,20.22159004,19.59835052,21.28134918,23.48694992,56.80913925,43.25748062,2.247499943,0.0558623016
0.1426416039,0.1377125025,0.1081130981,0.11051290039999999,0.1070366025,0.0295761108,0.47622451779999997,0.027538295322222222,2.022253036,0.575622976,0.87907511,0.05897091,65.6971283,235.2389984,998.2749023,20.49378014,20.22170067,19.60000038,21.28178024,23.48092079,56.82979965,43.22668076,2.0625,0.0558623075
0.1427499056,0.13801740410000002,0.10795810219999999,0.1105046988,0.10703320499999999,0.029757261299999997,0.42258028980000006,0.027527698941666665,2.023370981,0.026655789,0.879892528,0.074498847,65.46121979,243.8872986,998.2747192,20.49387932,20.22182083,19.60165024,21.2822094,23.47489929,56.85046005,43.19586945,2.092499971,0.0558623195
0.14297339920000002,0.13806639910000001,0.10833070279999998,0.1103562951,0.1070297003,0.02968674,0.7508880138,0.027517102558333333,2.022548914,-0.247529805,0.880710006,0.080314919,65.38258362,251.8937988,998.2744141,20.49398041,20.22193909,19.60330009,21.28264046,23.46887016,56.87110901,43.16506958,2.105000019,0.0558623314
0.142831099,0.1380004048,0.10821750160000002,0.11037820579999999,0.1070263028,0.0298293799,0.6571858883,0.02749259948611111,2.021727085,-0.247211903,0.881527424,0.080590583,65.38258362,253.895401,998.2739868,20.49407959,20.22205925,19.60494995,21.28306961,23.46283913,56.89176941,43.13425827,2.257499933,0.0558623314
0.1428297997,0.138073504,0.1081339955,0.1104838014,0.1070227981,0.0298598409,0.6042551994,0.027472396427777778,2.015374899,-0.246894002,0.882344902,-0.002163109,65.38258362,250.2167969,998.2736816,20.49418068,20.22217941,19.60660934,21.28350067,23.45681953,56.91242981,43.1468811,2.422499895,0.055862337399999996
0.14292049410000002,0.138192904,0.1080268025,0.11035079960000001,0.1070194006,0.030066540800000003,0.6936621189000001,0.027467100355555555,2.007179976,-0.181009904,0.88316232,0.046620332,49.38636017,245.7138062,998.2734985,20.49427032,20.22229004,19.6082592,21.28392982,23.45079041,56.93309021,43.17398071,2.430000067,0.0558623493
0.14301120039999998,0.138312304,0.1080268025,0.1103080034,0.1070158958,0.030223390500000002,0.7687694073,0.02746230019444444,1.998985052,0.02224499,0.883979678,-0.006850211,44.05429077,241.344696,998.2731934,20.49436951,20.2224102,19.60866928,21.28436089,23.44475937,56.95373917,43.20108032,2.1875,0.0558623612
0.1431789041,0.138431704,0.1080744028,0.11032179589999999,0.1070124984,0.0303362101,0.6579011916999999,0.027456340788888887,1.990790009,-0.154783502,0.88518548,-0.008290403,44.05429077,239.7588959,998.2728882,20.4944706,20.22253036,19.60866928,21.28479004,23.43873978,56.97439957,43.22816849,2.252500057,0.0558623612
0.1433722973,0.1385511994,0.1081220984,0.1102375031,0.1070090055,0.030449038699999997,0.6049705029,0.027444911533333335,1.988222003,-0.0515467,0.886520684,0.0,44.05429077,239.1007996,998.272583,20.49456978,20.22265053,19.60866928,21.2850399,23.43271065,56.99505997,43.2552681,2.089999914,0.0558623672
0.1433030963,0.1385957956,0.1080268025,0.110266304,0.1070055008,0.0305618614,0.6936622143,0.027423718769444442,1.987529993,-0.129868403,0.887855828,0.0,44.05429077,235.334198,998.2722778,20.49467087,20.22275925,19.60866928,21.28521919,23.42668915,57.01572037,43.28237152,2.154999971,0.055862379100000005
0.1433128953,0.1386155963,0.1081339955,0.1103435993,0.1070021033,0.030415448499999997,0.6192756175999999,0.027415771483333334,1.986839056,-0.205925107,0.887745082,0.084781647,65.18940735,238.039093,998.2719727,20.49476051,20.22287941,19.67925072,21.28540039,23.42066002,57.03636932,43.30945969,2.035000086,0.055862391
0.14337819810000002,0.138635397,0.1081817031,0.11033600569999999,0.10699859860000001,0.0303847194,0.6443095207,0.02741312450833333,1.986147046,-0.155737206,0.887152374,0.00685603,72.23445129,239.3410034,998.2717285,20.4948597,20.22299957,19.70277977,21.28557968,23.41463089,57.05101013,43.3365593,2.295000076,0.055862391
0.143443501,0.1386551023,0.1081817031,0.1103000998,0.1069952011,0.0304213703,0.7244181156,0.027410471175,1.985455036,-0.219395906,0.886559784,-0.00713484,72.23445129,242.7075043,998.2714233,20.49496078,20.22311974,19.70277977,21.28576088,23.40860939,57.06364059,43.36365891,2.392499924,0.0558624029
0.1435088038,0.138817203,0.1079671025,0.1103693962,0.10699169639999999,0.0306262106,0.6328653812,0.027456501855555555,1.990421057,-0.185778394,0.885967076,-0.063134089,72.23445129,238.732193,998.2711792,20.49505997,20.2232399,19.70277977,21.28594017,23.40258026,57.07627106,43.34999084,2.352499962,0.05586240890000001
0.14373350140000002,0.13902670150000002,0.1078776956,0.11031219960000001,0.1069882035,0.030887121,0.5785058975,0.027593262991666666,1.997274041,-0.2178462,0.885374486,-0.02752742,72.23445129,231.9355927,998.270874,20.49515915,20.22335052,19.70277977,21.28611946,23.39654922,57.08889008,43.32273102,2.069999933,0.05586240890000001
0.14401140210000002,0.13923610449999999,0.10795220139999999,0.11020129919999999,0.10698479409999999,0.031046021,0.7229876995,0.027679364947222222,2.004126072,-0.2384101,0.884781778,0.04800773,76.10188293,230.6622009,998.2706299,20.4952507,20.22347069,19.84395981,21.28630066,23.39052963,57.10152054,43.29547882,2.036250114,0.0558624208
0.1441205978,0.13932219740000001,0.1080595016,0.1103078961,0.10698130130000001,0.031170919499999998,0.8889323235000001,0.02769757588611111,2.010977983,-0.242463306,0.884189188,-0.004244188,77.39102936,231.2299042,998.2703247,20.49534988,20.22359085,19.89101982,21.28647995,23.3845005,57.114151,43.26821899,2.111249924,0.0558624327
0.1443552971,0.1395593047,0.10797899959999999,0.11032849549999998,0.10697790380000001,0.031439209,0.7043928146,0.027691616483333334,2.017831087,0.074817099,0.881305099,-0.043951549,77.39102936,231.7976074,998.2700195,20.49544907,20.22370911,19.89101982,21.28665924,23.37848091,57.12678146,43.24097061,2.265000105,0.055862438699999996
0.144472599,0.1397161961,0.10783599619999999,0.11029620170000001,0.10697439909999999,0.0317553192,0.6342959881,0.02767688115555556,2.016910076,0.293927103,0.877657175,-0.080517523,77.39102936,225.2167969,998.2697144,20.49555016,20.22382927,19.89101982,21.28684044,23.37244987,57.13940811,43.21371078,2.460000038,0.055862438699999996
0.1445307016,0.1398251057,0.1079969049,0.110263896,0.10697100159999999,0.0317203611,0.773060894,0.02766032325,2.013398886,0.171020493,0.874009371,0.052542649,77.39102936,223.1647034,998.2694092,20.49564934,20.2239399,19.89101982,21.28701973,23.36642075,57.15203094,43.18645859,2.172499895,0.0558624625
0.1447819948,0.1399338961,0.108259201,0.1102316976,0.1068688989,0.0315683812,0.7265656948,0.027640289730555555,2.009887934,0.01878787,0.870361507,-0.03189683,77.40380859,227.1660004,998.2692261,20.49574089,20.22406006,19.77337074,21.28720093,23.36039925,57.16466904,43.15919876,2.112499952,0.0558624625
0.1446393013,0.1397596955,0.1083783984,0.1102931023,0.10689309840000001,0.0315409601,0.773060894,0.027627042133333335,2.006376028,-0.170400202,0.866713583,-0.073465087,77.42085266,225.8479004,998.2689209,20.49584007,20.22418022,19.73415947,21.28738022,23.35437012,57.17729187,43.1624794,2.377500057,0.0558624685
0.1445641994,0.1396450043,0.10819959640000001,0.110385704,0.1069704056,0.0315550715,0.7988119124999999,0.027616443633333335,2.002865076,-0.165631697,0.863065779,-0.044075601,77.43788147,222.3401031,998.2686157,20.49593925,20.22430038,19.73415947,21.28755951,23.34833908,57.18991852,43.17594147,2.137500048,0.0558624685
0.14456239939999999,0.13958150149999998,0.1084558964,0.1104783058,0.10698970560000001,0.0312280089,0.7086843014,0.027595914205555554,2.000708103,0.021768119,0.861434996,0.034776401,77.45493317,221.4631958,998.2681885,20.49604034,20.2244091,19.73415947,21.28774071,23.34231949,57.20254898,43.18939972,2.05250001,0.0558624923
0.1443814039,0.13941710000000002,0.1083485961,0.11055159569999999,0.10698970560000001,0.0312458813,0.6636213779,0.027572072347222223,1.99900198,0.253514588,0.860476613,-0.030386589,66.49590302,226.4183044,998.2680054,20.49613953,20.22452927,19.73415947,21.28792,23.33629036,57.21517944,43.20285034,1.992499948,0.0558624923
0.1441406965,0.13921899799999998,0.10840229990000001,0.1106183052,0.10698970560000001,0.0309723794,0.6972383976,0.027561641269444444,1.997297049,0.124647297,0.859518111,-0.01495288,62.84148026,234.2321014,998.2677002,20.49622917,20.22464943,19.73415947,21.28809929,23.33027077,57.22780991,43.21630859,2.337500095,0.055862498299999994
0.143900001,0.139020896,0.10835460420000001,0.1106850028,0.10698970560000001,0.0308149099,0.7959490776,0.027555679744444447,1.995591044,0.582179487,0.858559608,-0.135386303,62.84148026,228.9246979,998.267395,20.49633026,20.22476959,19.73415947,21.28828049,23.32423973,57.24042892,43.22975922,2.430000067,0.055862498299999994
0.1436593056,0.1386307001,0.1085394025,0.11075179580000001,0.10698970560000001,0.0304697812,0.8073949814000001,0.02753481758888889,1.993885994,0.681124806,0.859311283,-0.045128752,62.84148026,220.8650055,998.2670898,20.49642944,20.22488976,19.73415947,21.28845978,23.3182106,57.25305939,43.24322128,2.307499886,0.0558625221
0.1432659984,0.1384454966,0.1083783984,0.1108185053,0.1071002007,0.0302547306,0.6643384933,0.02750898785,1.99217999,0.374513805,0.860633194,-0.041082911,62.84148026,224.8197937,998.2667847,20.49653053,20.22500038,19.73415947,21.28863907,23.3121891,57.26568985,43.25667953,2.089999914,0.0558625221
0.14322899579999998,0.138349998,0.1083009005,0.11076040270000001,0.1071485043,0.0301136792,0.5434585094,0.027489617666666667,1.990473986,-0.113178797,0.861954987,0.04090751,68.16398621,235.952301,998.2664795,20.49662971,20.22512054,19.61651039,21.28882027,23.30615997,57.29246902,43.27013016,2.337500095,0.055862528099999996
0.1432065964,0.1382544994,0.1083009005,0.11066060069999999,0.1071637988,0.030110070100000004,0.6342959881,0.027491272819444447,1.988769054,0.239447594,0.86327678,0.018200601,69.93816376,238.7796936,998.2661743,20.4967308,20.22524071,19.57729912,21.28899956,23.30014038,57.32397079,43.28358841,2.170000076,0.055862528099999996
0.1431439042,0.1384313941,0.1081220984,0.11075710059999999,0.10717910530000001,0.030152279100000002,0.6514620781,0.027485313416666667,1.98706305,0.419694811,0.864598572,0.111579403,69.93816376,238.4645996,998.2659302,20.49682045,20.22536087,19.57729912,21.28918076,23.3022995,57.35546875,43.29705048,2.057499886,0.0558625519
0.1432440996,0.13852390050000002,0.10811610220000001,0.1106140971,0.1071943998,0.030194491099999998,0.704391098,0.027467761569444443,1.988677025,-0.078965217,0.865920424,0.058897361,69.93816376,241.774704,998.265686,20.49691963,20.22547913,19.57729912,21.28936005,23.30719948,57.38697052,43.3105011,2.282500029,0.0558625519
0.143343699,0.1385579944,0.10818769930000001,0.11056380269999999,0.10720969440000001,0.0302367002,0.6300045013,0.027447895475,1.991397023,-0.221541703,0.867242217,0.001076669,69.93816376,243.4167938,998.2653809,20.49702072,20.22558975,19.57729912,21.28953934,23.31208992,57.41846085,43.32395935,2.404999971,0.0558625579
0.1434249997,0.1387166977,0.108259201,0.11057829859999999,0.1072250009,0.0302789092,0.6242824078,0.027433982425,1.994117022,-0.05345406,0.86856401,-0.036073089,58.75901031,238.2915955,998.2650757,20.4971199,20.22570992,19.81258965,21.28972054,23.31698036,57.4499588,43.33740997,2.24000001,0.0558625579
0.1434453011,0.1387887955,0.1082949996,0.1105926991,0.10724029539999999,0.030475419799999997,0.6414484978,0.02742752711111111,1.99683702,0.053001441,0.869885921,-0.01134013,55.03261948,236.6510925,998.2647705,20.49721909,20.22583008,19.89101982,21.28989983,23.32188034,57.48146057,43.32814026,2.24000001,0.055862581700000004
0.14361939429999998,0.13881820439999998,0.1083188057,0.1106070995,0.10725560190000001,0.030450630200000002,0.5820823193,0.027422892252777775,1.999557018,-0.167419896,0.871207714,-0.02744714,55.03261948,236.8175964,998.2645264,20.49731064,20.22595024,19.89101982,21.29007912,23.32677078,57.51295853,43.31129074,2.410000086,0.055862581700000004
0.1437824011,0.1389925957,0.10821750160000002,0.11062159540000001,0.10727089640000001,0.0305883199,0.5484652996,0.027405836316666665,2.00227809,-0.247052893,0.872208714,-0.009149048,55.03261948,236.9839935,998.2642212,20.49740982,20.22606087,19.89101982,21.29026031,23.33167076,57.5444603,43.29444885,2.30250001,0.0558625877
0.1439224958,0.1389909029,0.10843210219999999,0.11063599589999999,0.10728620289999999,0.030609428900000003,0.6514620781,0.02738961113888889,2.004997015,-0.247370794,0.873102784,0.05065373,64.5552063,238.7243958,998.263916,20.49751091,20.22617912,19.77337074,21.29043961,23.3365593,57.57595825,43.27759933,2.234999895,0.05586259959999999
0.1438467979,0.13891429900000002,0.1084617972,0.11065050359999999,0.1073014975,0.030563530300000002,0.7451605797,0.027381002638888888,2.007718086,-0.247688696,0.873996913,0.02095682,67.72940826,239.2906952,998.2636719,20.49761009,20.22629929,19.73415947,21.2906208,23.34145927,57.60746002,43.26074982,2.214999914,0.055862611500000006
0.1436990976,0.1390261054,0.10839029549999998,0.1106649041,0.1073127031,0.030517628800000002,0.6486010075,0.027742941113888888,2.010437965,-0.234893396,0.874890983,-0.04115184,67.72940826,235.2803955,998.2634277,20.49770927,20.22641945,19.73415947,21.29080009,23.34634972,57.53329086,43.2439003,2.150000095,0.055862611500000006
0.1439463019,0.139200604,0.1084260941,0.11067940000000001,0.10732259749999999,0.0304717302,0.562770319,0.02798036152777778,2.013158083,-0.243118897,0.87521112,-0.04156933,67.72940826,230.1327972,998.2631226,20.49780083,20.22653961,19.73415947,21.29097939,23.35124969,57.4239006,43.22705078,2.309999943,0.0558626175
0.1441002011,0.1393015027,0.1084975958,0.11069380040000001,0.10733250379999999,0.0306616008,0.7058215140999999,0.028038999777777778,2.015877962,-0.238350496,0.875339806,0.034891799,67.72940826,230.0348969,998.2628174,20.49790001,20.22665024,19.73415947,21.29116058,23.35614014,57.31452179,43.21020126,2.339999914,0.055862629399999995
0.14417910579999998,0.1393777966,0.1084975958,0.1108121991,0.1073423982,0.0307774097,0.5785059929,0.028045611916666668,2.01859808,-0.239482999,0.875468612,0.014675,60.29278183,233.398407,998.2625122,20.49799919,20.2267704,19.68709946,21.29133987,23.36104012,57.28622055,43.19335175,2.05250001,0.0558626413
0.1442581058,0.1394541025,0.1085273981,0.11085560320000001,0.1073523045,0.0308423311,0.6664824009,0.028037666750000002,2.015928984,-0.244966805,0.875597298,0.0,57.81389999,234.4476929,998.262207,20.49810028,20.22689056,19.67321968,21.29151917,23.36593056,57.2849617,43.17649841,2.087500095,0.0558626413
0.14433699849999998,0.1395305037,0.1085751057,0.1108625054,0.1073621988,0.0309072405,0.8295660973000001,0.0280061955,2.011462927,-0.216296405,0.876646578,-0.021244479,57.81389999,234.5254974,998.2619019,20.49819946,20.22701073,19.67563057,21.29170036,23.37083054,57.28369141,43.1596489,2.092499971,0.0558626473
0.1444159985,0.1396067977,0.1084707975,0.11088789699999999,0.10737210509999999,0.031082961,0.6486029148,0.027967804805555555,2.006997108,-0.225237295,0.878002822,-0.007081492,57.81389999,231.8473053,998.2615967,20.49828911,20.22713089,19.67804909,21.29188919,23.37571907,57.28242111,43.14279938,2.042500019,0.0558626592
0.1447229981,0.1401684999,0.10831580160000001,0.11091949940000001,0.1073819995,0.0312956214,0.592811203,0.027921415972222224,2.002531052,-0.205805898,0.879358888,-0.074151263,57.81389999,229.1421967,998.2614136,20.4983902,20.22723961,19.68045998,21.29206085,23.38061905,57.28115845,43.16027069,2.404999971,0.055862671100000004
0.14510610100000002,0.14056119920000001,0.10842009779999999,0.1106570005,0.10739190579999999,0.031715708999999995,0.5856585979,0.027877388,1.998064995,0.04167638,0.880715013,-0.074274883,60.01095963,225.1016998,998.2609863,20.49848938,20.22735977,19.68287086,21.29224968,23.38550949,57.2798996,43.18917084,2.214999914,0.055862671100000004
0.1454892039,0.1408437967,0.1083963037,0.11062389610000001,0.10740180020000001,0.0322049499,0.6060432911,0.027824056416666666,1.993710995,0.198558196,0.882071078,0.071279109,60.74332047,225.694397,998.2606812,20.49859047,20.22747993,19.68528938,21.29243088,23.39040947,57.2786293,43.21807861,2.214999914,0.0558626771
0.1456936002,0.14101790190000002,0.10851989980000001,0.1107000947,0.10741169450000002,0.0322896093,0.6389451026999999,0.027797917249999998,1.98939395,-0.066090472,0.883427322,0.105404899,60.74332047,237.4219971,998.260376,20.49868965,20.2276001,19.68770027,21.29261017,23.39529991,57.27737045,43.2469902,2.055000067,0.055862689
0.14583829639999998,0.14091459509999998,0.10871659520000002,0.1107763052,0.1074216008,0.0322394192,0.6986690044,0.027760160233333334,1.985077024,0.056339368,0.884783387,0.052291941,60.74332047,241.1380005,998.2601929,20.49879074,20.22771072,19.69010925,21.29278946,23.40019035,57.27610016,43.27589035,2.335000038,0.055862689
0.1456182003,0.1407310963,0.1089133024,0.1108806014,0.10743149519999999,0.0319640309,0.5978178977999999,0.027734993827777776,1.980759978,0.633678675,0.886139572,0.00897078,60.74332047,249.9431,998.2598877,20.49888039,20.22783089,19.69252014,21.29297066,23.40509033,57.27484131,43.30479813,2.285000086,0.05586270089999999
0.1452764034,0.140318799,0.1091099977,0.1109943986,0.10744140149999999,0.0316135705,0.5992484093,0.02770750893611111,1.976443052,0.100805096,0.887495816,0.0,75.97083282,246.2637024,998.2595825,20.49897957,20.22794914,19.69494057,21.29314995,23.40998077,57.27357101,43.33369827,2.230000019,0.0558627129
0.1448740959,0.1398301959,0.1091950059,0.1111081004,0.107476294,0.0311079115,0.6750655174,0.027701878016666667,1.979781985,-0.077773146,0.888851881,-0.021557771,81.04666901,235.8005981,998.2592773,20.49908066,20.22806931,19.69734955,21.29332924,23.41488075,57.27230072,43.36260986,2.035000086,0.0558627188
0.1444515944,0.1393416047,0.1092427015,0.11122189760000001,0.10751940010000001,0.0305505186,0.5992484093,0.027713470458333334,1.985674024,0.194147393,0.892023325,-0.061783291,81.04666901,227.4019928,998.2589722,20.49917984,20.22818947,19.69976044,21.29351044,23.41976929,57.27104187,43.39151001,2.097500086,0.0558627188
0.1440289974,0.13900779489999998,0.10918309690000001,0.1112687945,0.1075624943,0.0301896304,0.6464552879000001,0.027760821447222223,1.991564989,0.02868239,0.895799875,-0.01819912,81.04666901,226.1748047,998.258728,20.49928093,20.22830009,19.70218086,21.29368973,23.42466927,57.26977921,43.37311935,2.057499886,0.055862730699999995
0.14371279480000002,0.1387256026,0.1090877056,0.11129349470000001,0.1076056957,0.0298942506,0.8295660973000001,0.027831028833333334,1.996639967,-0.195196003,0.899576485,0.032406971,62.12968063,227.0478058,998.2584229,20.49937057,20.22842026,19.86749077,21.29387093,23.42955971,57.26850891,43.33895111,2.007499933,0.0558627427
0.1434319973,0.1384433985,0.10917119980000001,0.1113180995,0.1076488018,0.0295988709,0.9483003616,0.027895276805555553,2.001442909,-0.243476599,0.899383485,0.051933032,55.82402039,233.8130951,998.2581787,20.49946976,20.22854042,19.92239952,21.29405022,23.43445969,57.26725006,43.3047905,2.329999924,0.0558627486
0.14328730110000001,0.1384996057,0.1088670969,0.1114467025,0.107691896,0.029587701,0.7880776882,0.027961167222222222,2.006244898,-0.245383903,0.895066917,-0.01441461,55.82402039,238.0856934,998.2578735,20.49957085,20.22866058,19.92239952,21.29422951,23.43935013,57.23273087,43.27062988,2.222500086,0.0558627486
0.1435469985,0.138668704,0.1088791013,0.11123169660000001,0.10773509740000001,0.0296712488,0.7101130009000001,0.028028721277777776,2.011048079,0.186517894,0.889816821,-0.009374947,55.82402039,236.4409943,998.2576294,20.49967003,20.22878075,19.92239952,21.29441071,23.44425011,57.18712997,43.23646164,2.247499943,0.0558627605
0.143593502,0.1388376951,0.1087955952,0.11118129489999999,0.1077782035,0.0299228787,0.6121230125,0.028096277444444446,2.015851021,0.41003871,0.887333691,-0.041920882,55.82402039,233.3191986,998.2573242,20.49976921,20.22888947,19.92239952,21.29459,23.44967079,57.14154053,43.20230103,2.4375,0.055862772500000005
0.1439273,0.1392814994,0.1088433027,0.1112277985,0.1078212976,0.0300408393,0.5363059044,0.028185693944444444,2.020653009,-0.076342583,0.885772824,0.066979423,48.1388588,236.5352936,998.257019,20.49986076,20.22900963,19.80475044,21.29476929,23.45527077,57.09593964,43.16814041,2.295000076,0.0558627784
0.14416420459999998,0.1393686056,0.1089625001,0.1111217976,0.1078644991,0.0303488404,0.6929469109,0.028242638916666667,2.01727891,-0.246576101,0.884211898,0.033860851,45.57714081,241.8641968,998.2567139,20.49995995,20.22912979,19.76552963,21.29495049,23.46087074,57.05033875,43.13396835,2.349999905,0.0558627784
0.14432450530000002,0.1394145012,0.1090816975,0.1111560941,0.1079076052,0.0302928597,0.5827974796000001,0.02823866738888889,2.011178017,-0.245622396,0.882650971,-0.064907871,45.57714081,243.1963959,998.2564087,20.50005913,20.22924995,19.76552963,21.29512978,23.46647072,57.0047493,43.15206909,2.420000076,0.0558627903
0.1443295002,0.1394965053,0.1090489984,0.1112540007,0.10791840550000001,0.030365848499999997,0.7973795891,0.02821183311111111,2.005078077,-0.055838309,0.881090224,-0.0409895,45.57714081,240.7705994,998.2561035,20.50016022,20.22936058,19.76552963,21.29530907,23.47207069,56.95914841,43.18758011,2.460000038,0.0558628023
0.1442826986,0.1395784974,0.1089655995,0.1113520026,0.10791840550000001,0.0305316389,0.653609705,0.02820355522222222,1.998978019,0.032377921,0.879529178,0.02382456,45.57714081,233.3652954,998.2559204,20.5002594,20.22948074,19.76552963,21.29549026,23.47767067,56.91355133,43.22309113,2.170000076,0.0558628082
0.1444766998,0.1396605015,0.10912350420000001,0.1112650037,0.10791840550000001,0.0305627793,0.6056857109,0.028229056472222222,1.99287796,-0.04153296,0.877968371,0.01000702,69.91546631,238.9084015,998.2556152,20.50035095,20.22960091,19.69494057,21.29566956,23.4832592,56.86795044,43.25859833,2.272500038,0.0558628082
0.1445606947,0.1396810055,0.1091616035,0.11131019589999999,0.10791840550000001,0.030549040399999998,0.6264280796,0.028243611666666668,1.986776948,-0.199845299,0.876407504,0.0,78.02823639,243.2427979,998.255188,20.50045013,20.22971916,19.67140961,21.29585075,23.48885918,56.82236099,43.29410934,2.414999962,0.0558628201
0.1445814013,0.1396810055,0.10913300509999999,0.11142009500000001,0.10791840550000001,0.030554539,0.6407331944,0.028220778583333335,1.980677009,-0.2441919,0.874846578,0.02686996,78.02823639,241.4020996,998.2548828,20.50054932,20.22983932,19.67140961,21.29603004,23.49445915,56.7767601,43.32962036,2.402499914,0.0558628321
0.1447607994,0.13992969989999998,0.10910439489999998,0.11139810089999999,0.10791840550000001,0.030566468800000003,0.5777906895,0.02819363911111111,1.981197953,-0.2451455,0.876253486,0.008956655,78.02823639,238.1683044,998.2546997,20.50065041,20.22994995,19.67140961,21.29620934,23.50005913,56.73115921,43.36513138,2.352499962,0.055862838000000005
0.14481550459999998,0.1401716948,0.1090757966,0.11133209470000001,0.10791840550000001,0.0307941407,0.7036756992,0.02819530486111111,1.983926058,-0.246099204,0.878649712,0.0,78.02823639,237.3598938,998.2543945,20.50074959,20.23007011,19.67140961,21.29639053,23.5056591,56.68556976,43.40063858,2.077500105,0.055862838000000005
0.14504810569999999,0.14038380379999998,0.10904719830000001,0.11126600499999999,0.10791840550000001,0.0310937285,0.6650519848,0.02824066586111111,1.986654043,-0.247052893,0.881045818,-0.02112465,74.55007935,234.5957031,998.2540894,20.50083923,20.23019028,19.76552963,21.29656982,23.51125908,56.63996887,43.38954926,1.960000038,0.05586285
0.1453598022,0.140595901,0.10903999810000001,0.11119999890000001,0.10791840550000001,0.0313933194,0.5885196209,0.028290665944444446,1.991812944,-0.228336796,0.883441985,-0.00704155,73.39069366,229.559494,998.2537842,20.50094032,20.23031044,19.7968998,21.29674911,23.51685905,56.5943718,43.36291885,2.174999952,0.055862861900000005
0.14544210429999999,0.1407580018,0.10903999810000001,0.1113440037,0.10790050030000001,0.0315737098,0.7079672813,0.028348278472222224,1.997782946,-0.052142762,0.884734929,-0.023683021,73.39069366,227.737793,998.253479,20.50103951,20.23041916,19.7968998,21.29693031,23.52246094,56.5487709,43.3362999,2.295000076,0.05586286780000001
0.1456725001,0.1409034967,0.1091652036,0.11133470539999998,0.10783489939999999,0.0315144211,0.6822179794000001,0.028400249472222222,2.003752947,-0.184347793,0.885659873,-0.076416597,73.39069366,227.1376953,998.2531738,20.50114059,20.23053932,19.7968998,21.2971096,23.52806091,56.50318146,43.30966949,2.122499943,0.05586286780000001
0.14580880400000001,0.1409090996,0.10933209660000001,0.1112509012,0.1077554941,0.0315452695,0.8495932579,0.02843338861111111,2.009722948,-0.181844398,0.886585116,0.029591121,51.96475983,230.5991974,998.2529297,20.50123024,20.23065948,19.71829987,21.2972908,23.53366089,56.45758057,43.28305054,2.202500105,0.05586289169999999
0.1457280993,0.1408681989,0.10905200239999999,0.1114480972,0.1077669024,0.0317230612,0.7630437851,0.028407554638888888,2.015691996,0.268773496,0.887814105,-0.01114708,44.82278824,235.414505,998.2526245,20.50132942,20.23077965,19.69210052,21.29747009,23.53926086,56.41197968,43.25642014,2.231250048,0.05586289169999999
0.1459225059,0.1410609007,0.10889099840000001,0.11145559549999999,0.1078086019,0.0319324106,0.5026888847000001,0.02838072247222222,2.016200066,0.393110693,0.889144421,-0.063043557,44.82278824,236.6183014,998.2523804,20.50143051,20.23089981,19.69210052,21.29764938,23.54486084,56.36639023,43.22978973,2.206249952,0.0558628976
0.1460693002,0.1410125971,0.10914130209999999,0.1112069011,0.1077921033,0.0318479687,0.5527567863,0.02829794352777778,2.014887094,0.69376111,0.888232529,-0.05646655,44.82278824,231.6938019,998.2520752,20.50152969,20.23101044,19.69210052,21.29783058,23.55046082,56.32078934,43.20317078,2.335000038,0.0558628976
0.145816195,0.14085799459999998,0.1094990015,0.11127500530000001,0.10775619750000001,0.0315523505,0.5885196209,0.028177721222222223,2.013572931,0.021768119,0.886573017,-0.01287751,44.82278824,227.383194,998.25177,20.50163078,20.2311306,19.69210052,21.29800987,23.55606079,56.33351135,43.17654037,2.25999999,0.055862921499999996
0.1454471946,0.1402883053,0.1096598983,0.11146650309999999,0.10778549909999999,0.031218990699999997,0.6300044060000001,0.027950556,2.01225996,-0.183751807,0.884913623,0.0,57.12427902,229.0155945,998.2515259,20.50172043,20.23125076,19.65306091,21.29818916,23.56164932,56.36566925,43.14992142,2.339999914,0.055862921499999996
0.1448433995,0.1398561954,0.1095944047,0.1117885947,0.1078364015,0.030711838600000003,0.5584787846,0.02781577852777778,2.010946989,0.241116494,0.88325417,-0.030855419,61.22476959,232.3784943,998.2512207,20.50181961,20.23137093,19.64365959,21.29837036,23.5672493,56.39781952,43.15153122,2.057499886,0.0558629274
0.1444465995,0.139515996,0.1094751,0.1118044019,0.10788739919999998,0.0302792698,0.6221365929,0.027762809330555555,2.009633064,-0.081587881,0.881594777,-0.041908052,61.22476959,235.7413025,998.2509155,20.5019207,20.23148918,19.64849091,21.29854965,23.57284927,56.42998123,43.16255951,2.347500086,0.0558629274
0.144144702,0.1391759038,0.10957050319999999,0.11170350309999999,0.1079385042,0.029890879999999998,0.7000995159000001,0.027732014125,2.007672071,0.482638299,0.882570386,-0.042931382,61.22476959,236.0184937,998.2506104,20.50201988,20.23159981,19.65331078,21.29873085,23.57844925,56.46213913,43.17359161,2.24000001,0.0558629513
0.1437754035,0.1388357043,0.10941560269999999,0.1117730021,0.10798950199999999,0.0297112912,0.7630420208,0.02772009107777778,2.005494118,0.028920829,0.884424388,-0.0107968,61.22476959,235.2671051,998.2504272,20.50211906,20.23171997,19.65814018,21.29891014,23.58404922,56.4942894,43.1846199,2.069999933,0.0558629513
0.1433835983,0.1384955049,0.1095288038,0.11179720159999999,0.1080404997,0.0292824298,0.9096748352,0.027705523172222222,2.003317118,-0.176956803,0.886278391,0.0,45.50634003,238.0825043,998.2501221,20.50221062,20.23184013,19.66296005,21.29908943,23.5896492,56.52645111,43.19564056,2.407500029,0.055862957199999994
0.1432399035,0.13842949870000001,0.1093022943,0.11178749800000001,0.10809140209999998,0.0292206913,0.7687657833,0.027679364947222222,2.001138926,-0.197401494,0.888132274,-0.019634031,40.26686859,243.0923004,998.2498169,20.5023098,20.2319603,19.66778946,21.29927063,23.59524918,56.55860901,43.20666885,2.440000057,0.055862957199999994
0.1431789041,0.1384549022,0.10903700590000001,0.11161079410000001,0.1081042051,0.029316741200000003,0.5484652042,0.02766164355833333,1.998962045,-0.235787496,0.889986277,-0.067110077,40.26686859,239.5382996,998.2495117,20.50241089,20.23207092,19.67262077,21.29944992,23.60084915,56.59075928,43.21770096,2.079999924,0.0558629811
0.14337110520000002,0.138766098,0.10881049629999999,0.1115288973,0.1081042051,0.0295998186,0.5148481846,0.02764773898611111,1.996783972,-0.246814504,0.892375588,0.02407947,40.26686859,237.3482971,998.2492065,20.50251007,20.23218918,19.67744064,21.29962921,23.60644913,56.61009979,43.22872925,2.359999895,0.0558629811
0.14386579989999998,0.139172399,0.10893269779999999,0.11126079559999999,0.10799419880000001,0.0299452186,0.5041193962,0.027636313969444444,1.994606972,0.03488135,0.894943476,0.056576598,64.68466949,243.9105072,998.2489014,20.50260925,20.23230934,19.68227005,21.29981041,23.6120491,56.62516022,43.23976135,2.460000038,0.055862986999999996
0.1441669941,0.1393507004,0.10892080070000001,0.1112053037,0.1079365015,0.0302906305,0.5477499962,0.02762571758611111,1.992429018,-0.111033097,0.897511184,0.01394021,72.82393646,246.1600952,998.2485962,20.50270081,20.2324295,19.68709946,21.29999924,23.61764908,56.64022064,43.25078964,2.420000076,0.055862986999999996
0.1443796039,0.1394530058,0.10905790330000001,0.11124700309999999,0.1079084039,0.030327069800000002,0.6135534763,0.027615121205555555,1.990252018,-0.139882103,0.900079072,0.0,72.82393646,246.1105957,998.248291,20.50279999,20.23254967,19.69191933,21.3001709,23.62324905,56.65528107,43.2618103,2.109999895,0.055862999
0.1443853021,0.1395552993,0.1090816975,0.1112885952,0.10788029429999998,0.03039684,0.6407331944,0.0275985633,1.988073945,-0.216177195,0.900950909,0.0,72.82393646,241.9178009,998.2479858,20.50289917,20.23266029,19.69675064,21.30035973,23.62885094,56.67034149,43.27283859,2.309999943,0.055863010899999996
0.1443220019,0.139367497,0.1090420008,0.11133019920000001,0.10785219669999999,0.030512049800000003,0.6271432876999999,0.027583497366666668,1.98842597,-0.247291297,0.901257515,0.0,72.82393646,238.3939972,998.2476807,20.50300026,20.23278046,19.70157051,21.30054092,23.63443947,56.6853981,43.2838707,2.368750095,0.055863022799999995
0.1442587972,0.1393537998,0.1090021968,0.1113718987,0.10782409909999999,0.030403319,0.6235671043,0.027569588555555555,1.989621043,-0.247291297,0.901564002,0.0,64.23847198,238.5991974,998.2473755,20.50309944,20.23290062,19.74983978,21.30072021,23.64003944,56.70045853,43.29489899,2.313750029,0.055863028800000006
0.1441956043,0.13943040369999998,0.10903700590000001,0.1112789035,0.10779600140000001,0.0302199513,0.673635006,0.027568100822222222,1.990815997,-0.138928398,0.901870489,-0.034053478,61.37665176,238.3668976,998.2470703,20.50318909,20.23302078,19.76552963,21.30089951,23.64563942,56.71551895,43.30593109,2.075000048,0.055863028800000006
0.1441323042,0.139378798,0.10909659860000001,0.11114109750000001,0.10776779649999998,0.0302737504,0.6514620781,0.02755385928611111,1.992010951,-0.208309293,0.902177095,-0.080478594,61.37665176,237.6502991,998.2468872,20.50329018,20.23314095,19.76552963,21.3010807,23.6512394,56.73057938,43.31695938,2.082499981,0.0558630407
0.14406909939999998,0.1392845035,0.10889689920000001,0.111243701,0.10773969889999999,0.0304066002,0.5999637126999999,0.027551871405555556,1.993204951,-0.244549498,0.902483582,-0.02304248,61.37665176,232.4049988,998.246582,20.50338936,20.23324966,19.76552963,21.30125999,23.65683937,56.7456398,43.32798004,2.154999971,0.0558630526
0.1440598965,0.13923180100000002,0.108861196,0.11128629450000001,0.10773270130000001,0.0303798288,0.670773983,0.027573727502777777,1.998911977,-0.245980099,0.902790189,-0.06084438,61.37665176,227.3836975,998.2462769,20.50349045,20.23336983,19.76552963,21.30143929,23.66243935,56.76070023,43.31200027,2.07249999,0.0558630586
0.1440688014,0.1391929984,0.10890890360000001,0.11128209829999999,0.10773270130000001,0.0302998602,0.559194088,0.027689959208333333,2.006122112,-0.117589697,0.903096676,-0.02028146,73.39687347,226.9022064,998.2459717,20.50358963,20.23348999,19.76552963,21.30162048,23.66032028,56.77576065,43.28701019,2.032500029,0.0558630586
0.144077599,0.1391541004,0.1089565992,0.11127790209999999,0.10773270130000001,0.030219888700000003,0.7358675957,0.02785750072222222,2.01333189,-0.196984202,0.903403282,-0.05024267,77.4036026,227.7413025,998.2457275,20.50367928,20.23361015,19.76552963,21.30179977,23.65563011,56.75432968,43.26202011,2.127500057,0.0558630705
0.1440863967,0.1391152978,0.1090042949,0.1112735987,0.10773270130000001,0.0301399112,0.7072565079,0.027957861166666664,2.020543098,-0.243476599,0.903709829,-0.01674756,77.4036026,229.6759033,998.2454224,20.50378036,20.23372078,19.76552963,21.30197906,23.65094948,56.72072983,43.23703003,2.234999895,0.0558630824
0.1440953016,0.1394060016,0.10878369809999999,0.1112694979,0.10773270130000001,0.030328190300000002,0.5699237823,0.027965806333333332,2.021346092,0.072552033,0.904016316,0.0,77.4036026,230.2507935,998.2451172,20.50387955,20.23384094,19.76552963,21.30216026,23.64625931,56.68711853,43.21203995,2.027499914,0.055863088400000004
0.1443570971,0.1395954013,0.1086748958,0.1111963034,0.10773270130000001,0.0306058794,0.6450247765,0.027945276888888888,2.020013094,-0.129391596,0.904322922,0.0,77.4036026,231.8968964,998.244873,20.50398064,20.2339592,19.76552963,21.30233955,23.64156914,56.65351868,43.18704987,2.332499981,0.055863088400000004
0.1445584059,0.1397143006,0.10863319639999999,0.1111001015,0.10773270130000001,0.030883568500000003,0.5913805961999999,0.027940639916666666,2.018680096,-0.226310194,0.904629409,-0.033316031,65.7649231,234.6712036,998.2446289,20.50407982,20.23407936,19.76552963,21.30252075,23.63688087,56.61991882,43.16205978,2.137500048,0.0558631003
0.1447114944,0.1400606036,0.1085914016,0.11107610459999999,0.1076575994,0.03112396,0.5763601780000001,0.027913165611111113,2.017347097,-0.238708198,0.904936016,-0.01110534,61.88536072,235.0664978,998.2443237,20.50418091,20.23419952,19.76552963,21.30270004,23.6321907,56.58631134,43.1370697,2.32249999,0.055863112199999995
0.1450245976,0.1404824972,0.1085497022,0.11107610459999999,0.10760990379999999,0.0315449208,0.654323101,0.027891945305555554,2.008349895,-0.209143803,0.905780792,-0.020368811,61.88536072,233.006897,998.2440186,20.50427055,20.23431015,19.76552963,21.30287933,23.62750053,56.58992004,43.16133881,2.067500114,0.05586311819999999
0.1453910947,0.1407310963,0.1086377025,0.11097060439999999,0.1075796962,0.031782838699999996,0.7752067089,0.027868111916666664,1.996798992,-0.193050295,0.906804979,-0.006789605,61.88536072,230.4147949,998.2437134,20.50436974,20.23443031,19.76552963,21.30306053,23.62281036,56.60594177,43.20204163,2.11500001,0.05586311819999999
0.1454409003,0.1407243967,0.1087687969,0.1109617949,0.1075495005,0.0319383204,0.8245611191,0.02784161038888889,1.985247016,-0.02269759,0.907829285,0.0,68.74269867,229.7667999,998.2434082,20.50447083,20.23455048,19.90670967,21.30323982,23.61812973,56.62194824,43.24274063,2.079999924,0.055863130100000005
0.1453850985,0.1406517982,0.10883740189999999,0.11099699739999999,0.1075193048,0.0318494588,0.6457417965000001,0.027821415805555555,1.981068969,-0.161697701,0.90885359,-0.038813472,71.02848053,231.2868042,998.243103,20.50457001,20.23467064,19.95376968,21.30341911,23.61343956,56.63796997,43.28343964,2.019999981,0.055863142
0.1453294039,0.1405791998,0.10873299839999999,0.1110321045,0.10748909710000001,0.0318874687,0.5649160862,0.02780333413888889,1.979349017,-0.102330603,0.909877777,-0.073609032,71.02848053,229.0402985,998.2427979,20.50466919,20.2347908,19.95376968,21.30360031,23.60874939,56.65398026,43.32413101,2.295000076,0.055863147999999994
0.1452736974,0.1406155944,0.10857809780000001,0.11106729509999999,0.1074589014,0.031994920999999996,0.6915163994,0.027785222805555555,1.977630019,-0.04761273,0.913095117,-0.03876825,71.02848053,225.3692932,998.2426147,20.50476074,20.23489952,19.95376968,21.3037796,23.60405922,56.66999817,43.36483002,2.157500029,0.055863147999999994
0.1452178955,0.1403992057,0.10877180099999999,0.1109945059,0.1074287057,0.0318084508,0.9482988358,0.02777274449722222,1.975909948,0.448901504,0.917043388,-0.006181503,71.02848053,224.745697,998.2421875,20.50485992,20.23501968,19.95376968,21.3039608,23.59936905,56.68600845,43.40552902,2.289999962,0.0558631599
0.1450134039,0.1400864005,0.1088672042,0.110976398,0.10739849809999999,0.031524020400000005,0.8603240013000001,0.02775717841388889,1.981606007,0.443775386,0.920991719,-0.037923601,56.17873001,223.1755981,998.2418823,20.50495911,20.23513985,19.88318062,21.30414009,23.59468079,56.70203018,43.39105988,2.112499952,0.0558631718
0.144759202,0.1397737026,0.1091055989,0.11098849770000001,0.10740549559999998,0.0310414195,0.6743521214,0.027744926877777777,1.989773989,0.176027298,0.924939871,-0.068921849,51.2288208,222.6195068,998.2415771,20.5050602,20.23526001,19.85964966,21.30431938,23.58999062,56.71804047,43.35820007,2.119999886,0.0558631778
0.1445050001,0.1394610047,0.10896849630000001,0.11100050210000001,0.1074249983,0.030851098900000002,0.5849431992,0.027721415625,1.997941971,-0.060010679,0.929558814,-0.065789938,51.2288208,222.2830048,998.241394,20.50515938,20.23537064,19.85964966,21.30450058,23.58530045,56.73405838,43.32534027,2.13499999,0.0558631778
0.144293201,0.1392392993,0.10887459520000001,0.1110126019,0.10744450089999999,0.030536949600000002,0.5398821831,0.02769955741111111,2.006110907,-0.213912204,0.934401214,-0.053455371,51.2288208,221.8343048,998.2410889,20.50525093,20.2354908,19.85964966,21.30467987,23.58061981,56.75006866,43.29248047,2.069999933,0.0558631897
0.14409539700000001,0.13904800420000002,0.1088448048,0.1110247016,0.1074640036,0.0304546207,0.619990778,0.027690622541666668,2.014278889,-0.233582005,0.939243615,-0.01259293,51.2288208,224.8251038,998.2407837,20.50535011,20.23560905,19.85964966,21.30485916,23.57592964,56.76609039,43.25962067,2.17750001,0.0558632016
0.1440459967,0.13885669709999998,0.10881509780000001,0.1110368013,0.1074834943,0.030209401200000003,0.7401536942,0.02767340342222222,2.016988039,-0.242761299,0.944086015,0.0,59.58240128,234.7754059,998.2404785,20.5054493,20.23572922,19.67140961,21.30504036,23.57123947,56.78210068,43.22676849,2.279999971,0.0558632076
0.14367870089999998,0.1385918021,0.10878520009999999,0.11104890110000001,0.10750299690000001,0.0300907612,1.016967964,0.02765220853888889,2.017878056,-0.136067405,0.946176291,0.035849359,62.36692047,243.4087982,998.2401733,20.50555038,20.23584938,19.60866928,21.30521965,23.5665493,56.79811859,43.19390869,2.202500105,0.0558632076
0.1433174014,0.1384698033,0.1085453033,0.1110610008,0.1075224996,0.0300440013,0.6936655998,0.02764691035,2.018768072,-0.2080708,0.94734931,-0.021451119,62.36692047,245.2958984,998.2399292,20.50564957,20.23596001,19.60866928,21.30540085,23.56185913,56.81412888,43.16104889,2.132499933,0.055863219500000005
0.1433881998,0.1386181951,0.1084678054,0.1110731006,0.10754200220000001,0.0299972296,0.7859354973,0.027628036075,2.019658089,-0.245503098,0.945646882,-0.01113364,62.36692047,245.6988068,998.239624,20.50573921,20.23608017,19.60866928,21.30558014,23.55717087,56.8301506,43.12818909,2.157500029,0.055863231400000005
0.1435886025,0.1388380051,0.1083783984,0.1108922005,0.107504499,0.0301683009,0.8209848404000001,0.027606345283333333,2.014105082,-0.246933699,0.942986071,-0.0256884,62.36692047,237.6087036,998.2393799,20.5058403,20.23620033,19.60866928,21.30575943,23.5524807,56.84616089,43.14476013,2.170000076,0.0558632374
0.1437891006,0.138972497,0.1083485961,0.11064690349999999,0.10744190220000001,0.0304119796,0.6249993801,0.027585813733333332,2.006406069,-0.180413902,0.94032532,-0.0085628,53.36022186,233.1069031,998.2390747,20.50593948,20.2363205,19.63220024,21.30594063,23.54780006,56.8621788,43.17779922,2.357500076,0.0558632374
0.14387650489999998,0.1390784025,0.1083485961,0.1106096983,0.1073773026,0.030560278899999998,0.6414484978,0.027572731441666668,1.998705983,-0.221064895,0.937664628,-0.046509411,50.35799026,230.759903,998.2387695,20.50604057,20.23642921,19.64003944,21.30611992,23.54310989,56.87818909,43.21083832,2.464999914,0.055863249299999994
0.1439262033,0.1390498996,0.1085988998,0.11064189669999999,0.10736119749999999,0.030464229,0.6671977043,0.027550216250000002,1.991006017,-0.241330802,0.935003817,-0.071431413,50.35799026,229.8896027,998.2385254,20.50613976,20.23654938,19.64003944,21.30629921,23.53841972,56.89421082,43.24388123,2.247499943,0.0558632612
0.14376499650000002,0.1366127968,0.1085482955,0.11067399979999999,0.10736119749999999,0.030510601399999997,0.6908011913000001,0.027532666525000003,1.983307004,-0.193527102,0.932342887,-0.018642761,50.35799026,229.5113983,998.2382202,20.50624084,20.23666954,19.64003944,21.30648041,23.53372955,56.9102211,43.27692032,2.278749943,0.0558632672
0.1435335994,0.1376273036,0.10836950540000001,0.1107066989,0.10736119749999999,0.028246268600000003,0.7051063061,0.0275180965,1.98208499,-0.224164397,0.929682076,0.0,71.39923096,233.7633972,998.237915,20.50633049,20.2367897,19.76415062,21.3066597,23.52903938,56.92623901,43.30995941,2.423749924,0.0558632672
0.143425703,0.138438797,0.1084678054,0.1107396007,0.10736119749999999,0.029159471399999998,0.8317118645000001,0.027519418927777775,1.983024001,-0.245383903,0.927021384,-0.025043899,78.41297913,235.2122955,998.2376099,20.50642967,20.23690987,19.8055191,21.3068409,23.52434921,56.9422493,43.3429985,2.182499886,0.055863279099999996
0.1432032943,0.1384057999,0.10847970250000001,0.1107723951,0.10736119749999999,0.0299948514,0.8538866043000001,0.027509153152777778,1.983960986,0.004840162,0.924360573,-0.03137061,78.41297913,236.3665009,998.2373047,20.50653076,20.23702049,19.8055191,21.30702019,23.51966095,56.95827103,43.37604141,2.194999933,0.055863291
0.14322340490000002,0.1383942008,0.1084319949,0.1108052969,0.10736119749999999,0.0300961405,0.637158823,0.02748829523611111,1.984899998,0.161483496,0.923336029,-0.028675601,78.41297913,236.1488037,998.2371216,20.50662994,20.23714066,19.8055191,21.30721092,23.51497078,56.97428131,43.40908051,2.282500029,0.0558633029
0.1433416963,0.1384237051,0.1083842993,0.1106670976,0.1073459983,0.0301084489,0.5734992981,0.027477696736111112,1.985836983,0.002932776,0.922856688,-0.02598059,78.41297913,235.3453979,998.2368164,20.50672913,20.23726082,19.8055191,21.30738068,23.51029015,56.99029922,43.38962936,2.089999914,0.0558633029
0.1433364987,0.1384531975,0.10839029549999998,0.11064310070000001,0.10731159450000001,0.0301207811,0.6893705845,0.02745021184166667,1.992162943,-0.01435283,0.922377527,-0.00632671,62.07329941,234.5420074,998.2365112,20.50682068,20.23737907,19.80057907,21.3075695,23.50559998,57.01274109,43.35269165,2.170000076,0.0558633089
0.14328999520000002,0.13844540119999998,0.1084141016,0.11067630049999999,0.1072726011,0.0301330894,0.6435943127,0.02744358698611111,2.00028491,-0.126768902,0.921898305,-0.050635699,56.62673187,233.7386017,998.236084,20.50691986,20.23749924,19.79398918,21.30773926,23.50090981,57.03731918,43.31575012,2.220000029,0.055863320800000005
0.1432435036,0.1384250998,0.1083039045,0.1107094049,0.1072335958,0.030145409699999997,0.5663466930000001,0.02743829091388889,2.008407116,0.228599399,0.921419084,-0.016878569,56.62673187,232.9353027,998.2359009,20.50702095,20.23760986,19.78741074,21.30792999,23.49621964,57.06190872,43.27880859,2.047499895,0.055863332700000004
0.14331840280000002,0.1386240959,0.10814889670000001,0.11061270240000001,0.10719460249999999,0.0301947892,0.6142687797999999,0.027430343627777777,2.016529083,0.187710002,0.920939922,0.0,56.62673187,230.838501,998.2355957,20.50712013,20.23773003,19.78082085,21.30810928,23.49152946,57.08649063,43.24187088,2.140000105,0.055863332700000004
0.1434337974,0.13867139820000002,0.10834259989999999,0.11047259570000001,0.1071555018,0.030256509799999998,0.7666235924,0.027442266675,2.017118931,0.085546069,0.920460582,-0.055143081,56.62673187,227.8717041,998.2352905,20.50721931,20.23785019,19.77424049,21.30829048,23.48683929,57.11108017,43.20492935,2.190000057,0.0558633387
0.1435492039,0.1388221025,0.10818769930000001,0.1104501009,0.1071164966,0.0304573506,0.6686299801,0.027430013022222224,2.015197992,-0.140597403,0.91998142,-0.018381029,57.13325882,224.7586975,998.2349854,20.50731087,20.23797035,19.7676506,21.30846977,23.48214912,57.13566971,43.16799164,2.092499971,0.05586335059999999
0.1437194943,0.1390323043,0.1081280947,0.1104668021,0.10707750320000001,0.0307045609,0.6621909142,0.027424880133333333,2.013277054,-0.232866794,0.920112014,0.0,57.30210114,227.0238953,998.2346802,20.50741005,20.23807907,19.76107025,21.30864906,23.4774704,57.16025162,43.13105011,2.067500114,0.0558633626
0.14390820259999998,0.1392424941,0.10815190079999999,0.1104573965,0.1070384979,0.030951771099999997,0.6135534763,0.027425539227777778,2.011356115,0.190094203,0.920445681,-0.055925101,57.30210114,228.6793976,998.234375,20.50750923,20.23819923,19.75448036,21.30883026,23.47278023,57.18482971,43.14699936,2.077500105,0.0558633626
0.1440968037,0.13926620480000002,0.10817569490000001,0.11043920519999999,0.1069995046,0.0310883611,0.6571840763,0.02745054245,2.006243944,0.076366827,0.920779526,-0.018641699,57.30210114,229.5339966,998.2340698,20.50761032,20.2383194,19.74790001,21.30900955,23.46809006,57.20941925,43.18058014,2.207499981,0.055863368499999996
0.14415800569999998,0.1392277002,0.1082532048,0.1104210973,0.10698970560000001,0.031014290500000003,0.7237029076,0.02754425472777778,2.000066996,-0.183155805,0.921113312,-0.035192631,57.30210114,228.6452026,998.2338257,20.5077095,20.23843956,19.74131012,21.30919075,23.46339989,57.23400116,43.21416855,2.474999905,0.055863380399999996
0.1441766977,0.1391891956,0.1083485961,0.11040290589999999,0.10698970560000001,0.0308822811,0.8009558677999999,0.02768101586111111,1.993891001,-0.245026395,0.921446979,-0.01173088,62.60317993,225.5682983,998.2335815,20.50779915,20.23855972,19.73472023,21.30937004,23.45870972,57.23859024,43.24776077,2.467499971,0.0558633924
0.1441954017,0.1393378019,0.10822939869999999,0.11042809490000001,0.10698970560000001,0.031008881300000003,0.7895081997,0.02774393293611111,1.987715006,0.082327381,0.921780825,-0.065581553,64.37020111,221.9557953,998.2332764,20.50790024,20.23867035,19.72813988,21.30954933,23.45401955,57.23651886,43.28134155,2.230000019,0.0558633924
0.14421399829999998,0.1395488024,0.10803869960000001,0.1104676008,0.10698970560000001,0.0312216789,0.7744861126,0.027741199069444444,1.981538057,-0.101734601,0.919745326,0.0230667,64.37020111,220.6636047,998.2329712,20.50799942,20.23879051,19.72154999,21.30973053,23.45388031,57.23445129,43.31492996,2.00999999,0.0558633983
0.14439120290000002,0.1397598028,0.10801910159999999,0.11035699839999999,0.10698970560000001,0.0314344913,0.6593298912,0.027725635105555556,1.981214046,-0.232509196,0.916920006,0.007734404,64.37020111,226.3768005,998.2327271,20.50810051,20.23891068,19.71496964,21.30990982,23.45524979,57.23236847,43.34851074,2.005000114,0.0558634102
0.1446212053,0.1399708033,0.10805660489999999,0.1101963043,0.10698970560000001,0.0316472888,0.6643366814,0.02771007537777778,1.982841015,-0.139047697,0.914094687,-0.06182367,62.2938385,230.297699,998.2324219,20.50819969,20.23903084,19.70837975,21.31008911,23.45663071,57.2303009,43.38209915,2.154999971,0.0558634222
0.1446787,0.1399592996,0.1080940008,0.11022590400000001,0.10693420170000001,0.0318600893,0.7000994205,0.02769451141388889,1.984467983,-0.185063198,0.911269426,-0.0198033,61.6017189,230.9553986,998.2321167,20.50828934,20.23914909,19.70179939,21.31027031,23.45800018,57.22822189,43.41567993,2.335000038,0.0558634222
0.144638896,0.1398736954,0.10813150410000001,0.1103189945,0.10687919859999999,0.0318222493,0.5978178977999999,0.027676713730555556,1.986093998,0.01437703,0.906239271,0.0,61.6017189,232.0276031,998.2318115,20.50839043,20.23925972,19.6952095,21.3104496,23.4593792,57.22615051,43.39783859,2.042500019,0.0558634281
0.1445858002,0.1397879958,0.10816889999999998,0.11041209700000001,0.1068902016,0.0317008704,0.7415896893,0.027658170063888887,1.991891026,0.270800114,0.90047431,-0.036415111,61.6017189,232.6184998,998.2316284,20.50848961,20.23937988,19.68862915,21.3106308,23.46075058,57.22407913,43.36285019,2.297499895,0.05586344
0.1445327044,0.13970240350000002,0.1082064033,0.11038229470000001,0.1069211006,0.0315794885,0.7802099228,0.02764956156388889,1.999078035,0.273899615,0.894709229,-0.032159518,61.6017189,230.8894958,998.2313232,20.5085907,20.23950005,19.68203926,21.31081009,23.46212006,57.22200012,43.32786942,2.367500067,0.055863452
0.1444795966,0.1396810055,0.1082437992,0.1103116035,0.10695190429999998,0.031458100700000005,0.680787611,0.027637307908333335,2.006264925,0.291304499,0.888944089,-0.096496791,69.0769577,225.9640961,998.2310181,20.50868988,20.23962021,19.67546082,21.31098938,23.46349907,57.23746109,43.29288101,2.109999895,0.055863452
0.1444265008,0.1396478057,0.1081817031,0.11035959719999999,0.10698280330000001,0.0314992905,0.5749298096000001,0.027622737883333335,2.013452053,-0.1088873,0.885907888,-0.093970701,71.5687027,218.5550995,998.2307129,20.50877953,20.23973083,19.67380905,21.31117058,23.46487045,57.25875854,43.25790024,2.262500048,0.0558634579
0.1443735003,0.1395120978,0.108247304,0.1104472041,0.1070135951,0.031321808699999995,0.7000995159000001,0.02761412726388889,2.020638943,-0.246695295,0.883781075,-0.059579499,71.5687027,216.5657043,998.2304077,20.50888062,20.23984909,19.67380905,21.31134987,23.46623993,57.28007126,43.22291183,2.19749999,0.055863469799999996
0.144183898,0.13934589619999999,0.1083665013,0.11053489450000001,0.10704439880000001,0.031053370200000003,0.7458757877,0.027592601775,2.02147007,-0.174215004,0.881654382,-0.01274543,71.5687027,214.0377045,998.2301025,20.5089798,20.23996925,19.67380905,21.31152916,23.46762085,57.30136871,43.18793106,2.24000001,0.0558634818
0.144144702,0.1391798019,0.1084856987,0.1106225014,0.1070752978,0.030784940700000003,0.7036756992,0.02758001751388889,2.020183086,-0.222614601,0.881398618,-0.019810511,71.5687027,217.7752075,998.2297974,20.50908089,20.24008942,19.67380905,21.31171036,23.46899033,57.32268143,43.15293884,2.082499981,0.055863487700000006
0.1439134002,0.1390136003,0.10839920039999999,0.11054099799999999,0.1071061015,0.0307083398,0.7093977928,0.027558161416666668,2.018894911,-0.211408794,0.881766379,-0.006603505,59.75569153,225.6362,998.2294922,20.50918007,20.24020958,19.62495041,21.31188965,23.47036934,57.34397888,43.11796188,2.154999971,0.055863487700000006
0.1438212037,0.1391037941,0.1082442999,0.11066869500000001,0.1071370006,0.030695700599999997,0.6965231894999999,0.027531672583333333,2.017607927,-0.235370204,0.882134318,-0.035720378,55.81801987,227.2783966,998.229187,20.50926971,20.24032021,19.61128044,21.31207085,23.47174072,57.36528015,43.13354874,2.222500086,0.0558634996
0.1440502048,0.13906799549999999,0.1084022045,0.11055129770000001,0.10716780420000001,0.0306830496,0.7136892796,0.027532997130555556,2.011488914,0.113560699,0.882502079,0.037284579,55.81801987,229.7295074,998.2288818,20.5093708,20.24044037,19.61477089,21.31225014,23.4731102,57.38658905,43.16601181,2.252500057,0.055863511600000006
0.1437950015,0.1389616966,0.1083783984,0.11048279999999999,0.1071755052,0.0306289107,0.603539896,0.027513792250000002,2.003758907,-0.117351197,0.882870018,0.040624429,55.81801987,230.5986938,998.2285767,20.50946999,20.24056053,19.61824989,21.31242943,23.47448921,57.40789032,43.19845963,2.049999952,0.0558635175
0.1438070059,0.1389377952,0.1085631967,0.11063950060000001,0.1071755052,0.030378291,0.7616168022,0.02750054677222222,1.996029019,-0.244787902,0.883237779,0.068149649,57.53596878,246.0115051,998.2282715,20.50956917,20.24068069,19.62174034,21.31261063,23.4758606,57.42919922,43.23091888,2.332499981,0.0558635175
0.1437562943,0.1387384057,0.1083842993,0.11063480379999999,0.1071755052,0.0304519892,0.7566063881,0.02748514811111111,1.988299012,0.055027999,0.883605719,0.044528361,58.10861969,254.2967987,998.2280884,20.50967026,20.24080086,19.62523079,21.31278992,23.47723007,57.45050049,43.26337051,2.262500048,0.0558635294
0.1436341047,0.1387915015,0.1080505013,0.11071059700000001,0.1071755052,0.0306540906,0.5549025059,0.027467265658333333,1.980569005,0.175431296,0.884828687,0.02041978,58.10861969,251.3674011,998.2277832,20.5097599,20.24090958,19.62870979,21.31296921,23.47860909,57.47180939,43.29582977,2.200000048,0.05586354140000001
0.14380450250000001,0.1391144037,0.1080744028,0.11050950289999999,0.1071755052,0.0307092607,0.7036756992,0.02746577792777778,1.97894299,-0.1378555,0.886336982,0.004083955,58.10861969,246.0626984,998.227478,20.50985909,20.24102974,19.63220024,21.31315041,23.47998047,57.49311066,43.32828903,2.140000105,0.055863547300000004
0.1440726042,0.1391710997,0.1083961964,0.11036870480000001,0.1071755052,0.0307154506,0.7923727989,0.027479682497222224,1.979351044,-0.245503098,0.887845218,0.02023435,58.10861969,244.736496,998.2271729,20.50996017,20.2411499,19.63567924,21.3133297,23.48134995,57.51440811,43.36074066,2.157500029,0.055863547300000004
0.14390900140000001,0.1389593959,0.1085988998,0.1105167985,0.1071755052,0.030588808699999998,0.8567476273000001,0.02748299492777778,1.979758978,-0.246933699,0.889353275,0.006744782,66.68747711,240.0653992,998.2269287,20.51005936,20.24127007,19.63916969,21.31351089,23.48273087,57.53572083,43.39319992,2.3125,0.0558635592
0.1436015964,0.1386939049,0.1084738016,0.1107424974,0.1071755052,0.0304179013,0.7344336033000001,0.027472727033333335,1.985573053,0.266985387,0.890861571,0.0,69.54709625,235.1833038,998.2266235,20.51016045,20.24138069,19.6426506,21.31369019,23.48410034,57.55701828,43.37585831,2.390000105,0.055863571199999996
0.1432942986,0.1386139035,0.108259201,0.11080729959999999,0.1071755052,0.030410251,0.7902270793999999,0.027475378247222224,1.993188024,-0.074435256,0.892369688,-0.04044605,69.54709625,232.5184021,998.2263184,20.51025009,20.24150085,19.64613914,21.31386948,23.48547935,57.57831955,43.34193039,2.167500019,0.05586357709999999
0.1435973048,0.13872439860000002,0.1083127975,0.1108186007,0.10723810199999999,0.030283158999999997,0.7258504868,0.02749326070277778,2.000802994,0.104023799,0.893877923,0.017638231,69.54709625,233.1540985,998.2260742,20.51034927,20.24161911,19.64962006,21.31405067,23.48685074,57.59962845,43.30799103,2.067500114,0.05586357709999999
0.1437157035,0.1388777971,0.108455801,0.1106865048,0.1072698951,0.0303519905,0.7380080223000001,0.027619756063888886,2.008419037,-0.08993265,0.896579623,0.01037342,69.54709625,234.6934967,998.2258301,20.51045036,20.24173927,19.6531105,21.31422997,23.48822021,57.62092972,43.2740593,2.007499933,0.055863589000000005
0.1437047958,0.1389428973,0.10842909810000001,0.11065930129999998,0.1072844982,0.0305054396,0.7787828922,0.027731683519444446,2.016033888,0.372725606,0.899679124,-0.112969801,55.18378067,227.8462067,998.2255249,20.51054955,20.24185944,19.65660095,21.31440926,23.48959923,57.62712097,43.24013138,2.380000114,0.055863601
0.1436939001,0.1389785051,0.1083456993,0.11068300010000001,0.10729910140000001,0.0305347115,0.600680685,0.02776049084166667,2.016055107,0.391203314,0.902778625,0.007042507,50.39601135,225.4355011,998.2252197,20.51065063,20.24197006,19.66007996,21.31459045,23.49097061,57.62826157,43.20619965,2.1875,0.055863612900000005
0.14379459619999999,0.13907829519999998,0.1083963037,0.1107066989,0.1073137045,0.030522579,0.654323101,0.027754200830555555,2.013545036,-0.094701096,0.905878127,-0.02089374,50.39601135,219.3365021,998.2249146,20.51074028,20.24209023,19.6635704,21.31476974,23.49234009,57.62940979,43.17226028,2.342499971,0.055863612900000005
0.14393249749999998,0.13919939990000002,0.10849169489999999,0.11075340510000001,0.10732829569999999,0.030632329000000003,0.7508825779,0.02774360656666667,2.011034966,-0.006008036,0.908977628,-0.048756909,50.39601135,224.1632996,998.2246094,20.51083946,20.24221039,19.66704941,21.31495094,23.4937191,57.63055038,43.13832855,2.414999962,0.0558636189
0.1440703034,0.1393942952,0.10833669900000001,0.1108078003,0.1073428988,0.030970099600000002,0.5899500847,0.027726052602777777,2.008523941,-0.01065728,0.912077129,0.02900577,50.39601135,231.2924957,998.2243042,20.51094055,20.24233055,19.67053986,21.31513023,23.49509048,57.63169861,43.14992905,2.117500067,0.055863630799999994
0.1442639947,0.1396137953,0.1080983043,0.1107766032,0.10735750200000001,0.0313703209,0.48480749129999995,0.02770618438611111,2.004458904,-0.182440504,0.911494672,-0.0167726,45.26539993,233.7920074,998.223999,20.51103973,20.24243927,19.78906059,21.31531906,23.4964695,57.6328392,43.17668915,2.25999999,0.05586364270000001
0.14447619920000002,0.13964289430000001,0.1081758022,0.11071690320000001,0.10728770489999999,0.031400778899999995,0.5770754814,0.02768631405277778,1.999874949,0.203207403,0.909685075,0.02914333,43.55519867,234.9723053,998.2238159,20.51114082,20.24255943,19.8282795,21.31549072,23.49784088,57.63399124,43.20346069,2.272500038,0.05586364270000001
0.14452220200000002,0.13960859779999998,0.1083585024,0.11065709589999999,0.1072746038,0.0313079894,0.5978178977999999,0.027676381005555556,1.995290995,-0.073839203,0.907875478,-0.02579432,43.55519867,233.677597,998.2233887,20.51123047,20.2426796,19.8282795,21.31567955,23.49921036,57.63513947,43.23022842,2.039999962,0.055863648700000004
0.1445127964,0.1395742059,0.1085412979,0.11073199510000001,0.10728969569999999,0.0312151998,0.5992484093,0.027669758266666667,1.990707994,-0.239065796,0.906065822,-0.067924976,43.55519867,233.1475983,998.2230835,20.51132965,20.24279976,19.8282795,21.31586075,23.50058937,57.63628006,43.25699997,2.067500114,0.0558636606
0.1442850947,0.1393718958,0.10847970250000001,0.1108517051,0.10730479959999999,0.031122410299999997,0.5713533878,0.027642275491666667,1.986124039,-0.187208995,0.902210176,-0.089333713,61.55857849,221.9355011,998.2227783,20.51143074,20.24291992,19.78121948,21.31604004,23.50196075,57.63742065,43.28376007,2.234999895,0.055863672499999996
0.1441624045,0.1392613053,0.10833669900000001,0.11097149850000002,0.1073199987,0.0310296208,0.5312991142000001,0.027618266211111114,1.981539965,-0.227263898,0.897672474,-0.089113638,67.55970764,215.9618073,998.2225952,20.51152992,20.24303055,19.76421928,21.31621933,23.50333023,57.65369034,43.31053162,2.325000048,0.055863672499999996
0.1440989017,0.139199996,0.1084975958,0.11094419959999999,0.10733510260000001,0.030783051299999996,0.577075386,0.027597732544444444,1.984557986,-0.203659996,0.893134892,-0.021814059,67.55970764,218.3188934,998.22229,20.5116291,20.24315071,19.76247978,21.31640053,23.50470924,57.67498016,43.33729935,2.444999933,0.0558636785
0.1438915014,0.1390126944,0.1085239053,0.11086800100000001,0.1073503017,0.0306969404,0.5913805961999999,0.02759061601388889,1.990108967,-0.208070904,0.88859719,-0.066349,67.55970764,222.4555969,998.2219849,20.51172066,20.24327087,19.76074028,21.31657982,23.50608063,57.69628906,43.36407089,2.375,0.0558636904
0.14388990399999999,0.1390705943,0.1084714055,0.11087019440000001,0.1073654056,0.030503219399999996,0.5019735812999999,0.027574060227777777,1.99566102,-0.196149796,0.884059608,-0.061827108,67.55970764,223.3582001,998.2216797,20.51181984,20.24338913,19.75900078,21.31675911,23.5074501,57.71759033,43.34936905,2.309999943,0.0558637023
0.1439730048,0.1392241955,0.10841890569999998,0.11089849469999999,0.10740460160000001,0.03060022,0.4898141861,0.0275707478,2.001211882,-0.219753593,0.880616307,0.0101218,46.22871017,231.9290009,998.2213745,20.51192093,20.24350929,19.75724983,21.31694031,23.50882912,57.73888016,43.32085037,2.42750001,0.0558637023
0.1441377997,0.1393777966,0.1083665013,0.110926795,0.1074517012,0.030813929400000002,0.48266167639999996,0.02755253685833333,2.006763935,-0.241807595,0.877537787,0.071774691,39.1183815,243.4152069,998.2211304,20.51202011,20.24361992,19.75551033,21.3171196,23.5102005,57.76018906,43.29232025,2.5,0.0558637083
0.1443299055,0.13956489560000002,0.1083140016,0.1107934952,0.1074507952,0.031027638899999998,0.4461835861,0.02753432167777778,2.012315989,-0.2351318,0.874459326,0.021329479,39.1183815,247.1564026,998.2208252,20.51211929,20.24374008,19.75377083,21.3173008,23.51157951,57.78149033,43.26380157,2.202500105,0.0558637202
0.144521904,0.1397632003,0.108354497,0.11076140400000001,0.10743379589999999,0.0312413514,0.5835126877000001,0.027513457405555556,2.017867088,0.749432921,0.871380806,0.0,39.1183815,243.2344971,998.2205811,20.51221085,20.24386024,19.75201988,21.31748009,23.5129509,57.80278015,43.23527145,1.957499981,0.055863732099999994
0.1445672989,0.1399615049,0.1084439993,0.110781002,0.1074167967,0.0313522309,0.5942416191000001,0.027504853141666667,2.017723083,0.103666298,0.868302286,0.0,39.1183815,237.6188049,998.2202759,20.51231003,20.24398041,19.75028038,21.31765938,23.51432037,57.82408905,43.20674896,2.345000029,0.055863732099999994
0.1445639014,0.1397982955,0.10853929520000001,0.1108006001,0.10739979740000001,0.0314288199,0.6586145878,0.027487964630555556,2.015680075,-0.145484999,0.867260873,-0.056072421,60.86098099,235.4750061,998.2199707,20.51240921,20.24408913,19.74854088,21.31784058,23.51569939,57.84539032,43.17823029,2.347500086,0.055863738100000004
0.1445603967,0.13974699969999999,0.1084826946,0.1109464049,0.1073827982,0.0313424706,0.5491805077,0.0274846522,2.013637066,0.213578805,0.866898417,-0.01869081,68.10851288,234.4884949,998.2197266,20.5125103,20.24420929,19.74678993,21.31801987,23.51707077,57.86668015,43.14970016,2.112499952,0.055863750000000004
0.1445569992,0.1398774028,0.10837539430000001,0.1109238029,0.1074591994,0.0314028114,0.5134177207999999,0.02748133977222222,2.011594057,0.693999588,0.866536021,0.0,68.10851288,233.5019073,998.2194214,20.51260948,20.24432945,19.74505043,21.31819916,23.51844025,57.88798904,43.17007065,2.335000038,0.055863761899999996
0.14478410479999998,0.1400424004,0.1084231019,0.11083090309999999,0.10747890470000002,0.031530150800000004,0.5258154869,0.027504851022222224,2.004864931,0.056339331,0.866173625,0.0,68.10851288,234.3730927,998.2191162,20.51269913,20.24444962,19.74331093,21.31838036,23.51981926,57.90927887,43.20672989,2.4375,0.055863761899999996
0.14487320180000002,0.1399364948,0.1085224986,0.1108571053,0.1074694991,0.0315308899,0.5382133007000001,0.02760353088333333,1.996574998,-0.157167703,0.865811229,-0.031982329,68.10851288,234.2239075,998.218811,20.51280022,20.24456978,19.74156952,21.31855965,23.52119064,57.93058014,43.24340057,2.342499971,0.05586376790000001
0.1446599007,0.1397403002,0.10862179990000001,0.11092300420000001,0.1074848056,0.0312839091,0.6035399914,0.027734998066666666,1.988283992,0.242785498,0.865448773,0.039393969,72.77970123,233.5283051,998.2185059,20.5128994,20.2446804,19.73982048,21.31874084,23.52256966,57.88233185,43.28005981,2.369999886,0.0558637798
0.1444741011,0.1396656036,0.1087211967,0.110988903,0.1075083971,0.030968430600000003,0.6114078045,0.027852221583333333,1.979994059,0.450689703,0.864944577,-0.05001476,74.33676147,232.8325958,998.2183228,20.51300049,20.24480057,19.73807907,21.31892014,23.52393913,57.8108902,43.31671906,2.382499933,0.0558637917
0.1443232059,0.1393201947,0.108820498,0.11105480190000001,0.1075320005,0.0308103412,0.5277227878999999,0.027950583555555554,1.979424,0.614366472,0.864393175,-0.017677089,74.33676147,232.1369019,998.2180176,20.51309967,20.24492073,19.73633957,21.31909943,23.52531052,57.73945999,43.35338974,2.222500086,0.0558637917
0.1442855,0.1390907049,0.1089198947,0.1111206055,0.107555604,0.0303934306,0.4218649864,0.028029721583333334,1.981428027,0.587186515,0.863841772,0.077330656,74.33676147,234.3101044,998.2177124,20.51320076,20.24504089,19.73459053,21.31928062,23.52668953,57.66801834,43.39004898,2.214999914,0.055863797699999995
0.14382020239999999,0.13893450499999999,0.1089267969,0.11118990179999999,0.107625699,0.0301453799,0.4297327995,0.02810388988888889,1.983430982,-0.037956629,0.863290429,0.02527065,70.42167664,235.0924988,998.2172852,20.51329041,20.24515915,19.5781002,21.31945992,23.52806091,57.59658051,43.42670822,2.297499895,0.0558638096
0.1436748981,0.1387783051,0.1089030027,0.11126019949999999,0.1077113032,0.0299881995,0.4755092144,0.028178056083333333,1.985435009,-0.155975699,0.862739027,0.05295356,69.11665344,241.0711975,998.2171021,20.51338959,20.24526978,19.52607918,21.31963921,23.52943039,57.5251503,43.40808868,2.342499971,0.0558638215
0.1436879992,0.13875340220000001,0.1087002993,0.1113306046,0.10773270130000001,0.0300305486,0.42472600939999994,0.02824130588888889,1.99119699,0.278787315,0.862187624,0.017651189,69.11665344,241.7532959,998.2167969,20.51349068,20.24538994,19.52607918,21.3198204,23.5308094,57.45370865,43.37104034,2.289999962,0.0558638215
0.143701005,0.138933301,0.1086794019,0.11125999689999999,0.10773270130000001,0.0301394194,0.5820823193,0.028311833277777778,1.99821198,-0.040340871,0.861636221,0.01992177,69.11665344,238.1786957,998.2164917,20.51358986,20.2455101,19.52607918,21.31999969,23.53348923,57.38227081,43.33398056,2.164999962,0.0558638275
0.14391620160000002,0.1391669989,0.1087389946,0.1111425042,0.10773270130000001,0.0302482903,0.525577116,0.028386027027777778,2.005227089,-0.166943103,0.861084819,0.00664059,69.11665344,233.9953003,998.2161865,20.51369095,20.24563026,19.52607918,21.32018089,23.53661919,57.31084061,43.29692841,2.160000086,0.055863839400000004
0.1441987991,0.1394006014,0.10879859919999998,0.1111507058,0.10773270130000001,0.0304675996,0.5727838993,0.028450277111111113,2.012242079,0.574549973,0.860533416,-0.05660671,68.20606995,229.8119049,998.2158813,20.51378059,20.24574089,19.52894974,21.32036018,23.53974915,57.23939896,43.25988007,2.319999933,0.0558638513
0.1442769051,0.1394623995,0.1088582039,0.1112009048,0.10773270130000001,0.0304998308,0.5692076206000001,0.02851963891666667,2.019257069,0.654779077,0.859982014,-0.04717226,67.90254211,228.1313019,998.2155762,20.51387978,20.24585915,19.53277016,21.32053947,23.54286957,57.16796112,43.22283173,2.30250001,0.0558638513
0.1442867041,0.1394669056,0.10905189509999999,0.1112511039,0.1077505946,0.030457440000000002,0.6185603142,0.028591804499999998,2.018246889,0.186279401,0.859430611,-0.009434452,67.90254211,227.2850037,998.215271,20.51398087,20.24597931,19.53660011,21.32072067,23.54599953,57.09651947,43.18577957,2.460000038,0.0558638573
0.1442965031,0.1394713998,0.10911149979999998,0.1113013029,0.10776120419999999,0.030402758699999997,0.6428790092,0.028637695305555554,2.014560938,0.294761509,0.85972178,0.05603328,67.90254211,240.273407,998.2150269,20.51408005,20.24609947,19.54042053,21.32089996,23.54911995,57.02508926,43.14871979,2.204999924,0.055863869200000006
0.1443063021,0.13947600129999999,0.108950603,0.11135150190000001,0.10776740309999999,0.0305566102,0.6056857109,0.028563527,2.010874987,-0.066567332,0.860294104,0.042475339,67.90254211,247.7230072,998.2147827,20.51417923,20.24621964,19.54424095,21.32107925,23.55224991,56.95365143,43.15856934,2.287499905,0.0558638811
0.1443663001,0.1395555973,0.10889699459999999,0.11140170099999999,0.107773602,0.030588299000000003,0.47693967820000005,0.02834497238888889,2.007189989,-0.145008206,0.860866308,0.071948491,76.36894226,248.3699036,998.2144775,20.51427078,20.24633026,19.54807091,21.32126045,23.55537987,56.94853973,43.18405151,2.109999895,0.0558638811
0.1444429994,0.1396602988,0.1088879943,0.11127109529999998,0.1077797055,0.0307617486,0.5198550224,0.028196917638888888,2.003006935,0.179246098,0.861438513,0.021338649,79.19107056,242.9613037,998.2141724,20.51436996,20.24645042,19.55190086,21.32143974,23.55850029,56.9655304,43.20952988,2.059999943,0.055863887099999995
0.1445198059,0.1397650003,0.1088760972,0.1112429976,0.1077859044,0.0307945609,0.5234313011,0.028152889666666667,1.998657942,0.485976189,0.862010777,0.02413794,79.19107056,241.1994934,998.2139282,20.51446915,20.24657059,19.55571938,21.32162094,23.56163025,56.98252106,43.23500824,2.355000019,0.055863898999999995
0.1445966005,0.13986959459999998,0.10905189509999999,0.11126910450000001,0.1077921033,0.030757600099999997,0.4361701012,0.02819080563888889,1.994310021,0.552972794,0.864898801,0.00804598,79.19107056,235.9897003,998.213623,20.51457024,20.24669075,19.55953979,21.32180023,23.56475067,56.99951935,43.26049042,2.142499924,0.055863898999999995
0.14467329980000002,0.1397199988,0.1092903972,0.1112952948,0.1077895999,0.0306590199,0.4933905125,0.02824844361111111,1.989961028,-0.046301428,0.868558824,0.0,70.44035339,236.3708038,998.2133179,20.51466942,20.24681091,19.56336975,21.32197952,23.56788063,56.95737839,43.28596115,2.242500067,0.0558639228
0.1444849014,0.1394857049,0.1092427015,0.1114655972,0.10778429510000001,0.0305399001,0.5556178092999999,0.02832044388888889,1.985612988,-0.246218398,0.872218728,0.0,67.52345276,239.194397,998.2130127,20.51475906,20.24691963,19.56719017,21.32216072,23.57101059,56.89551926,43.31143951,2.430000067,0.0558639228
0.14420809750000002,0.1392513037,0.1090996027,0.1116840005,0.1077790022,0.030420780200000004,0.5413126945,0.028403250388888888,1.981263995,-0.246695295,0.875878692,0.0,67.52345276,236.9309998,998.2128296,20.51486015,20.24703979,19.57102013,21.32234001,23.5741291,56.83367157,43.33692169,2.402499914,0.0558639288
0.1441388965,0.13935300109999998,0.1089565992,0.1116346002,0.10779529809999999,0.030301660299999998,0.5069805145,0.028483055972222223,1.983450055,-0.206044301,0.879538715,-0.036311772,67.52345276,232.9720001,998.2125244,20.51495934,20.24715996,19.57484055,21.32253075,23.57725906,56.77182007,43.36240005,2.275000095,0.0558639288
0.144351697,0.1395666957,0.109028101,0.1114959955,0.1078186989,0.0303101212,0.5670619011,0.02854033363888889,1.987812996,0.048233029,0.883198619,-0.05590149,67.52345276,229.0130005,998.2122192,20.51506042,20.24728012,19.5786705,21.3227005,23.58037949,56.70996094,43.38787842,2.029999971,0.0558639526
0.1444010019,0.1395424008,0.1091711044,0.1113574982,0.107842195,0.0303611189,0.6586145878,0.02849133386111111,1.99217701,-0.034261081,0.886858582,0.056693289,56.44377899,230.7640076,998.2119141,20.51515961,20.24739075,19.58249092,21.32288933,23.58350945,56.64810944,43.37464142,2.237499952,0.0558639526
0.1443721056,0.1394389033,0.10913900139999999,0.1114953041,0.10786559579999999,0.0304121107,0.5699228764,0.028298943833333333,1.996541023,0.043464549,0.890518606,0.059410401,52.75056076,231.677597,998.2116089,20.51524925,20.24751091,19.58632088,21.32305908,23.5866394,56.58625031,43.3484993,2.277499914,0.0558639586
0.1443433046,0.13933540579999998,0.10904840229999999,0.11150369639999999,0.10788910389999999,0.030305761100000002,0.5234313011,0.028123444444444444,2.000904083,0.004840154,0.894178629,0.01188208,52.75056076,239.8683014,998.2113037,20.51535034,20.24762917,19.59013939,21.32324982,23.58975983,56.57891846,43.32234955,2.042500019,0.0558639586
0.1443143964,0.1394018054,0.108957696,0.1114382982,0.1079125047,0.0304186195,0.5110334873,0.02803433311111111,2.005268097,-0.1915005,0.897838473,0.044164538,52.75056076,246.410202,998.2109985,20.51544952,20.24774933,19.59395981,21.32342911,23.59288979,56.58977127,43.29621124,2.059999943,0.0558639824
0.14444379810000002,0.1395249009,0.1088670969,0.1113729,0.10784499649999998,0.0306220293,0.4986357212,0.028010832472222223,2.009632111,-0.247768193,0.901498497,0.01472151,52.75056076,245.5493011,998.2106934,20.51555061,20.24786949,19.59778976,21.32361031,23.59601021,56.60060883,43.27006912,2.13499999,0.0558639824
0.1445943952,0.1396479964,0.10877649780000001,0.1113075018,0.10781400199999999,0.0308254391,0.5341600895,0.027991638194444446,2.013994932,-0.247768193,0.90515852,0.034223091,49.55047989,242.7073059,998.2103882,20.5156498,20.24798012,19.60161018,21.3237896,23.59914017,56.61146164,43.24391937,2.307499886,0.055863988399999995
0.1447345018,0.1398188949,0.1087807059,0.1112421036,0.1078055024,0.0308769912,0.5084108829,0.027969110277777775,2.018358946,-0.179817796,0.908818424,-0.022547759,48.48377991,237.9403076,998.210083,20.51573944,20.24810028,19.60544014,21.32397079,23.60226059,56.62229919,43.21778107,2.457499981,0.055863988399999995
0.1448745012,0.1400058031,0.1088165045,0.11117670539999999,0.1077968955,0.0311156899,0.5084108829,0.027955527833333334,2.016302109,-0.224760398,0.909179807,-0.04424835,48.48377991,232.5316925,998.2097778,20.51584053,20.24822044,19.60926056,21.32415009,23.60539055,56.63314056,43.19163895,2.460000038,0.0558640122
0.1448420048,0.1401890993,0.1086107969,0.1111358047,0.10778830049999999,0.0314336598,0.5599093914,0.027935028083333334,2.012104988,-0.08421053,0.908441603,-0.0428809,48.48377991,228.9490967,998.2094727,20.51593971,20.24834061,19.61309052,21.32432938,23.60852051,56.64398956,43.1654892,2.217499971,0.0558640122
0.1451259017,0.1403712034,0.1087002993,0.1111031055,0.1077797055,0.0314888,0.4855226994,0.02791711172222222,2.007908106,-0.1600288,0.907703519,-0.04151345,48.48377991,228.2055969,998.2092896,20.5160408,20.24846077,19.61691093,21.32451057,23.61164093,56.65483093,43.17560959,2.36500001,0.0558640182
0.145105803,0.1402637959,0.10891489979999999,0.1110705018,0.1077710986,0.031456351300000004,0.6357264041999999,0.027889304694444443,2.003710985,-0.124026999,0.906965315,-0.0102929,57.8122406,226.533905,998.2089844,20.51613998,20.24856949,19.62074089,21.32468987,23.61477089,56.66567993,43.19781876,2.440000057,0.0558640182
0.1449429035,0.1400599957,0.108950603,0.111185801,0.10776250359999999,0.0312878013,0.6228518009,0.027876389833333334,1.999513984,0.112726197,0.906227112,-0.050359,60.92173004,228.9888,998.2086792,20.51622963,20.24868965,19.6245594,21.32486916,23.6178894,56.67652893,43.22003174,2.319999933,0.055864042
0.1447240949,0.1397606015,0.1089267969,0.1112316012,0.10775389669999999,0.0310738891,0.6629062176,0.027869777666666668,1.995316982,0.303344786,0.904304504,-0.016786329,60.92173004,229.7613068,998.208374,20.51633072,20.24880981,19.62837982,21.32505035,23.62101936,56.6873703,43.24224091,2.055000067,0.055864042
0.1444865942,0.1394292951,0.1089030027,0.1112375975,0.1077453017,0.03085998,0.602824688,0.02785122130555556,1.991119981,-0.076700248,0.901987016,-0.083193228,60.92173004,227.7503052,998.2081299,20.5164299,20.24892998,19.63220978,21.32522964,23.62414932,56.69821167,43.26443863,2.279999971,0.055864048
0.1442491055,0.13933969740000002,0.1088253975,0.111243701,0.1077366948,0.030646079799999996,0.6185603142,0.027836138416666666,1.986922026,-0.238946602,0.899669528,-0.05910245,74.04454803,227.1056976,998.2078247,20.51652908,20.2490406,19.6360302,21.32541084,23.62726974,56.70906067,43.28665161,2.237499952,0.0558640599
0.1442718029,0.13933069709999998,0.1087301016,0.11118179560000001,0.1077280998,0.0305410892,0.6457399845,0.02782355627777778,1.982725024,-0.228456005,0.899090171,-0.058194049,78.41882324,226.184906,998.2075195,20.51663017,20.24916077,19.63986015,21.32559013,23.6303997,56.71989822,43.30886078,2.265000105,0.055864071800000005
0.1441056013,0.13909950259999998,0.10882250069999999,0.1110972047,0.1077195048,0.0304724097,0.6071162224,0.027810166666666667,1.98438096,-0.1205699,0.899514973,0.02752832,78.41882324,230.298996,998.2072754,20.51671982,20.24928093,19.64368057,21.32576942,23.63352013,56.73075104,43.33106995,2.335000038,0.055864071800000005
0.14384750129999999,0.1387941957,0.1089774013,0.1111215949,0.10771089789999999,0.030197379000000003,0.6142686844,0.027796471916666666,1.987987041,-0.195315301,0.900081575,-0.007420503,78.41882324,236.1936951,998.2069702,20.51682091,20.24939919,19.64751053,21.32595062,23.63665009,56.74158859,43.35327148,2.432499886,0.0558640778
0.14358940120000002,0.138488996,0.1089535952,0.11118229630000001,0.1077023029,0.0298535585,0.4798007011,0.027782777138888888,1.991593957,-0.237456396,0.900648117,-0.007300238,78.41882324,237.4131012,998.2067261,20.51692009,20.24951935,19.65133095,21.32612991,23.63978004,56.75244141,43.37548065,2.19749999,0.055864089699999994
0.14333130119999998,0.1383623958,0.10887019630000001,0.1112429976,0.107693696,0.0297247201,0.4540514946,0.027756517197222223,1.995200038,-0.245324299,0.9012146,0.0,57.10074997,234.365799,998.2064209,20.51701927,20.24962997,19.6551609,21.3263092,23.64290047,56.76327896,43.36093903,2.230000019,0.05586410160000001
0.143224597,0.13829530480000002,0.1087867022,0.11123540400000001,0.10768510099999999,0.0296675503,0.5298686981,0.027743935055555554,1.999829054,-0.181129098,0.901781082,0.0,49.9947319,233.3782959,998.2061157,20.51712036,20.24975014,19.65897942,21.3264904,23.64603043,56.77412033,43.33414078,2.059999943,0.05586410160000001
0.1431684017,0.138370204,0.1087033033,0.111205101,0.10767649409999999,0.0296103686,0.6214212894,0.02773731443611111,2.004797935,-0.146557897,0.900377691,0.0,49.9947319,229.1687012,998.2058105,20.51721001,20.2498703,19.66279984,21.32666969,23.64915085,56.78496933,43.30735016,2.372499943,0.055864107600000004
0.14331840280000002,0.13849240540000002,0.1086778998,0.1111747026,0.1076678991,0.0296922505,0.7172656059,0.027712809244444445,2.009768009,-0.149895802,0.898317814,-0.056287918,49.9947319,227.4924011,998.2055054,20.51730919,20.24999046,19.66662979,21.32685089,23.65228081,56.7958107,43.2805481,2.282500029,0.0558641195
0.1435371041,0.1386147022,0.10867199899999999,0.1111443996,0.10765930409999999,0.029820469,0.741584301,0.02769923316111111,2.014736891,0.0106815,0.896257818,-0.044603769,49.9947319,227.1280975,998.2052002,20.51741028,20.25009918,19.67045021,21.32703018,23.65541077,56.8066597,43.25376129,2.097500086,0.055864131500000004
0.1434972048,0.1387369037,0.10866600280000001,0.1111140013,0.1076325059,0.029948690500000003,0.6879401207,0.027676383125,2.019706011,0.063968867,0.894197822,-0.034746371,46.6305809,226.0673981,998.2050171,20.51750946,20.25021935,19.62435913,21.32720947,23.65852928,56.81750107,43.22695923,2.13499999,0.055864131500000004
0.1437620997,0.1390254021,0.1086601019,0.1110836983,0.1075996041,0.0300769091,0.5734992027,0.027663470375,2.018384933,-0.169208094,0.892137825,0.104200304,45.50918961,235.0252991,998.2047119,20.51761055,20.25033951,19.61749077,21.32739067,23.66165924,56.82835007,43.20016861,2.272500038,0.0558641374
0.1440372944,0.1391337991,0.10852450129999999,0.11091610190000001,0.1075667977,0.0303831905,1.275175953,0.0276426061,2.014966011,-0.2400195,0.8918764,0.107203603,45.50918961,238.1190033,998.2042847,20.5177002,20.25045967,19.62925911,21.32756996,23.66477966,56.83919144,43.17337036,2.220000029,0.0558641493
0.14427239890000002,0.1393548012,0.1083456039,0.1109966993,0.107533896,0.030748841199999998,0.7988082886,0.027617439694444443,2.011547089,-0.230959401,0.892214477,0.08463601,45.50918961,254.3551025,998.2039795,20.51779938,20.25057983,19.64101982,21.32774925,23.66790962,56.85004044,43.14657974,2.025000095,0.055864161300000006
0.1445075035,0.1396394968,0.1084529042,0.1109006047,0.1075009942,0.0309769303,0.7880813122,0.02762008878888889,2.008127928,-0.043440338,0.892552614,0.020482389,45.50918961,257.0509949,998.2037964,20.51790047,20.25069046,19.65278053,21.32793045,23.6644001,56.86088181,43.15507889,2.277499914,0.055864161300000006
0.1446061969,0.1396883965,0.10865550040000001,0.1107131004,0.10746810440000001,0.031060668800000003,0.8667612076,0.02759425905,2.004771948,-0.097562186,0.892890811,0.0,67.01621246,251.017807,998.2034912,20.51799965,20.25081062,19.66455078,21.32810974,23.65867043,56.8717308,43.17535019,2.230000019,0.0558641672
0.1446594,0.1398671985,0.1086168051,0.11085660459999999,0.10743520259999999,0.031111589099999996,0.7365793228,0.027569751738888888,2.001437902,-0.129033893,0.893228889,-0.037555169,74.18521881,244.180603,998.203186,20.51810074,20.25093079,19.67630959,21.32829094,23.65295029,56.88256836,43.19562149,2.307499886,0.0558641791
0.1447126031,0.1398694992,0.1087121964,0.1109030008,0.10740230079999999,0.031162500399999998,0.6779264926999999,0.027557832930555557,1.998103023,-0.04761273,0.893567026,-0.01251839,74.18521881,237.3435059,998.2028809,20.51819038,20.25105095,19.6880703,21.32847023,23.64722061,56.89340973,43.21588135,2.035000086,0.0558641911
0.1446647048,0.1397899032,0.1087180972,0.11088010070000001,0.10736939910000001,0.031162089100000002,0.6578993797,0.027537634108333334,1.994768977,-0.072766267,0.893905222,0.0,74.18521881,232.2998962,998.2025757,20.51828957,20.2511692,19.69984055,21.32864952,23.64149094,56.90425873,43.23614883,2.035000086,0.0558641911
0.1445829988,0.1397102952,0.1086704969,0.11087540389999999,0.1073482037,0.0311445802,0.5777906895,0.027525711058333333,1.991435051,0.285582304,0.894243181,-0.04340186,64.74875641,231.1885071,998.2022705,20.51839066,20.25127983,19.79690933,21.32883072,23.6357708,56.92438126,43.25642014,2.234999895,0.055864203
0.14460779429999998,0.1396898985,0.10862280129999999,0.11087670329999999,0.10731430049999999,0.0311270595,0.5956720829,0.027504851022222224,1.988100052,-0.071335733,0.894581378,-0.01446729,61.60327148,229.938797,998.2020264,20.51848984,20.25139999,19.8282795,21.32901001,23.63003922,56.94758987,43.27667999,2.327500105,0.055864208900000004
0.1446066976,0.1396890998,0.1086109042,0.1108780026,0.1072749019,0.0311095506,0.7752067089,0.027502532536111114,1.984766006,-0.216654107,0.894919515,-0.043061621,61.60327148,230.1186066,998.2017212,20.51859093,20.25152016,19.8282795,21.3291893,23.62431908,56.97079849,43.29695129,2.339999914,0.055864208900000004
0.1445852041,0.1396883965,0.1086109042,0.110879302,0.10723559860000001,0.031092029799999997,0.7058232784,0.02749392403611111,1.981431961,-0.238350496,0.895257711,-0.06241519,61.60327148,228.6067963,998.2014771,20.51868057,20.25164032,19.8282795,21.3293705,23.61860085,56.99401093,43.31721878,2.25,0.0558642209
0.1445636988,0.139687705,0.1086109042,0.1108806014,0.10719629530000001,0.031074520900000003,0.936854744,0.027486637963888887,1.984634042,-0.236562297,0.894115984,-0.040051099,61.60327148,226.326004,998.2011719,20.51877975,20.25175095,19.8282795,21.32954979,23.61286926,57.01721954,43.33749008,2.025000095,0.055864232800000004
0.14470310209999998,0.139981401,0.1083606005,0.11077820060000002,0.10715689660000001,0.031307488700000004,0.8796359062000001,0.027470414902777778,1.990015984,-0.238350496,0.892481089,-0.008010219,52.98162079,224.0451965,998.2009277,20.51888084,20.2518692,19.76158905,21.32972908,23.60714912,57.04042053,43.35774994,2.327500105,0.0558642387
0.1449128985,0.1403730989,0.1080266953,0.11064120529999999,0.1071176052,0.0319062591,0.6607622147,0.02744259516388889,1.995396972,-0.245503098,0.890846312,0.036511611,50.10773849,227.0731049,998.2006226,20.51898003,20.25198936,19.73181915,21.32991028,23.60141945,57.06362915,43.34745026,2.382499933,0.0558642387
0.1453269958,0.1405846,0.1083724022,0.1105043054,0.10707819460000001,0.0319866091,0.7887965202,0.027444911533333335,2.00077796,-0.225118101,0.889211416,-0.072194859,50.10773849,228.2725067,998.2003174,20.51907921,20.25210953,19.72176933,21.33008957,23.59569931,57.08684921,43.32696152,2.352499962,0.05586425069999999
0.1454038024,0.1407359004,0.1083724976,0.11036729810000001,0.10703890320000001,0.0322026491,0.8374357224000001,0.02743332121111111,2.006160021,-0.03783742,0.88757652,-0.028121799,50.10773849,230.3536072,998.2000122,20.51917076,20.25222969,19.71170998,21.33027077,23.58996964,57.1100502,43.30646896,2.102499962,0.055864262600000006
0.14534610509999998,0.1406702995,0.10836950540000001,0.11038719420000001,0.1069995046,0.0323722005,0.9339952469,0.027436303033333335,2.01154089,0.100447498,0.885941625,-0.034164079,50.10773849,229.1620026,998.199707,20.51926994,20.25234032,19.70166016,21.33045006,23.58423996,57.13325882,43.28596878,2.095000029,0.0558642685
0.1451053977,0.1403066993,0.10842909810000001,0.1104593992,0.10698970560000001,0.0322442412,0.9997990608,0.02744192971111111,2.016922951,0.397998393,0.884306729,-0.079716191,64.22438812,226.6483002,998.1995239,20.51936913,20.25246048,19.69161034,21.33064079,23.57851982,57.15647125,43.26548004,2.150000095,0.0558642685
0.1448035002,0.13986769910000002,0.1086585999,0.110531497,0.10698970560000001,0.0316137999,0.7101149082,0.02743944803888889,2.015762091,0.525315881,0.884067714,-0.02277605,68.92993927,227.4096985,998.1992188,20.51947021,20.25258064,19.68154907,21.33081055,23.57279015,57.17967987,43.2449913,2.242500067,0.055864280499999995
0.1444535971,0.139428699,0.108694303,0.11060370209999999,0.10698970560000001,0.031074258700000003,0.7043910027,0.027434811061111113,2.012420893,0.377732486,0.884293973,0.041821029,68.92993927,234.9720001,998.1989136,20.5195694,20.25270081,19.67149925,21.33099937,23.56707001,57.20288849,43.22449875,2.412499905,0.0558642924
0.1440875053,0.13898969889999999,0.1088253975,0.1106757998,0.10698970560000001,0.030611819000000002,0.7444452763,0.027471404605555555,2.009079933,0.021529701,0.884520292,0.048524529,68.92993927,248.6943054,998.1984863,20.51966095,20.25281906,19.66144943,21.33116913,23.56134033,57.22610092,43.20401001,2.422499895,0.055864298300000004
0.14351929430000002,0.13855069879999998,0.10881949660000001,0.1107480049,0.10698970560000001,0.030149370399999997,0.7258487225,0.027586311763888892,2.005738974,-0.142385498,0.884746611,0.01152806,69.3771286,252.479599,998.1983032,20.51976013,20.25292969,19.65139961,21.33135986,23.55562019,57.24930954,43.18350983,2.184999943,0.055864298300000004
0.1431483984,0.1381116986,0.1087479949,0.11082019809999999,0.10705389979999999,0.029686918899999998,0.748739481,0.027742602030555556,2.002398014,-0.226310104,0.88497287,-0.051778682,69.52619171,253.8227997,998.197998,20.51985931,20.25304985,19.64134026,21.33153915,23.54989052,57.24427032,43.18624878,2.042500019,0.0558643103
0.1428658009,0.1377560973,0.1086765051,0.1108922958,0.1070808053,0.029400429099999997,0.7887973785,0.02783299975,2.000905991,0.162198797,0.88519913,-0.017259561,69.52619171,247.6181946,998.1976929,20.5199604,20.25317001,19.63129044,21.33172035,23.54417038,57.22980881,43.19672012,2.049999952,0.055864322200000004
0.1424522996,0.137580502,0.10833669900000001,0.11096450090000001,0.10708810090000001,0.0294193804,0.7043928146,0.027838639166666665,2.000030994,0.206783801,0.885425389,0.02789956,69.52619171,244.1876068,998.1973877,20.52005959,20.25329018,19.62122917,21.33189964,23.5384407,57.21535873,43.2071991,2.067500114,0.055864328100000006
0.1426537037,0.1378497005,0.1083188057,0.11097060439999999,0.10709550379999999,0.0292795509,0.6171298981,0.02781313788888889,1.999155998,-0.047016669,0.885651708,-0.01192503,69.52619171,246.8829041,998.1970825,20.52014923,20.2534008,19.61117935,21.33208084,23.53272057,57.20090103,43.21768188,1.987499952,0.055864328100000006
0.14274660349999999,0.13795549869999998,0.1084380031,0.11058189869999999,0.1071027994,0.0293701708,0.8388644218,0.02779741711111111,1.998281002,-0.210097402,0.885878026,-0.007074962,72.09364319,245.7937012,998.1967773,20.52025032,20.25351906,19.70278931,21.33226013,23.52699089,57.18645096,43.22816086,1.952499986,0.05586435199999999
0.1427302957,0.1379631042,0.10835160020000001,0.11055890319999999,0.10711020229999998,0.0295643896,1.043433952,0.02778613833333333,1.997406006,-0.176003098,0.886104286,0.073423102,72.94946289,245.0861969,998.1964722,20.5203495,20.25363922,19.73415947,21.33243942,23.52127075,57.17198944,43.23862839,2.00999999,0.05586435199999999
0.14295610190000002,0.1382102966,0.1081966043,0.11069929599999999,0.1071174979,0.029758611299999998,0.7845030785,0.027763468425,1.99653101,-0.223806798,0.886330485,0.024474369,72.94946289,244.5661926,998.196228,20.52045059,20.25375938,19.73415947,21.33262062,23.51553917,57.15753174,43.24911118,2.269999981,0.055864357899999995
0.1432626963,0.1385372996,0.108157897,0.1106503963,0.10712490079999999,0.0301274508,0.8302813529999999,0.027747908697222223,1.995656013,-0.247172102,0.886299491,0.0,72.94946289,251.0980988,998.1959839,20.52054977,20.25387955,19.73415947,21.33279991,23.50982094,57.16228867,43.25959015,2.07249999,0.055864357899999995
0.14333930020000002,0.138864398,0.10805059669999999,0.1105383992,0.1071321964,0.0305545211,0.7437318802,0.02773598988888889,1.994781017,-0.196507394,0.886182725,0.024124689,72.94946289,250.7005005,998.1956787,20.52065086,20.25399017,19.73415947,21.3329792,23.50408936,57.17345047,43.27006149,1.950000048,0.055864381799999994
0.1438622952,0.139191401,0.1080327034,0.11042640210000002,0.10713959930000001,0.030838221300000003,0.5441737175,0.027726052602777777,1.993906021,0.069333367,0.886065781,0.063244313,59.2953186,247.1903992,998.1953735,20.52074051,20.25411034,19.6635704,21.3331604,23.49836922,57.18460083,43.28054047,2.059999943,0.055864381799999994
0.14423630240000002,0.1393275976,0.10827109809999999,0.1104293942,0.10708450080000001,0.030943161200000003,0.6257127762,0.027716778650000003,1.993031979,0.184133604,0.885949016,0.071810529,54.74393845,245.8076019,998.1951294,20.52083969,20.2542305,19.64003944,21.33333969,23.49263954,57.19575882,43.29101944,2.039999962,0.055864387800000005
0.1443058014,0.1394001961,0.1082949996,0.11047079559999999,0.1070086956,0.0310044289,0.680787611,0.027691610125000002,1.992156982,0.144674703,0.885832071,0.0178032,54.74393845,245.1338043,998.1948242,20.52094078,20.25435066,19.64003944,21.33352089,23.4869194,57.20692062,43.30149078,2.297499895,0.055864387800000005
0.1443097949,0.1394727945,0.1083842993,0.1105121017,0.10698970560000001,0.0310657114,0.6950926781,0.02768101586111111,1.991281986,0.060750149,0.885715306,-0.01326523,54.74393845,242.8986969,998.194519,20.52103996,20.25447083,19.64003944,21.33370018,23.48118973,57.21807861,43.31196976,2.232500076,0.0558644116
0.14431370500000001,0.139340198,0.1083665013,0.110553503,0.10698970560000001,0.031126990900000002,0.6686282158,0.02766661326111111,1.99040699,0.289039403,0.885598481,-0.0309522,54.74393845,235.3195953,998.1942139,20.52113914,20.25457954,19.64003944,21.33387947,23.47546959,57.22924042,43.32244873,2.217499971,0.0558644116
0.1443176031,0.13938570020000002,0.1082949996,0.1105949044,0.10698970560000001,0.0310242891,0.7015299797,0.027648730808333334,1.989531994,-0.091243997,0.885481715,-0.065322012,67.24423981,229.0406952,998.1939697,20.5212307,20.25469971,19.75768089,21.33406067,23.46973991,57.24039841,43.33292007,2.267499924,0.05586441760000001
0.14432150130000002,0.1393236995,0.1085631967,0.1105790973,0.10698970560000001,0.0308669388,0.9432920456,0.027637307908333335,1.99249804,0.060273301,0.885364771,-0.061398171,71.41100311,223.7312012,998.1937256,20.52132988,20.25481987,19.7968998,21.33423996,23.46401978,57.25156021,43.34339905,2.332499981,0.05586441760000001
0.14404280190000002,0.1391983986,0.1086406946,0.1105443001,0.10698970560000001,0.0307095796,0.8495951653,0.02762306849166667,1.996744037,0.043583758,0.885247886,-0.04285612,71.41100311,222.0278015,998.1934204,20.52142906,20.25494003,19.7968998,21.33441925,23.4582901,57.26271057,43.32749939,2.305000067,0.0558644414
0.1439273953,0.1390730977,0.10861690040000001,0.1106765032,0.10698970560000001,0.0305522293,0.7115452766,0.027612141502777778,2.000991106,-0.163366705,0.885131121,-0.049722329,71.41100311,221.5263977,998.1931152,20.52153015,20.25505066,19.7968998,21.33460045,23.45256996,57.27386856,43.30281067,2.244999886,0.0558644414
0.143897903,0.1390421987,0.1083606005,0.11070779559999999,0.1070076942,0.030701750500000003,0.654323101,0.027596908144444446,2.005237103,-0.239542603,0.885014296,0.01143911,68.44228363,224.9487,998.1928101,20.52162933,20.25517082,19.65572929,21.33477974,23.44684029,57.28503036,43.27811813,2.042500019,0.055864447399999996
0.143868506,0.1390427947,0.1084380031,0.11068700549999999,0.10701509709999998,0.0306864113,0.8910780907,0.027579689025,2.009483099,-0.086475573,0.885569811,-0.059370551,67.45271301,237.759903,998.1925049,20.52172089,20.25528908,19.60866928,21.33496094,23.44112015,57.29618835,43.25342941,2.107500076,0.055864447399999996
0.1438390017,0.1390432954,0.10849159960000002,0.11066609620000001,0.1070168972,0.0305820286,0.8746290206999999,0.027562465666666668,2.013730049,0.103785403,0.886349499,0.01366697,67.45271301,241.6360931,998.1921997,20.52182007,20.25540924,19.60866928,21.33514023,23.43539047,57.30735016,43.22874069,2.1875,0.0558644712
0.1438096046,0.1390439034,0.1082234025,0.11064519880000001,0.10701880459999999,0.0307615697,0.7151216984000001,0.027556675805555556,2.017976046,0.504930675,0.887129128,-0.04929015,67.45271301,239.7057037,998.1918945,20.52191925,20.2555294,19.60866928,21.33531952,23.42967033,57.31850815,43.20404053,2.042500019,0.0558644712
0.1439666033,0.1392338991,0.1081966043,0.11058340069999999,0.1070207,0.030892419799999998,0.5613399029,0.027554685805555555,2.022222042,-0.008153867,0.887908816,-0.02045403,67.45271301,235.1152039,998.1917114,20.52202034,20.25564003,19.60866928,21.33550072,23.42394066,57.32966995,43.17935944,2.3125,0.0558644772
0.144185698,0.13933149579999998,0.10828000310000001,0.11050800089999999,0.10702249999999999,0.030975490799999998,0.7494575024000001,0.02756511900277778,2.018685102,-0.184347898,0.886211872,-0.112847596,64.80457306,227.9794006,998.1912842,20.52211952,20.25576019,19.72631073,21.33568001,23.41822052,57.34082031,43.15465927,2.224999905,0.0558644772
0.14424430130000002,0.1396896005,0.10797899959999999,0.1105473995,0.10702439550000001,0.0312845588,0.7151216984000001,0.02758664237222222,2.01255393,0.05133253,0.883689284,-0.002822495,63.9218483,224.3889008,998.190979,20.52220917,20.25588036,19.76552963,21.3358593,23.41249084,57.3519783,43.1689415,2.392499924,0.055864501
0.1446406007,0.1401517987,0.10796109439999999,0.11044600010000001,0.1070261955,0.031668970000000005,0.7752067089,0.027646249136111113,2.006422043,0.121071003,0.881166816,0.01159779,63.9218483,223.8386993,998.1906738,20.52231026,20.25600052,19.76552963,21.3360405,23.40677071,57.36314011,43.19620895,2.147500038,0.055864501
0.1449959993,0.1404827952,0.10808030369999999,0.11028490070000001,0.10702209469999999,0.0320233196,0.8224154472,0.027684991625,2.000291109,-0.009703609,0.878644288,0.02947728,63.9218483,230.5592957,998.1904907,20.52240944,20.25610924,19.76552963,21.33621979,23.40103912,57.3742981,43.22346878,2.085000038,0.055864512899999996
0.1450705051,0.1405665994,0.10819959640000001,0.11027489900000001,0.1070158958,0.0322176009,0.7608980179,0.02768697738611111,1.994158983,-0.066328883,0.876121819,-0.01416556,63.9218483,238.7061005,998.1901855,20.52251053,20.2562294,19.76552963,21.33639908,23.39532089,57.3854599,43.25072861,2.287499905,0.05586451890000001
0.1451766014,0.1405825019,0.1083188057,0.110315299,0.107009697,0.0322070301,0.7129741192,0.02768731011388889,1.988026977,-0.187804997,0.873599291,-0.007997105,72.68765259,237.9542999,998.1898804,20.52260971,20.25634956,19.67140961,21.33658028,23.38958931,57.3966217,43.27799988,2.327500105,0.05586451890000001
0.1451663017,0.1403149009,0.1086526036,0.11035569910000001,0.10700360540000001,0.031974768599999995,0.8417254448,0.02767952601111111,1.981896043,-0.237516001,0.870844305,-0.038609281,75.60958862,234.3269958,998.1895752,20.5227108,20.25646973,19.64003944,21.33675957,23.38386917,57.40777969,43.3052597,2.454999924,0.0558645308
0.14476749900000002,0.1397472024,0.1086467028,0.11056280140000001,0.10699739459999999,0.0316858292,0.9196901321000001,0.027668266297222223,1.982099056,-0.229648098,0.868011773,-0.058644801,75.60958862,230.6994934,998.18927,20.52280045,20.25658989,19.64003944,21.33694077,23.3781395,57.41893005,43.33253098,2.267499924,0.0558645427
0.1445297003,0.1394057989,0.10896849630000001,0.1108253956,0.1069911957,0.030778709100000003,0.7179825783,0.02766197416388889,1.984413028,-0.240138605,0.86517942,-0.068199143,75.60958862,229.7926941,998.1890259,20.52289963,20.25670052,19.64003944,21.33712006,23.37241936,57.43009186,43.3597908,2.174999952,0.0558645487
0.14408760069999998,0.1389840007,0.10899829860000002,0.11085300449999999,0.1070919991,0.0302883595,1.185768986,0.02765734354722222,1.986727953,-0.016737049,0.862346888,-0.05081946,75.60958862,225.8018951,998.1887207,20.52300072,20.25682068,19.64003944,21.33729935,23.36668968,57.44124985,43.38705063,2.192500114,0.0558645487
0.1435469985,0.13850259780000002,0.1088791013,0.1109241009,0.1071632028,0.03000561,1.094929981,0.027657174005555552,1.989042044,-0.170638606,0.861746073,-0.078371048,67.95565796,220.5991974,998.1884766,20.5230999,20.25694084,19.52239037,21.33748055,23.36096954,57.45241165,43.37414169,2.335000038,0.0558645606
0.1431936979,0.1383213043,0.10875990390000001,0.11103589529999999,0.1071755052,0.029722860499999997,0.7773489952,0.027676381005555556,1.994413018,-0.240138605,0.861889124,0.004400774,65.40435028,221.9380951,998.1881714,20.52319908,20.2570591,19.48317909,21.33765984,23.35523987,57.46356964,43.34783173,2.154999971,0.0558645725
0.1431880951,0.1384331942,0.10856909749999999,0.1109478951,0.1071755052,0.0297521502,0.7337163925,0.02775022718611111,2.00080204,-0.01423361,0.862032175,0.008946207,65.40435028,230.5325928,998.1879272,20.52329063,20.25717926,19.48317909,21.33783913,23.34951973,57.47193909,43.32152176,2.035000086,0.0558645785
0.1432778001,0.138388598,0.10876590010000001,0.11079330439999999,0.10719339850000001,0.0296988994,0.8324271202,0.027802528805555553,2.007190943,-0.1700425,0.862175286,0.0,65.40435028,238.9721069,998.1876221,20.52338982,20.25728989,19.48317909,21.33802032,23.34379005,57.47938919,43.29521179,2.335000038,0.0558645785
0.1431712031,0.13827029470000002,0.1088171005,0.11086930040000001,0.1072397947,0.0295834512,0.8317136765,0.027811499694444446,2.013580084,-0.246814504,0.862318277,0.02393299,66.12506104,241.3993988,998.1873169,20.52349091,20.25741005,19.60082054,21.33820915,23.3454895,57.48683167,43.26890182,2.207499981,0.055864590400000004
0.143255496,0.1382629991,0.1087741971,0.1110219955,0.1072937965,0.029467999900000003,0.7122605800999999,0.02780519486111111,2.019968987,-0.246933699,0.862461388,0.05029377,66.36530304,242.0283051,998.1870117,20.52359009,20.25753021,19.64003944,21.33838081,23.34966087,57.49428177,43.24259186,2.099999905,0.055864602299999996
0.1431429029,0.1382928014,0.1087313056,0.1110520005,0.107347703,0.029479339700000003,0.7744915009,0.02778436025,2.020428896,-0.247092605,0.86260438,0.050674651,66.36530304,245.0670013,998.1867065,20.52368927,20.25765038,19.64003944,21.33856964,23.3538208,57.50172043,43.21628952,2.412499905,0.05586460829999999
0.1432528019,0.1384531975,0.1086884022,0.1110411048,0.10736119749999999,0.0295329303,0.7923746108999999,0.027766125997222224,2.018912077,-0.2472516,0.86274749,0.043012209,66.36530304,246.0274963,998.1864014,20.52378082,20.25775909,19.64003944,21.33875084,23.35799026,57.50917053,43.18997955,2.295000076,0.05586460829999999
0.14346829649999998,0.1386569977,0.10864540339999999,0.11086039539999999,0.10736119749999999,0.0298422903,0.8431577682,0.027755192650000003,2.017395973,0.277356714,0.862890482,0.01027415,66.36530304,249.3766022,998.1862183,20.52388,20.25787926,19.64003944,21.33893013,23.36215973,57.51660919,43.16366959,2.130000114,0.055864620200000006
0.1436838031,0.1390758991,0.1084380031,0.110878396,0.10736119749999999,0.0302369088,0.7201283932,0.027736979591666665,2.015878916,-0.066328913,0.863033712,0.02054134,70.44563293,248.9653015,998.1859131,20.52397919,20.25799942,19.78121948,21.33910942,23.36632919,57.5240593,43.13735962,2.212500095,0.0558646321
0.1440945983,0.1392524004,0.108873105,0.1107740998,0.10736119749999999,0.0302027404,0.8660441399,0.02771578682777778,2.01436305,-0.240615502,0.863176703,0.076660924,71.80573273,249.0366974,998.1854858,20.52408028,20.25811958,19.8282795,21.33929062,23.37050056,57.5315094,43.14297867,2.392499924,0.055864638099999996
0.1442136049,0.1393242002,0.10878959889999999,0.1108050942,0.10736119749999999,0.0304730207,0.7587522983999999,0.027703535291666664,2.010871887,-0.242522895,0.863319814,0.02327127,71.80573273,249.8108978,998.1851807,20.52417946,20.25823975,19.8282795,21.33946991,23.37467003,57.53895187,43.15924072,2.477499962,0.055864638099999996
0.1442378044,0.1393959999,0.1087777019,0.1109042048,0.10736119749999999,0.0306802303,0.8903629303,0.027670421599999998,2.006722927,-0.244430304,0.864406884,0.0,71.80573273,244.5122986,998.1849976,20.5242691,20.25835037,19.8282795,21.3396492,23.37883949,57.54639053,43.17549896,2.414999962,0.05586465
0.1442700982,0.1395838022,0.10862280129999999,0.1110033989,0.10736119749999999,0.030816710000000004,0.721559,0.027658165825,2.002573967,-0.246337697,0.865808785,-0.036791321,71.80573273,239.6311035,998.1846924,20.52437019,20.25847054,19.8282795,21.3398304,23.38301086,57.55384064,43.19176865,2.097500086,0.0558646619
0.14444040060000002,0.1396442056,0.1087955952,0.1109930992,0.10736119749999999,0.030837228900000003,0.6078313827999999,0.027646577622222224,1.998425007,0.424463212,0.867210805,0.056357481,75.49252319,239.173996,998.1843872,20.52446938,20.2585907,19.61651993,21.34000969,23.38717079,57.56129074,43.2080307,1.970000029,0.0558646679
0.1443022966,0.13964929580000002,0.1087478995,0.11094629760000001,0.10736119749999999,0.030819100100000003,0.7909422873999999,0.02763896306388889,1.994276047,-0.009465169,0.868612707,0.02287375,76.72145844,243.146698,998.184082,20.52457047,20.25871086,19.54593086,21.34019089,23.39134026,57.5687294,43.22430038,2.125,0.0558646679
0.1444314957,0.13965439799999999,0.10877330300000002,0.1109447002,0.10736119749999999,0.0308009714,0.9075307845999999,0.02761479271666667,1.990126014,-0.238350496,0.870014608,0.0,76.72145844,244.4087982,998.1837769,20.52466965,20.25882912,19.54593086,21.34037018,23.39550972,57.5761795,43.24055862,2.255000114,0.055864679800000004
0.14450069670000001,0.1396594048,0.1088626981,0.11095809940000001,0.10736119749999999,0.0307828397,0.8968018532,0.027596740722222225,1.985977054,0.186875507,0.872243881,0.067550354,76.72145844,245.3934021,998.1834717,20.52475929,20.25893974,19.54593086,21.34054947,23.39967918,57.58361816,43.25682068,2.032500029,0.0558646917
0.1445072055,0.139664495,0.10895210500000001,0.11097149850000002,0.10738110540000001,0.0307647109,0.6686299801,0.027582834030555555,1.985605001,-0.100184903,0.874748886,0.02251678,76.72145844,244.1186066,998.1832275,20.52486038,20.25905991,19.54593086,21.34073067,23.40385056,57.59106827,43.27309036,2.25,0.0558646977
0.1445135951,0.1396695971,0.1090415001,0.11098489760000001,0.1074076056,0.030718898799999998,0.7716303824999999,0.02757240083611111,1.986490965,-0.196269006,0.87725389,0.0,59.91875076,241.9812012,998.1829224,20.52495956,20.25918007,19.68709946,21.34090996,23.40802002,57.59589005,43.2893486,2.297499895,0.0558646977
0.14451999659999998,0.1396746993,0.109028101,0.1111204982,0.1074342012,0.0306638598,0.9182596207,0.027578029633333334,1.987377048,-0.229886502,0.879758894,0.0,54.31784058,239.8437958,998.1826782,20.52506065,20.25930023,19.73415947,21.34108925,23.41218948,57.59983063,43.30561066,2.306250095,0.05586470959999999
0.14452650549999999,0.13967969419999998,0.1089804053,0.11116050479999999,0.1074607015,0.0306871295,0.9776258469,0.02759657753888889,1.988263011,-0.246695295,0.882264018,0.0,54.31784058,239.2194977,998.182373,20.52515984,20.25941086,19.73415947,21.34127045,23.41636086,57.60377121,43.32188034,2.341249943,0.055864721500000006
0.1445328951,0.13956840040000001,0.10893269779999999,0.111154902,0.10748720169999999,0.0307365,0.6829350948,0.027622737883333335,1.989148974,-0.087310031,0.884769022,-0.030983839,54.31784058,239.0995941,998.1821289,20.52524948,20.25952911,19.73415947,21.34144974,23.42052078,57.60771942,43.33813858,2.248749971,0.0558647275
0.1445394039,0.1396646976,0.1088850021,0.11114939450000001,0.10751370190000001,0.030785879500000002,0.6822181224999999,0.027644589741666666,1.990035057,-0.194003895,0.887274027,0.04621445,64.0581665,238.9797058,998.1818237,20.52535057,20.25964928,19.6635704,21.34163094,23.42469025,57.61166,43.35440063,2.113749981,0.0558647275
0.1445458055,0.13984320160000002,0.1088372946,0.11114389899999999,0.1075402975,0.030835249999999998,0.741584301,0.027637638516666667,1.990921021,-0.247291297,0.889778972,0.016386241,67.30493927,238.8598022,998.1815186,20.52544975,20.25976944,19.63817024,21.34181023,23.42885971,57.61560059,43.37067032,2.237499952,0.055864739399999995
0.1446287036,0.1398437023,0.1088791013,0.1111384034,0.1075598955,0.0309138894,0.8059626579,0.027639628516666667,1.991806984,0.123574398,0.892283976,-0.062285259,67.30493927,236.596405,998.1812134,20.52555084,20.2598896,19.63566971,21.34198952,23.43302917,57.61954117,43.38692856,2.335000038,0.0558647513
0.1447370052,0.1401075959,0.1088253975,0.1111328006,0.10757689479999999,0.031002301,0.6872266769,0.027638632455555555,1.99269402,-0.09899275,0.894233525,-0.02181012,67.30493927,233.6184998,998.1809082,20.52565002,20.26000023,19.63316917,21.34217072,23.43720055,57.62348938,43.37105179,2.275000095,0.0558647573
0.1448454022,0.14008810519999998,0.1089715004,0.11112730500000001,0.1075937986,0.0310907006,0.7229876995,0.027639128366666665,1.997364044,-0.141074196,0.895997882,0.05838057,67.30493927,234.2315063,998.1807251,20.52573967,20.26012039,19.63068008,21.34235001,23.44137001,57.62742996,43.3444519,2.204999924,0.0558647573
0.1447299004,0.1399382949,0.109197998,0.1111217976,0.1076105952,0.0309288889,0.7759220123,0.027641116247222222,2.003294945,-0.207474798,0.897762179,0.01960706,66.68257141,236.0415039,998.1804199,20.52584076,20.26024055,19.62817955,21.3425293,23.44553947,57.63137054,43.31784058,1.995000005,0.0558647692
0.1445397973,0.139636302,0.10927250390000001,0.1112118006,0.1076274991,0.0306836903,0.9304189682,0.027653530969444444,2.009227037,-0.234535694,0.899526477,-0.02998898,66.47511292,236.4940033,998.1801147,20.52593994,20.26036072,19.62568092,21.34271049,23.44971085,57.63531113,43.29124069,2.3125,0.055864781100000004
0.1443496943,0.1396592021,0.1089565992,0.111333704,0.1076442957,0.0307036102,0.7709115982,0.027657504611111113,2.015157938,-0.176241502,0.901290774,-0.009996328,66.47511292,235.373703,998.1796875,20.52603912,20.26048088,19.62318993,21.34288979,23.45387077,57.63925934,43.26464081,2.237499952,0.0558647871
0.1444990993,0.1398072958,0.1088672042,0.11129219530000001,0.1076611042,0.0308119088,0.8088236809,0.027669425541666667,2.021090031,-0.224760398,0.903055191,-0.02932678,66.47511292,232.5119934,998.1795044,20.52614021,20.2605896,19.62068939,21.34306908,23.45804024,57.64319992,43.23804092,2.424999952,0.0558647871
0.1447615981,0.1401569009,0.10889099840000001,0.1111961007,0.1076779962,0.030920198599999997,0.6815045834,0.027667439777777778,2.019566059,0.134303495,0.904819489,-0.009775593,66.47511292,229.1943054,998.1791992,20.52622986,20.26070976,19.61819077,21.34325027,23.4622097,57.6471405,43.21144104,2.420000076,0.055864799
0.14502420430000001,0.14057370419999998,0.10875389579999999,0.1111001015,0.1076948047,0.0313602388,0.715119791,0.02766545189722222,2.015554905,0.468571395,0.906583786,-0.073009737,55.3782692,225.8766022,998.178894,20.52633095,20.26082993,19.61569977,21.34342957,23.46637917,57.65108109,43.18484116,2.217499971,0.05586481089999999
0.1452867031,0.14078470469999999,0.1088135004,0.11107610459999999,0.10771160129999999,0.0317459613,0.7229876995,0.027703202566666668,2.011544943,0.05371673,0.908348083,0.0146122,51.67932892,225.5433044,998.1785889,20.52643013,20.26095009,19.61319923,21.34361076,23.47055054,57.6550293,43.15824127,2.234999895,0.0558648229
0.14554920200000002,0.14092710020000002,0.1089565039,0.11107610459999999,0.10772850510000001,0.0318062514,0.6578993797,0.027755525377777777,2.007534981,-0.212362498,0.908278525,0.01362494,51.67932892,228.5231018,998.1782837,20.52652931,20.26106071,19.61070061,21.34379005,23.47472,57.65896988,43.17340088,2.387500048,0.0558648229
0.1458117962,0.1410694957,0.1088670969,0.11107610459999999,0.1076032043,0.0320638001,0.7294269085,0.027824416694444444,2.001991034,0.01306573,0.907597601,-0.037450738,51.67932892,229.4611969,998.1779785,20.5266304,20.26118088,19.60820007,21.34396935,23.47888947,57.66291046,43.20248032,2.452500105,0.0558648288
0.1460150003,0.1412119031,0.10891480449999999,0.11107610459999999,0.1075747967,0.0321460694,0.8505460739,0.027898582888888888,1.995934963,0.178173095,0.906916678,-0.04968223,67.58432007,233.1062927,998.1776733,20.52672005,20.26129913,19.46722984,21.34415054,23.48306084,57.6180191,43.23155975,2.204999924,0.055864840699999994
0.1460337043,0.1411273003,0.1090340018,0.11107610459999999,0.10759450200000001,0.032137969100000004,0.9716651917,0.027972749083333335,1.989879012,-0.036406849,0.906235814,-0.01237577,72.88598633,231.3197021,998.1774292,20.52681923,20.2614193,19.42044067,21.34432983,23.48722076,57.55685043,43.26063919,2.022500038,0.0558648527
0.1459974051,0.1411954045,0.1091532946,0.11107720139999999,0.1076141953,0.031962049,0.7487388133999999,0.028040972805555554,1.983822942,-0.114847697,0.905554771,-0.054624099,72.88598633,227.3175049,998.1771851,20.52692032,20.26153946,19.42044067,21.34450912,23.49139023,57.49568176,43.28971863,1.982499957,0.0558648527
0.1459612012,0.14096050259999998,0.1091950059,0.1110785961,0.1076339006,0.0320302486,0.7845049858,0.02811861038888889,1.983366966,-0.2129585,0.904873788,-0.018208031,72.88598633,227.8663025,998.1768799,20.5270195,20.26165009,19.42044067,21.34469032,23.49555969,57.43450928,43.31880188,2.144999981,0.0558648586
0.1457909942,0.14081959719999998,0.1092108965,0.1111557007,0.10765360589999999,0.031783419800000004,0.8052492142000001,0.028200083833333334,1.984778047,-0.211528003,0.904192924,0.0,72.88598633,233.9779053,998.1765747,20.52712059,20.26177025,19.42044067,21.34486961,23.49972916,57.37334061,43.34788132,2.297499895,0.0558648705
0.1455762982,0.1407521009,0.10922679900000001,0.1112579942,0.1076732993,0.0315471113,0.9168291092,0.02827408261111111,1.986189008,0.296669006,0.903512001,-0.027398439,77.69715881,236.5359955,998.1762695,20.52721024,20.26189041,19.56160927,21.34505081,23.50390053,57.31216812,43.37696075,2.359999895,0.055864882500000004
0.1452368021,0.1404332995,0.1093261003,0.11124229430000002,0.1076930046,0.031360408699999995,1.123542976,0.028335666666666665,1.987599015,-0.039506398,0.902831078,-0.009132813,79.30088806,237.4602966,998.1760254,20.52730942,20.26201057,19.60866928,21.3452301,23.50806999,57.25099945,43.40604019,2.414999962,0.055864882500000004
0.1450016022,0.1402127981,0.1094532967,0.1113808036,0.10771269800000001,0.030904439099999997,1.065604019,0.028420776777777778,1.989009976,-0.190308407,0.902150214,0.0,79.30088806,235.9624939,998.1757202,20.52741051,20.26213074,19.60866928,21.34540939,23.51223946,57.18983078,43.39488983,2.369999886,0.0558648884
0.1448150039,0.1398262978,0.1095803976,0.1114629984,0.1077324986,0.0306242287,1.0470060350000001,0.028488000222222223,1.992864966,0.360566109,0.903060019,0.0,79.30088806,238.4918976,998.175415,20.52750969,20.26223946,19.60866928,21.34559059,23.51641083,57.12865829,43.37033844,2.102499962,0.055864900399999994
0.14462829829999999,0.1396617055,0.1093976021,0.11150490049999999,0.1077522039,0.0304325312,0.8152574538999999,0.028514499666666665,1.99753499,0.076724447,0.904500008,0.041719511,79.30088806,242.6329041,998.1751709,20.52761078,20.26235962,19.60866928,21.34576988,23.52057076,57.06748962,43.34577942,2.327500105,0.0558649123
0.1444417,0.1394073009,0.1096122026,0.1115468025,0.1077718973,0.0300495297,0.9053832054000001,0.02833569419444444,2.002204895,-0.069189943,0.905940115,0.009706857,71.50150299,245.585495,998.1749268,20.52770042,20.26247978,19.72631073,21.34594917,23.52474022,57.00632095,43.32123184,2.212500095,0.0558649123
0.1441650987,0.13908989430000002,0.10955259799999999,0.1115887046,0.10779160260000001,0.0298428088,0.7086843014,0.028130722055555554,2.006875038,-0.195196107,0.907380223,-0.051518679,68.90170288,244.5852051,998.1746216,20.52779961,20.26259995,19.76552963,21.34613037,23.52890968,57.01401138,43.29666901,2.230000019,0.0558649182
0.1438585043,0.1390143991,0.1093459964,0.1115888953,0.1078148007,0.0297161102,0.7787829876,0.028068777722222223,2.011543989,-0.236919999,0.908820212,0.003443548,68.90170288,240.5691071,998.1743164,20.5279007,20.26271057,19.76552963,21.3463192,23.53307915,57.04463959,43.27210999,2.44749999,0.055864930199999996
0.1438259959,0.1391726971,0.10913939479999998,0.1115751028,0.1078392029,0.0298839688,0.9246969223000001,0.028099916250000002,2.016213894,-0.235171497,0.91026032,0.09713503,68.90170288,239.4125977,998.1740112,20.52799988,20.26283073,19.76552963,21.34649086,23.53725052,57.07527924,43.24755859,2.255000114,0.0558649421
0.1438848019,0.1393821955,0.1090698004,0.1113921046,0.1078634977,0.0301500201,0.9626054763999999,0.028164499083333332,2.020884037,-0.233423099,0.911700428,0.03013947,68.90170288,246.9806061,998.1737061,20.52809906,20.2629509,19.76552963,21.34667969,23.54141998,57.02933884,43.22299957,2.109999895,0.055864948000000005
0.1442368984,0.1395915985,0.10904599429999999,0.1113319993,0.1078878999,0.030299231399999998,0.887503624,0.02823469375,2.018503904,-0.186493695,0.913140416,0.0,64.49086761,250.5747986,998.1734009,20.52819061,20.26306915,19.64788055,21.34686089,23.54558945,56.95787048,43.19844818,2.32249999,0.055864948000000005
0.14440369609999998,0.1396067977,0.1091652036,0.1113317966,0.10791230199999999,0.0304095089,0.9025239944000001,0.028309360083333332,2.013773918,-0.227859899,0.914580524,0.01921699,63.02059174,246.4170074,998.1730957,20.52828979,20.26318932,19.60866928,21.34757996,23.54976082,56.88639832,43.17388916,2.085000038,0.05586496
0.1444762945,0.139557302,0.1093142033,0.11133160589999999,0.10789229869999999,0.030285981299999997,0.8646154404,0.02838552686111111,2.009043932,0.03428527,0.916661382,-0.02503388,63.02059174,238.3977051,998.1729126,20.52839088,20.26329994,19.60866928,21.34848022,23.55393028,56.81492996,43.18355179,2.152499914,0.055864971900000004
0.1444944024,0.13950769899999999,0.1094571948,0.1113824964,0.10785369869999999,0.030084508700000002,0.9483003616,0.028450249555555557,2.004313946,-0.153114602,0.918955982,-0.02903313,63.02059174,233.9033966,998.1724854,20.52849007,20.2634201,19.60866928,21.34938049,23.55809021,56.74346161,43.20460892,2.315000057,0.05586497780000001
0.1442800999,0.1392536998,0.1094661951,0.1114505053,0.1078137994,0.0300817311,0.9368562698,0.028511193583333334,1.99958396,-0.233224407,0.921250582,-0.04826786,49.71194839,233.1291046,998.1721802,20.52858925,20.26354027,19.65571976,21.3502903,23.56225967,56.67198944,43.22566986,2.07249999,0.05586497780000001
0.1440670967,0.1391569018,0.10943039660000001,0.1115185976,0.1078132987,0.029891741300000003,0.7179827213000001,0.02855622186111111,1.994853973,-0.087429233,0.923545182,-0.048944339,45.27574158,232.7006989,998.171875,20.5286808,20.26366043,19.66300964,21.35119057,23.56642914,56.60052109,43.24673843,2.317500114,0.0558649898
0.14401329759999998,0.1391353965,0.10939470529999999,0.1115865946,0.1078261018,0.0298248798,0.7938034058000001,0.02844000075,1.990123987,-0.195553705,0.925839722,-0.01163884,45.27574158,230.3869934,998.1716919,20.52877998,20.26376915,19.65180016,21.35209084,23.57060051,56.52904892,43.26779938,2.160000086,0.05586500170000001
0.14400440450000002,0.13911390299999998,0.10935889480000001,0.11145559549999999,0.1078387976,0.029827219199999998,0.6743521214,0.02825588861111111,1.985394001,-0.246933699,0.928134322,-0.02362005,45.27574158,230.1909027,998.1713867,20.52887917,20.26388931,19.6406002,21.35300064,23.57476997,56.51662064,43.28886032,2.036250114,0.0558650076
0.143995595,0.1391461015,0.1092247963,0.1114212036,0.10785160060000001,0.029829558699999998,0.8181220055,0.028152889666666667,1.984884977,0.063253567,0.930428922,-0.00787335,45.27574158,236.1486053,998.1710815,20.52898026,20.26400948,19.62940025,21.35390091,23.57893944,56.52389145,43.30992889,1.991250038,0.0558650076
0.1439867973,0.1391962051,0.1092545986,0.1114410043,0.10786429639999999,0.0298319012,0.7580369949,0.028103555055555555,1.985782981,-0.143458501,0.932723522,-0.04369041,63.44855118,240.0986023,998.1707764,20.52907944,20.26412964,19.61819077,21.35479927,23.58311081,56.53115082,43.33098984,2.077500105,0.055865019599999996
0.1439779043,0.13902850149999998,0.10935000180000001,0.11146080490000002,0.1078770041,0.0298342496,0.7973795891,0.028079388944444443,1.986680031,-0.246635705,0.935018122,-0.01456347,69.50615692,238.7122955,998.1704712,20.52916908,20.2642498,19.60699081,21.35570908,23.58728027,56.53841019,43.35205078,2.230000019,0.055865031499999995
0.1439690948,0.139031601,0.10921289919999999,0.1114454985,0.1078896999,0.029793891300000003,0.6464570999,0.028047917694444445,1.987578034,-0.246397302,0.937312722,-0.040462811,69.50615692,238.1869049,998.1702271,20.52927017,20.26436043,19.59579086,21.35660934,23.59144974,56.54566956,43.37311935,2.299999952,0.0558650374
0.1438151002,0.1389575005,0.1091950059,0.1114184976,0.107902503,0.029739311299999998,1.009815979,0.028031027055555553,1.992472053,-0.246158794,0.941332519,-0.03774973,69.50615692,238.4022064,998.1699219,20.52936935,20.26448059,19.58457947,21.35750961,23.59560966,56.55292892,43.36054993,2.220000029,0.0558650374
0.1438689947,0.1390638947,0.1092427015,0.1113914967,0.1079151988,0.029684731399999997,0.9640377998,0.028020415833333333,1.99869895,-0.245920405,0.945927322,-0.046437342,69.50615692,238.6174011,998.1696777,20.52947044,20.26460075,19.57337952,21.35840988,23.59977913,56.56018829,43.33678818,2.190000057,0.0558650494
0.1440083027,0.13944200280000002,0.1092368007,0.11136460299999999,0.10785579679999999,0.0298271686,0.9897853851,0.02799197302777778,2.004925013,-0.06060674,0.950522184,-0.031958301,70.84269714,236.6938019,998.1693726,20.52956963,20.26472092,19.56217957,21.35931969,23.6039505,56.56745148,43.3130188,2.092499971,0.0558650613
0.1439576983,0.13930820230000002,0.1090162039,0.11133760210000002,0.10782200099999999,0.0304257303,0.8560324669,0.027970695500000003,2.011152029,-0.163724393,0.955117106,-0.00639166,71.28820801,234.0570984,998.1691284,20.52965927,20.26483917,19.55097008,21.36021996,23.60811996,56.57471085,43.28924942,2.292500019,0.05586506719999999
0.1441527963,0.1394124031,0.1090788007,0.1113106012,0.10780470369999999,0.0301668912,0.6128400803,0.027953804861111112,2.017378092,-0.230840206,0.959712029,0.0,71.28820801,236.8408966,998.1688232,20.52976036,20.2649498,19.53977013,21.36112022,23.61228943,56.58197021,43.26548004,2.234999895,0.05586506719999999
0.14419490100000001,0.1394392014,0.1092576027,0.11114720110000001,0.1077872992,0.030064231200000003,0.7194114208,0.027936916361111112,2.018177986,-0.02388973,0.960147202,-0.051115911,71.28820801,241.4315033,998.1685181,20.52985954,20.26506996,19.52856064,21.36203003,23.6164608,56.58922958,43.24171066,2.272500038,0.0558650792
0.1441516042,0.13939249520000002,0.10926059480000001,0.11128710509999999,0.1077700019,0.0301233411,0.8338575363,0.027920027833333336,2.017169952,-0.172784403,0.959195912,-0.01703864,71.28820801,240.9263,998.1682129,20.52996063,20.26519012,19.51736069,21.3629303,23.62063026,56.59648895,43.21794891,2.42750001,0.0558650911
0.1441082954,0.13934589619999999,0.1092049003,0.1112959027,0.1077525973,0.030182451,0.8617544174,0.02789494408333333,2.016160965,0.05455118,0.958244622,0.0,55.14559937,238.7223969,998.1679077,20.53005981,20.26531029,19.63220024,21.36383057,23.62479973,56.60374832,43.19417953,2.214999914,0.055865096999999996
0.14421509500000002,0.13943680519999999,0.10914930110000001,0.11122230289999999,0.10773530010000001,0.030198401200000002,0.7616133213,0.02787538952777778,2.015151978,0.158264905,0.957293212,-0.02573425,49.76472855,236.5186005,998.1676025,20.5301609,20.26542091,19.67140961,21.36473083,23.62895966,56.61101913,43.17041016,2.137500048,0.055865096999999996
0.144205296,0.1395735025,0.1089833975,0.11114879849999999,0.10771800279999999,0.0304502308,0.8431559563000001,0.02785861122222222,2.010217905,0.401574701,0.955286622,-0.031979091,49.76472855,235.9676056,998.1674194,20.53025055,20.26553917,19.67140961,21.36564064,23.63312912,56.61827087,43.18817902,2.057499886,0.055865109
0.14444040060000002,0.13984520439999998,0.10878080130000001,0.1110751987,0.1077005982,0.030785501,0.7830708981,0.02784183288888889,2.003976107,0.108553797,0.952928305,0.01335988,49.76472855,237.6486969,998.1671143,20.53034973,20.26565933,19.67140961,21.36654091,23.63730049,56.62553024,43.21977997,2.352499962,0.055865120899999995
0.1447756052,0.14016180039999998,0.1087389946,0.1110015988,0.10768330100000001,0.0311207503,0.6106925011000001,0.02784658433333333,1.997732997,-0.091124773,0.950569928,-0.04664788,51.9693718,240.4275055,998.166687,20.53045082,20.2657795,19.71846962,21.36743927,23.64146996,56.63278961,43.25138092,2.152499914,0.055865132799999995
0.1449627995,0.140478301,0.108750999,0.11098660229999999,0.10766589639999999,0.0314560086,0.8023863792,0.027819777583333333,1.99149096,-0.061083589,0.94821161,-0.01790043,52.70425034,235.8941956,998.1663818,20.53055,20.26589966,19.73415947,21.36834908,23.64563942,56.64006042,43.2829895,2.079999924,0.055865132799999995
0.14533900019999998,0.1406216979,0.1087628961,0.11099109650000001,0.1076323986,0.0317912698,0.8281373978,0.027791972694444445,1.98524797,-0.141074196,0.945853174,0.0,52.70425034,231.5001068,998.1661987,20.53064919,20.26601028,19.73415947,21.36924934,23.64981079,56.64731979,43.3146019,2.022500038,0.055865138800000005
0.14546760320000002,0.1407073021,0.1087748051,0.1109956026,0.1075934052,0.0318618208,0.9003782272,0.02777902813888889,1.979006052,-0.144531399,0.943494916,-0.063156612,52.70425034,229.8455963,998.1658936,20.53074074,20.26613045,19.73415947,21.37014961,23.64785957,56.65457916,43.34619904,2.329999924,0.0558651507
0.1456640005,0.1407928944,0.10882250069999999,0.1110000968,0.10755449530000001,0.0318441212,0.8209848404000001,0.027740953233333334,1.976963997,-0.144769803,0.941136599,-0.066509798,52.70425034,226.9230042,998.1655884,20.53083992,20.26625061,19.73415947,21.37105942,23.6438694,56.66183853,43.37781143,2.095000029,0.0558651626
0.14547779560000001,0.1406844974,0.10888210540000001,0.1110046029,0.107515502,0.0318264186,0.7930899143000001,0.027726052602777777,1.976323009,0.180914998,0.939270318,-0.01515253,64.29614258,226.0350037,998.1652832,20.5309391,20.26637077,19.8282795,21.37195969,23.63987923,56.66910172,43.40940857,2.257499933,0.0558651626
0.1451444983,0.14051150080000002,0.10894169810000001,0.1110162973,0.107476604,0.0316832691,1.049157047,0.02772208107777778,1.975680947,0.127866,0.93756789,-0.061433509,68.16011047,224.6522064,998.164978,20.53104019,20.26649094,19.85964966,21.37285995,23.63588905,56.67636108,43.44102097,2.305000067,0.0558651686
0.14512640240000002,0.1404515982,0.1090013027,0.11103030439999999,0.1074375987,0.031498301,0.7773507118,0.027714129552777775,1.982390046,0.3604469,0.935865581,-0.065484866,68.16011047,221.108902,998.1646729,20.53113937,20.26659966,19.85964966,21.37376976,23.63191032,56.68362045,43.42295074,2.132499933,0.0558651805
0.1450602055,0.1404294968,0.1089267969,0.111044395,0.10744010209999999,0.031532219099999995,0.8431559563000001,0.027695918613888888,1.991549015,0.054789621,0.934163272,-0.064849392,68.16011047,219.222702,998.1644287,20.53123093,20.26671982,19.85964966,21.37467003,23.62792015,56.69087982,43.38832092,2.3125,0.0558651924
0.1449429035,0.1402798057,0.10903999810000001,0.1110584974,0.10745630260000001,0.0313919395,0.7566063881,0.027680685255555556,2.000708103,-0.1208084,0.931895912,0.01839285,68.16011047,223.3238068,998.1641235,20.53133011,20.26683998,19.85964966,21.3755703,23.62392998,56.69813919,43.3536911,2.119999886,0.0558651924
0.1448256016,0.14034490589999998,0.10881949660000001,0.1110725999,0.1074725986,0.0314012289,0.6621909142,0.027661482494444445,2.009866953,-0.1980571,0.929440081,0.041331831,63.24201965,232.4253998,998.1638794,20.53142929,20.26696014,19.83612061,21.37647057,23.6199398,56.70539856,43.31906128,2.082499981,0.0558651984
0.1449295998,0.1402794957,0.1088552952,0.1109765053,0.1074571013,0.0314878404,0.6450247765,0.027657174005555552,2.01265502,-0.083256848,0.926984429,0.00988744,61.60266113,242.6109009,998.1635742,20.53153038,20.26707077,19.82427979,21.37738037,23.61595917,56.71266174,43.28443146,2.295000076,0.0558652103
0.1448456049,0.14014199970000002,0.10902220010000001,0.11099050049999999,0.10743119720000001,0.0313563496,0.7494575024000001,0.027649557325,2.013319016,0.244216099,0.924528599,0.0,61.60266113,245.1573029,998.1633301,20.53162956,20.26719093,19.81895065,21.37828064,23.6119709,56.71992111,43.24980164,2.345000029,0.055865222199999995
0.1446743965,0.1397601962,0.10918910500000001,0.11105350259999999,0.1074051976,0.030966559100000002,0.7673353195,0.027633003658333332,2.013983011,-0.03438032,0.922072887,-0.05339108,61.60266113,241.696701,998.1630249,20.53171921,20.26730919,19.81361961,21.37918091,23.60798073,56.72718048,43.21517181,2.452500105,0.055865222199999995
0.14429479839999998,0.1392969012,0.10923080439999999,0.11111639740000001,0.1073793054,0.030514898899999997,0.7916575909,0.02762141333611111,2.014647007,-0.198653296,0.919617116,-0.06118387,67.18356323,233.781601,998.1627197,20.5318203,20.26742935,19.80828094,21.38009071,23.60399055,56.73443985,43.18053818,2.430000067,0.05586522819999999
0.14407089950000002,0.1390254974,0.10923080439999999,0.1111793995,0.10743349790000001,0.0300632387,0.7029623032,0.027595252991666666,2.015311003,0.027609451,0.91884011,-0.047844891,69.04386139,222.0509033,998.1624146,20.53191948,20.26754951,19.80294991,21.38098907,23.60000038,56.74169922,43.14590836,2.207499981,0.055865240100000005
0.1436882019,0.1388180017,0.1089804053,0.1111456037,0.1075144053,0.030043938799999996,0.9404309273000001,0.027596249049999997,2.015974998,0.181868702,0.918622673,0.01118481,69.04386139,221.6309967,998.1621094,20.53202057,20.26766014,19.79762077,21.38188934,23.59601974,56.76231003,43.16189957,2.019999981,0.055865252
0.1436094999,0.1387264013,0.1088075995,0.11107950209999999,0.1075093985,0.030010131000000002,0.7473082066,0.027583003575,2.008131981,-0.08802525,0.918405294,0.00743745,69.04386139,222.5440063,998.1619263,20.53211975,20.2677803,19.79228973,21.38279915,23.59202957,56.78736877,43.19477081,2.339999914,0.055865252
0.1433413029,0.1384829044,0.108849299,0.11101349590000001,0.10747590069999999,0.029923459899999998,0.9790596008,0.02756136576388889,1.997452974,-0.138689995,0.918187916,0.02640957,69.04386139,237.6260986,998.1616211,20.5322094,20.26790047,19.78694916,21.38369942,23.5880394,56.81243134,43.22763062,2.174999952,0.055865257999999994
0.14321980480000002,0.1383919954,0.1086585045,0.11099679469999998,0.1074422956,0.0298367798,0.8732002258,0.02753973007222222,1.986775041,-0.163962707,0.917970479,0.099037491,66.33094788,256.3501892,998.1613159,20.53231049,20.26802063,19.60585022,21.38459969,23.58404922,56.83747864,43.26050186,2.005000114,0.0558652699
0.1431823015,0.1383731008,0.1087121964,0.1109964967,0.1074087977,0.0297501087,0.8209848404000001,0.02753729926111111,1.983687997,-0.195911303,0.918846011,0.1017306,65.42664337,265.8356018,998.1608887,20.53240967,20.26814079,19.54593086,21.38550949,23.58005905,56.8625412,43.29336929,2.272500038,0.0558652818
0.14314490559999998,0.138349402,0.1088791013,0.11099619869999999,0.107476604,0.0295178294,0.6428808212,0.02753282970833333,1.983132958,-0.220230401,0.920085728,0.04346567,65.42664337,268.5586853,998.1607056,20.53251076,20.26824951,19.54593086,21.38640976,23.57607079,56.88759995,43.3262291,2.212500095,0.0558652818
0.1430616975,0.1383239985,0.1087867022,0.1109959006,0.10747970339999999,0.029536581,0.6629062176,0.027525543636111108,1.982576966,0.058365948,0.921325386,0.006527163,65.42664337,262.6347046,998.1604004,20.53260994,20.26836967,19.54593086,21.38731003,23.57209015,56.91265106,43.35910034,2.279999971,0.055865287799999996
0.1429633975,0.138298595,0.10860790010000002,0.110995698,0.1074499011,0.0296551794,0.8381491661,0.027504851022222224,1.982022047,-0.077415533,0.919803202,0.032837849,65.42664337,254.2545013,998.1600952,20.53269958,20.26848984,19.54593086,21.3882103,23.56809998,56.93770981,43.39196014,2.079999924,0.0558652997
0.1430327058,0.1383288026,0.1086346984,0.1109084964,0.1074201941,0.029646488999999998,1.0162500380000001,0.027479682497222224,1.987905979,-0.219038293,0.917360306,-0.056725182,56.57688904,252.1595001,998.15979,20.53280067,20.26861,19.64003944,21.3891201,23.5641098,56.96276855,43.37157059,2.0,0.0558653116
0.143157804,0.1386239052,0.1084439993,0.1107923985,0.1073904037,0.0298826814,0.9540224074999999,0.02747637218888889,1.995937943,-0.2005606,0.914917409,-0.068802297,53.62696838,246.074295,998.1594849,20.53289986,20.26872063,19.67140961,21.39002037,23.56011963,56.98783112,43.33343887,2.180000067,0.0558653116
0.1435006976,0.13900120259999998,0.1083009005,0.11067630049999999,0.1074376941,0.030214649399999998,0.792369318,0.027463457319444443,2.003968954,-0.230124906,0.912474513,-0.01541509,53.62696838,239.0691071,998.1591797,20.53300095,20.26884079,19.67140961,21.39092064,23.5561409,57.01287842,43.29529953,2.112499952,0.0558653176
0.143916297,0.13937850000000002,0.1082054973,0.11056020259999999,0.1075106025,0.030696618599999996,0.7909422873999999,0.027444915772222224,2.012000084,0.06384965,0.910031617,-0.040258508,53.62696838,236.0310974,998.1588745,20.53310013,20.26896095,19.67140961,21.39183044,23.55215073,57.03794098,43.25716019,2.047499895,0.055865329500000005
0.1443318009,0.13955090050000002,0.1083963037,0.11044410469999999,0.1074159026,0.030984729500000002,0.6028264999,0.027436303033333335,2.020030975,0.207379803,0.90758872,-0.04062742,53.62696838,234.1923065,998.1586304,20.53318977,20.26907921,19.67140961,21.39273071,23.54816055,57.06299973,43.2190094,2.190000057,0.055865341400000004
0.1444390059,0.1396550059,0.1083963037,0.1104946971,0.10726530549999999,0.0311915487,0.8467322349999999,0.02741908391388889,2.021234989,-0.098754272,0.905145824,-0.05861054,63.65322113,232.3535004,998.1583862,20.53329086,20.26919937,19.76552963,21.39362907,23.54417038,57.08805084,43.18087006,2.164999962,0.055865341400000004
0.1444432974,0.1396113992,0.10840820069999998,0.11060090069999999,0.1072608948,0.0312131494,0.7272809982,0.027426700591666665,2.020164013,-0.217309698,0.902702928,-0.088388301,66.99530029,231.8937988,998.1580811,20.53339005,20.26931,19.7968998,21.39454079,23.54018021,57.11310959,43.14273071,2.222500086,0.0558653474
0.1442587972,0.1395184994,0.1084558964,0.1107071042,0.1073050976,0.0311729997,0.9254107475,0.027436964247222223,2.019093037,-0.233283997,0.900259972,-0.06976369,66.99530029,225.4019012,998.1577759,20.53348923,20.26943016,19.7968998,21.39543915,23.53619957,57.13816833,43.104599,2.309999943,0.05586535929999999
0.144303298,0.13965799809999999,0.1083336949,0.11068979500000001,0.1072926998,0.031132859000000002,0.9025240898,0.027519423166666664,2.01802206,-0.215819597,0.897817075,-0.035004959,66.99530029,223.7606964,998.1574707,20.53359032,20.26955032,19.7968998,21.39633942,23.5322094,57.1632309,43.12215042,2.202500105,0.0558653712
0.1444450974,0.1398748994,0.1081549048,0.1106313944,0.10726130009999998,0.0314321607,0.7916540146,0.027716119555555557,2.01168704,-0.230482504,0.895374179,-0.036016319,61.56045151,224.457901,998.1572266,20.53367996,20.26967049,19.79018021,21.39723969,23.52821922,57.13830185,43.15827179,2.227499962,0.055865377199999997
0.1447249055,0.1400918961,0.1081758022,0.11057300569999999,0.1072299957,0.0316454709,0.8553153038,0.027859166472222224,2.003597021,-0.2441919,0.892931223,-0.04895103,59.74882889,225.1549988,998.1569214,20.53377914,20.26977921,19.78120995,21.39814949,23.52422905,57.09671021,43.19438934,2.355000019,0.055865377199999997
0.1448354959,0.1403087974,0.10826309919999999,0.11051460500000002,0.1071987033,0.031792411199999995,0.8932256699,0.027895916833333333,1.995507002,-0.194838405,0.890488327,-0.01113308,59.74882889,223.5814056,998.1566162,20.53388023,20.26989937,19.77224922,21.39904976,23.52024078,57.05513,43.23051071,2.202500105,0.055865389099999996
0.1448744059,0.140525806,0.1083505988,0.1104562044,0.1071673036,0.0319393486,0.9862092018,0.02788369497222222,1.987416983,-0.229528904,0.888465703,0.043602418,59.74882889,222.9987946,998.1563721,20.53397942,20.27001953,19.76329041,21.39995003,23.51625061,57.01353836,43.26662064,2.267499924,0.055865401
0.1450554967,0.140477097,0.10862280129999999,0.1103978038,0.1071552992,0.031922039400000005,1.0720450400000001,0.027871750722222224,1.97932601,-0.247172102,0.88658309,-0.071395174,59.74882889,229.729599,998.1561279,20.53408051,20.27013969,19.75432014,21.40085983,23.51226997,56.97195053,43.30274963,2.355000019,0.055865412999999996
0.1450461984,0.1401447058,0.1086346984,0.1105818033,0.10714969640000001,0.0318499893,0.8760611534,0.027849555555555554,1.977223039,-0.1171128,0.884700477,-0.02857225,49.14950943,230.2359009,998.1558228,20.53417015,20.27025986,19.74535942,21.4017601,23.5082798,56.97306061,43.33885956,2.174999952,0.055865412999999996
0.14471009969999998,0.1397472978,0.1087896943,0.1106683016,0.1071441054,0.0313876092,0.7315724849999999,0.027843943694444442,1.977115035,0.352578908,0.882817924,0.0,45.6164093,227.9194031,998.1555176,20.53426933,20.27037048,19.73638916,21.40266037,23.50428963,56.98839951,43.37498093,2.327500105,0.0558654189
0.1442914963,0.1393499017,0.1087062955,0.1106953025,0.107138598,0.0310206592,0.7330011845,0.02783036125,1.977007031,-0.0238897,0.880935311,-0.044287588,45.6164093,225.6029053,998.1552124,20.53437042,20.27049065,19.72743034,21.40356064,23.50029945,57.0037384,43.41109848,2.309999943,0.0558654189
0.1440628052,0.1389525056,0.10881949660000001,0.1107223034,0.1071329951,0.0305734605,0.8939391135999999,0.027811832416666668,1.984884024,-0.233224496,0.879134297,-0.044462901,45.6164093,224.5762024,998.1549072,20.5344696,20.27061081,19.71846962,21.40447044,23.49632072,57.01908112,43.39200974,2.092499971,0.0558654428
0.1437057018,0.1387570024,0.1086585045,0.1107493043,0.1071274042,0.0303627104,0.7387249947,0.02779925027777778,1.995422959,-0.246099204,0.877360404,-0.009900123,45.6164093,223.9795074,998.1546021,20.53457069,20.27072906,19.7095108,21.40537071,23.49233055,57.03442001,43.35451126,2.045000076,0.0558654428
0.1434978962,0.1386288047,0.10855720040000001,0.1107023001,0.10712180140000001,0.030248039999999997,0.8717661858,0.027782694499999996,2.005961895,-0.247052893,0.875586629,-0.044027738,66.56484985,225.4588013,998.1542969,20.53466034,20.27084923,19.70054054,21.40626907,23.48834038,57.04975891,43.31700897,2.207499981,0.0558654487
0.14336119890000001,0.13850059509999998,0.10851750369999999,0.11063050029999999,0.10711619850000001,0.0301333815,0.827422142,0.027759168413888886,2.01650095,0.096751921,0.873812675,0.038708579,73.54766083,229.6896057,998.1541138,20.53475952,20.27095985,19.69157982,21.40623093,23.4843502,57.06510162,43.2795105,2.335000038,0.0558654487
0.1434108019,0.13850510119999998,0.1084776998,0.110718596,0.107110703,0.0300187111,0.7065384865000001,0.027745918697222222,2.018744946,-0.1147286,0.872038782,-0.009794234,73.54766083,237.1334076,998.1536865,20.53486061,20.27108002,19.68260956,21.40587997,23.48036003,57.08044052,43.24200058,2.082499981,0.0558654726
0.14327600000000001,0.1383702993,0.1086109042,0.1106037974,0.1071051002,0.029904040700000002,0.843871212,0.02773664898333333,2.018224001,-0.238112003,0.870264888,-0.035035212,73.54766083,238.0433044,998.1533813,20.53495979,20.27120018,19.67365074,21.40551949,23.47637939,57.09577942,43.20450974,2.170000076,0.0558654726
0.1430590034,0.1381744027,0.108533299,0.11072130200000001,0.10709949729999999,0.0297893792,0.9182596207,0.027722411686111108,2.017702103,-0.231913105,0.869924486,-0.00861295,58.56468964,236.4944,998.1530762,20.53506088,20.27132034,19.81258965,21.4051609,23.47238922,57.11111069,43.16701126,2.244999886,0.055865478499999996
0.14284210209999998,0.1379784942,0.10856310129999999,0.11067810060000001,0.1070938945,0.0295368105,0.9246969223000001,0.027706517113888888,2.01718092,-0.242165297,0.870061815,-0.021484841,53.57036972,236.107193,998.1528931,20.53515053,20.27142906,19.85964966,21.40480995,23.46839905,57.12644958,43.12950897,2.047499895,0.055865478499999996
0.1426251054,0.1377825975,0.1084439039,0.1106685042,0.10708830359999999,0.029517498599999997,0.8968018532,0.02769062042222222,2.016659021,-0.213912204,0.870199084,-0.007161613,53.57036972,241.2194061,998.1525879,20.53524971,20.27154922,19.85964966,21.40444946,23.46441078,57.14178848,43.0920105,2.272500038,0.0558655024
0.1425704002,0.1378731966,0.1082532048,0.1106997013,0.1070827007,0.0295912504,0.9754804611000001,0.02767472585,2.016138077,-0.070262842,0.870336413,-0.024109701,53.57036972,239.8737946,998.1522827,20.5353508,20.27166939,19.85964966,21.40409088,23.46042061,57.1571312,43.1062088,2.122499943,0.0558655024
0.1427932978,0.13805929420000002,0.108259201,0.1106351018,0.1070772052,0.0296650112,0.8910799025999999,0.027658831277777775,2.011334896,-0.02925422,0.870473683,-0.008036568,53.57036972,238.8059998,998.1519775,20.53544998,20.27178955,19.85964966,21.40373993,23.45643997,57.17247009,43.13766098,2.279999971,0.0558655083
0.1428745031,0.1381466031,0.10833070279999998,0.1105386019,0.10707160229999999,0.029738759999999996,0.9518766403000001,0.02764194064722222,2.005104065,-0.110615797,0.87116468,-0.01919583,47.70457077,238.7375031,998.1516724,20.53554916,20.27190971,19.78906059,21.40337944,23.4524498,57.18780899,43.16910172,2.472500086,0.0558655202
0.14288359879999998,0.13820099830000002,0.1082412958,0.110442102,0.1071037054,0.0298720986,0.7659048079999999,0.027624725766666667,1.998872995,-0.217667297,0.872040212,-0.000264975,45.7492981,238.6690979,998.1514282,20.53564072,20.27202034,19.76552963,21.40302086,23.44836044,57.2031517,43.20055008,2.210000038,0.0558655322
0.14309320450000002,0.1382555008,0.108259201,0.1104380965,0.1071483016,0.0298233211,0.5878043175000001,0.02761247211111111,1.992642045,-0.246575996,0.872915685,0.033507649,45.7492981,238.6006012,998.151123,20.5357399,20.2721405,19.76552963,21.40266991,23.44425011,57.2184906,43.23199081,2.109999895,0.0558655322
0.1430034041,0.13830989600000002,0.10833070279999998,0.11046500210000001,0.10711699720000001,0.029864341,0.9261257172,0.027588958738888888,1.986412048,-0.199368507,0.873791218,-0.01835878,45.7492981,238.532196,998.1508789,20.53583908,20.27226067,19.76552963,21.40230942,23.44013023,57.2338295,43.26343918,2.357500076,0.0558655381
0.1430749059,0.1383643031,0.1082502007,0.1104918957,0.107060504,0.029957738499999997,0.8188337325999999,0.027577039930555554,1.980180979,-0.2087861,0.87466681,-0.009615492,45.7492981,236.5877075,998.1505737,20.53594017,20.27238083,19.76552963,21.40196037,23.43601036,57.24916077,43.29487991,2.147500038,0.05586555
0.1432409048,0.138520205,0.1081190944,0.1104068995,0.10700390339999999,0.0301927,0.7158349990999999,0.027570417191666665,1.980566025,-0.03593003,0.882717729,0.0,42.9250412,235.9109955,998.1503296,20.53603935,20.27248955,19.78906059,21.40159988,23.43190002,57.26449966,43.32632065,2.162499905,0.055865562
0.1434067965,0.1387099028,0.1081042051,0.11028460259999999,0.10698970560000001,0.0304748505,0.7093976974,0.027551871405555556,1.983155012,-0.131418198,0.89934051,0.0,41.98361969,234.1842957,998.1500244,20.53613091,20.27260971,19.79101944,21.4012394,23.42778015,57.27983856,43.35776901,2.357500076,0.055865562
0.1435727954,0.1389814973,0.1079493046,0.1102836967,0.10698970560000001,0.030757001,0.6650518894,0.02754226896388889,1.985746026,-0.2302441,0.9072299,0.0,41.98361969,233.6125031,998.1497192,20.53623009,20.27272987,19.7831707,21.40089035,23.42366028,57.29518127,43.38920975,2.402499914,0.0558655679
0.1436143041,0.139280498,0.1080564976,0.11032320259999999,0.10698970560000001,0.0310391486,0.6393027782,0.027536968655555556,1.988335013,-0.220647603,0.903528392,-0.02533472,41.98361969,233.183197,998.1494141,20.53632927,20.27285004,19.77532959,21.40052986,23.41954994,57.31052017,43.38177872,2.242500067,0.055865579799999995
0.1441671968,0.139436698,0.10827109809999999,0.1102177978,0.10698970560000001,0.0310502708,0.6786417961,0.027511806488888887,1.990924954,-0.187030107,0.897162497,-0.008444905,41.98361969,232.6109009,998.1491089,20.53643036,20.2729702,19.76749039,21.40016937,23.41543007,57.32585907,43.36138916,2.077500105,0.0558655918
0.14433130030000002,0.1395452023,0.10821150539999999,0.1102642059,0.10698970560000001,0.031240481100000002,0.9697562218,0.027489950391666663,1.994215965,0.007343594,0.890796721,0.0,50.22006989,232.0384979,998.1488037,20.53652954,20.27308083,19.75964928,21.39982033,23.4113102,57.34120178,43.34098816,1.995000005,0.0558655918
0.144431603,0.1396538019,0.108060503,0.1103773952,0.10698970560000001,0.0315205097,0.8646154404,0.027471404605555555,1.99774003,0.164463803,0.884430826,-0.021498591,52.96554947,233.7261963,998.1486206,20.53661919,20.27319908,19.75180054,21.39945984,23.40719986,57.35654068,43.3205986,2.272500038,0.055865597700000005
0.1445742965,0.1399345994,0.1079095006,0.11030540470000001,0.10695489650000001,0.0318005413,0.6464570999,0.02746875551111111,2.001265049,0.323133796,0.880843818,-0.082541347,52.96554947,231.9281006,998.1483154,20.53672028,20.27331924,19.74395943,21.39911079,23.40307999,57.36418915,43.30020905,2.137500048,0.0558656096
0.1447170019,0.1402727008,0.1079835057,0.11017160420000001,0.1069085002,0.0320805699,0.7201265812,0.027471404605555555,2.004789114,0.097228751,0.878182888,-0.048859339,52.96554947,228.7171021,998.1478882,20.53681946,20.27343941,19.73612022,21.39875031,23.39896011,57.36928177,43.27981186,2.232500076,0.055865621600000005
0.1450983047,0.1404328942,0.1081325054,0.1100378036,0.1068619967,0.0321351707,0.7744861126,0.027511806488888887,2.008312941,-0.184228599,0.875522196,0.01999514,70.99849701,227.9143066,998.147583,20.53692055,20.27355957,19.59299088,21.39838982,23.39484978,57.37437057,43.25941849,2.095000029,0.055865621600000005
0.1450829029,0.140379703,0.10828150510000001,0.1100093961,0.1068156004,0.032114619,0.8817797661,0.027624390919444446,2.011837006,-0.241807595,0.872861385,0.049271949,77.00948334,232.4096069,998.1473999,20.53701973,20.2736702,19.54593086,21.39804077,23.3907299,57.37945938,43.23902893,2.359999895,0.0558656275
0.1449087024,0.1401193023,0.10843060019999999,0.110294497,0.1068218946,0.031905669,0.9783411026,0.02773598988888889,2.015362024,-0.233224407,0.872478724,0.06535621,77.00948334,240.9176025,998.1470947,20.53712082,20.27379036,19.54593086,21.39768028,23.38661003,57.38454819,43.21863937,2.192500114,0.0558656394
0.14473459719999998,0.1398069978,0.1084678054,0.1104508042,0.10688860419999999,0.0316339105,0.9668970108,0.02779194513888889,2.018886089,0.189498201,0.872855425,-0.02283909,77.00948334,244.5691986,998.1467896,20.53721046,20.27391052,19.54593086,21.39731979,23.38249969,57.38964081,43.19823837,2.339999914,0.05586565140000001
0.1445603967,0.13962390419999998,0.1084678054,0.1105332017,0.10696949959999999,0.0313621402,0.8252710342,0.027787971499999998,2.016621113,0.02212576,0.873232126,-0.01339447,77.00948334,238.9391022,998.1464844,20.53730965,20.27403069,19.54593086,21.39697075,23.37837982,57.39472961,43.17784882,2.150000095,0.05586565140000001
0.1444581985,0.13948379760000001,0.1086109042,0.1106156945,0.10698970560000001,0.031090378800000002,0.9962205887,0.027782361777777775,2.0124259,-0.194123194,0.873608828,0.0,71.53476715,234.4024963,998.1461792,20.53741074,20.2741394,19.68709946,21.39661026,23.37425995,57.39981842,43.15745926,2.150000095,0.0558656573
0.14422830339999998,0.1391844034,0.1085870981,0.11069810390000001,0.10698970560000001,0.0308977008,1.069894028,0.02776762008611111,2.008230925,0.219300896,0.873985529,0.0,69.70986938,233.9524994,998.145874,20.53750992,20.27425957,19.73415947,21.39624977,23.37014961,57.40491104,43.16873932,2.232500076,0.0558656693
0.143947804,0.13904589409999998,0.10849169489999999,0.1107805014,0.10698970560000001,0.0307313889,1.0276940350000001,0.02774840884722222,2.00403595,0.166252002,0.874362171,-0.041849561,69.70986938,234.469696,998.1456299,20.5376091,20.27437973,19.73415947,21.39590073,23.36602974,57.40999985,43.19057846,2.055000067,0.055865681199999996
0.14396799799999999,0.1389788032,0.1085214019,0.1107434034,0.1070062995,0.0305650711,0.9146834373000001,0.027724728055555557,1.999840975,0.017953379,0.875076711,-0.01394986,69.70986938,233.7023926,998.1453247,20.53770065,20.27449989,19.73415947,21.39554024,23.36190987,57.41508865,43.21242142,2.132499933,0.055865681199999996
0.1438670039,0.1390534043,0.10827109809999999,0.11066650149999999,0.1070284963,0.0306833714,0.742301321,0.027715451983333333,1.995646,-0.127960995,0.875903785,0.062377091,69.70986938,230.3748016,998.1450806,20.53779984,20.27462006,19.73415947,21.39517975,23.35779953,57.42018127,43.23426056,2.262500048,0.055865687100000005
0.1440430999,0.139339602,0.10814590449999999,0.1105895996,0.107069397,0.030896541500000003,0.6464552879000001,0.027700055438888888,1.991451025,-0.180533096,0.876730919,0.064061463,52.61312103,241.1531982,998.1447754,20.53790092,20.27473068,19.73415947,21.3948307,23.35367966,57.42527008,43.2560997,2.335000038,0.0558656991
0.1443361998,0.1394325018,0.10849169489999999,0.1103837013,0.1071164966,0.0308479697,0.82742033,0.027680850558333334,1.98725605,-0.214508295,0.877558112,-0.007869368,46.91421127,245.7503052,998.1444702,20.53800011,20.27485085,19.73415947,21.39447021,23.34955978,57.43035889,43.27793884,2.057499886,0.055865711
0.1441776991,0.13921920059999998,0.1085036039,0.11046520470000001,0.1071637034,0.030928918700000002,0.9425783157,0.02765220853888889,1.983060956,-0.129629999,0.878385186,0.033770218,46.91421127,246.6405945,998.1442261,20.53809929,20.2749691,19.73415947,21.39411926,23.34544945,57.43545151,43.29977036,2.275000095,0.055865711
0.1440783978,0.1389312983,0.1086465955,0.1106567025,0.1071755052,0.030613189899999997,0.9332799911,0.02764128367222222,1.978865981,0.300722092,0.87921232,0.088673078,46.91421127,243.7725067,998.1439209,20.53819084,20.27508926,19.73415947,21.39376068,23.34132957,57.44054031,43.3216095,2.349999905,0.055865722900000005
0.14404900069999999,0.1386435986,0.10853630299999999,0.1107805014,0.1071755052,0.030462428899999998,1.0062359810000001,0.027648237016666664,1.980672002,-0.044513252,0.880039394,0.053649589,46.91421127,245.2790985,998.1436157,20.53829002,20.27519989,19.73415947,21.39340019,23.3372097,57.44562912,43.34344864,2.11500001,0.0558657289
0.1437070966,0.1386788011,0.10830980539999999,0.1108818054,0.1071954012,0.0304187596,0.7780642033,0.027633995480555555,1.984478951,0.019264691,0.880866528,0.034169588,61.94015121,248.661499,998.1433105,20.53838921,20.27532005,19.78121948,21.39304924,23.33309937,57.45072174,43.3652916,2.355000019,0.0558657289
0.1435932994,0.13882180449999998,0.10835160020000001,0.1107257962,0.10722190140000001,0.0303750992,0.9955104828,0.027611478169444443,1.988286018,-0.067282587,0.881693602,0.028760539,66.9487915,252.0440063,998.1431274,20.5384903,20.27544022,19.79166985,21.39269066,23.32897949,57.45581055,43.38713074,2.220000029,0.055865740799999994
0.1437862992,0.1388707995,0.1084826946,0.1106284022,0.10724849700000001,0.0303530604,0.8817832946999999,0.027593928444444443,1.992092967,-0.212839395,0.882520676,0.042042941,66.9487915,248.5545044,998.1428223,20.53858948,20.27556038,19.78470039,21.39233017,23.33200073,57.4702301,43.37247849,2.342499971,0.05586575270000001
0.1437700987,0.1388885975,0.1086138964,0.1105790973,0.1072749972,0.030338230700000003,1.050586987,0.02756511688333333,1.996780992,-0.147273198,0.883347809,0.01173029,66.9487915,242.7743073,998.1425171,20.53867912,20.27568054,19.77773094,21.39197922,23.33740044,57.48777008,43.34566116,2.477499962,0.055865758700000004
0.1436622977,0.1386819005,0.10874500270000001,0.1106873035,0.1073014975,0.0302003801,0.9719057082999999,0.02755584505,2.001761913,-0.117708802,0.8852669,0.021611771,70.6036911,241.3292999,998.1422119,20.53878021,20.27578926,19.77075958,21.39162064,23.34280014,57.50531006,43.31885147,2.327500105,0.055865758700000004
0.1433964014,0.1386487961,0.10866600280000001,0.1108479977,0.10732799770000001,0.0300215214,0.85460186,0.0275545205,2.006743908,-0.211528003,0.887550116,0.007203923,71.82199097,240.1795959,998.1419067,20.53887939,20.27590942,19.76379013,21.39126015,23.34819984,57.52285004,43.29204178,2.1875,0.055865770599999996
0.1434378982,0.13869849439999998,0.10851700310000001,0.1108476996,0.1073546052,0.029995089800000003,0.6829350948,0.027543262905555557,2.011724949,-0.245026305,0.889833212,0.0,71.82199097,239.3455048,998.1416016,20.53898048,20.27602959,19.75680923,21.39090919,23.35359955,57.54037857,43.26522064,2.212500095,0.0558657825
0.1435992956,0.1388474941,0.1083680034,0.1107938051,0.10736119749999999,0.0302313,0.8088236809,0.027521241505555554,2.01670599,-0.074912071,0.892116308,0.054043699,71.82199097,243.1959076,998.1412964,20.53907967,20.27614975,19.74983978,21.39055061,23.35899925,57.55791855,43.23841095,2.065000057,0.0558657885
0.1437608004,0.1390295982,0.1082190037,0.1107398987,0.10736119749999999,0.0305381089,0.8181211472,0.027496738433333334,2.021687984,-0.1534722,0.894399405,0.018014571,71.82199097,246.1080017,998.1409912,20.53918076,20.27626991,19.74287033,21.39019966,23.36440086,57.57545853,43.21160126,2.025000095,0.0558657885
0.14392219779999998,0.13903269769999999,0.10855720040000001,0.1105767965,0.10736119749999999,0.0304711699,0.7523140907,0.027493591308333332,2.021861076,-0.136425003,0.895343482,0.0,76.84042358,245.0644989,998.140686,20.5392704,20.27638054,19.73590088,21.38983917,23.36980057,57.59299088,43.18478012,2.299999952,0.0558658004
0.1437914014,0.13881449699999998,0.108691299,0.1106721997,0.10736119749999999,0.030279639400000002,0.9547361374,0.027508491938888886,2.020431995,-0.146438703,0.89584142,0.0,78.513237,240.3191986,998.1403809,20.53936958,20.2765007,19.73415947,21.38948059,23.37520027,57.61053085,43.15797043,2.112499952,0.0558658123
0.14356329439999999,0.1387323022,0.108703196,0.11086590290000001,0.10736119749999999,0.0300880998,1.001945019,0.027560814752777777,2.019001961,-0.223925993,0.896339178,0.037132721,78.513237,238.7891998,998.1400757,20.53947067,20.27662086,19.73415947,21.38912964,23.38059998,57.62807083,43.13114929,2.297499895,0.0558658183
0.1436344028,0.1388749003,0.1085809946,0.11086469889999999,0.10736119749999999,0.030227708800000003,0.8431577682,0.027667111291666664,2.011569023,-0.223449096,0.896837115,-0.037019189,78.513237,238.6257019,998.1397705,20.53956985,20.27673912,19.73415947,21.38876915,23.38600922,57.64561081,43.15697098,2.150000095,0.0558658183
0.14380530119999999,0.1390714049,0.1084141016,0.11079850200000001,0.10736119749999999,0.0304776788,0.7437318802,0.02781944486111111,2.002135038,-0.233343706,0.897334874,-0.04116397,78.513237,238.4622955,998.1395874,20.53967094,20.27684975,19.73415947,21.38841057,23.39141083,57.59436035,43.2003212,2.257499933,0.05586584209999999
0.1441558957,0.13926780219999998,0.1084887028,0.110732305,0.10736119749999999,0.0306307703,0.7337164879,0.027928723222222222,1.992699981,-0.240257904,0.896694124,-0.008232794,80.40003967,237.1170044,998.1392822,20.53976059,20.27696991,19.73415947,21.38805962,23.39681053,57.52019119,43.24367142,2.132499933,0.05586584209999999
0.1443011999,0.1394642949,0.10864369869999999,0.1106660008,0.10736119749999999,0.0307515591,1.0341349599999998,0.02803002675,1.983265996,-0.110794596,0.895673573,0.0,81.02897644,239.7454071,998.1389771,20.53985977,20.27709007,19.73415947,21.38769913,23.40221024,57.44601822,43.28702927,2.088749886,0.055865848100000004
0.1443580031,0.1395552993,0.10862879750000001,0.11071020359999999,0.1073698997,0.030872339,1.114247036,0.02812374963888889,1.980571985,0.129892603,0.894653082,-0.055568609,81.02897644,239.1188965,998.1386719,20.53996086,20.27721024,19.73415947,21.38734055,23.40760994,57.37184906,43.33037949,2.113749981,0.055865848100000004
0.1444146991,0.1396111965,0.10875389579999999,0.1107910991,0.1073933005,0.030829679999999998,0.9404344559,0.02820836172222222,1.980126023,-0.1254576,0.89363271,-0.01852287,81.02897644,236.9221954,998.1384277,20.54006004,20.2773304,19.73415947,21.38698959,23.41300964,57.2976799,43.37372971,2.382499933,0.055865871899999996
0.1444715023,0.13966699840000002,0.1087479949,0.11084480290000001,0.1074208021,0.030898210399999997,0.9897853851,0.028291138555555557,1.979679942,-0.157048598,0.892612278,-0.064530373,81.02897644,234.7254944,998.1381226,20.54015923,20.27743912,19.73415947,21.3866291,23.41840935,57.2234993,43.41707993,2.154999971,0.055865871899999996
0.1447110057,0.13999340529999998,0.1086765051,0.1108893991,0.1074481964,0.0310219586,0.8488798141,0.028365972305555556,1.97923398,0.069094963,0.891591787,-0.02151012,55.36648941,234.1763,998.1378174,20.54025078,20.27755928,19.78121948,21.38627052,23.42380905,57.14933014,43.40428925,2.049999952,0.055865877900000006
0.1448021054,0.1400897026,0.1087896943,0.11081780199999999,0.1074756026,0.031145709799999997,0.9189748764000001,0.028438167583333333,1.984735012,0.337081492,0.890571415,0.0,46.81232071,234.3117065,998.1375732,20.54034996,20.27767944,19.78808022,21.38591957,23.42921066,57.07516098,43.37277985,2.289999962,0.055865877900000006
0.14482359890000002,0.14007929560000001,0.1089645982,0.1108715057,0.10750299690000001,0.0310886502,0.85460186,0.028511861166666666,1.992220044,0.135495499,0.889550924,-0.0487676,46.81232071,236.3092041,998.1373291,20.54044914,20.27779961,19.77630997,21.38555908,23.43461037,57.00099182,43.341259,2.407500029,0.0558659017
0.14484490160000002,0.1400689006,0.10913939479999998,0.11097979549999999,0.10753040309999999,0.0309713215,0.8789205551,0.028586027361111113,1.999704003,0.119998097,0.888530493,0.027405711,46.81232071,235.6463013,998.1370239,20.54055023,20.27791023,19.76454926,21.38521004,23.44001007,56.92681885,43.3097496,2.232500076,0.0558659017
0.1448662996,0.1402426004,0.1090221047,0.1110882044,0.1075577974,0.031023070200000002,0.9783414841000001,0.028649277166666667,2.007189035,-0.148942202,0.888758183,-0.0386713,54.35110855,235.5756073,998.1367188,20.54064941,20.2780304,19.75278091,21.38484955,23.44540977,56.85264969,43.2782402,2.335000038,0.055865907699999995
0.1450202942,0.140477705,0.1088075042,0.1110741019,0.10758520359999998,0.0312837094,0.8202643394000001,0.02867808236111111,2.014672995,-0.2368007,0.889401913,-0.017741719,56.86404037,233.5679016,998.1364136,20.54073906,20.27815056,19.7410202,21.38448906,23.45080948,56.77848053,43.2467308,2.089999914,0.055865907699999995
0.1454071999,0.1407127023,0.1088314056,0.11101919410000001,0.1076125979,0.0315951914,0.664336586,0.028417472833333336,2.015598059,-0.241330802,0.890045583,0.02072937,56.86404037,230.7277069,998.1361084,20.54084015,20.27827072,19.72924995,21.38414001,23.45620918,56.70429993,43.21520996,2.305000067,0.0558659315
0.1456660986,0.1407799006,0.10893470050000001,0.1109642982,0.1076400042,0.0316955596,0.8796339988999999,0.02815619363888889,2.014336109,0.206306905,0.890689373,0.00690979,56.86404037,230.0177002,998.1358032,20.54093933,20.27839088,19.71748924,21.38377953,23.46161079,56.7563591,43.18370056,2.154999971,0.0558659315
0.1457532048,0.1407909989,0.10903810259999999,0.111006403,0.1076673985,0.031725558599999995,1.032701015,0.02805686102777778,2.013073921,-0.096012458,0.891333222,-0.047746882,56.86404037,231.3408966,998.135498,20.54104042,20.2784996,19.7057209,21.38342094,23.4670105,56.8504982,43.15219116,2.047499895,0.0558659375
0.1458042979,0.14080209729999998,0.10926049950000001,0.11108080149999999,0.1076948047,0.0316645294,0.9382867813000001,0.028086666527777776,2.011811018,-0.233582005,0.891976893,-0.05152826,58.94078827,228.196701,998.1353149,20.5411396,20.27861977,19.91456032,21.38306999,23.4724102,56.82487106,43.16120911,2.017499924,0.0558659375
0.1456032991,0.1407016039,0.10927250390000001,0.1111551046,0.10772219899999999,0.0315731615,0.8238458633000001,0.028153887861111112,2.007788897,-0.230959401,0.890725195,-0.05494424,59.63304138,225.987793,998.1348877,20.54122925,20.27873993,19.98514938,21.3827095,23.47780991,56.75931168,43.18373871,2.092499971,0.0558659613
0.1453181028,0.1404394984,0.1094691992,0.1112295032,0.1077558041,0.031237441300000002,0.9940767288,0.02823205525,2.002846003,-0.176122293,0.888841629,-0.02166182,59.63304138,227.5308075,998.1345825,20.54133034,20.27886009,19.98514938,21.38235092,23.48320961,56.69374847,43.20626831,2.269999981,0.0558659613
0.14503300189999999,0.1401360989,0.1095720053,0.1113469005,0.1077913046,0.030820271399999998,1.110669041,0.028323777527777778,1.997902036,-0.004219897,0.886958122,0.026030621,59.63304138,232.6327972,998.1342773,20.54142952,20.27898026,19.98514938,21.38199997,23.48862076,56.62818909,43.22880173,2.057499886,0.0558659673
0.1449617028,0.13983260390000002,0.10961370470000001,0.1114786029,0.10782690049999999,0.030509188799999996,0.975481987,0.02839777841666667,1.992959023,0.769340575,0.885074615,-0.053261731,59.63304138,234.7978058,998.1340942,20.54153061,20.27909088,19.98514938,21.38163948,23.49401093,56.5626297,43.25133133,2.150000095,0.055865979200000006
0.144471395,0.1395292044,0.1096554995,0.11146140099999999,0.107862401,0.0302334607,0.9869244576,0.028464667000000003,1.988016009,0.096036568,0.883190989,-0.020916721,49.02370834,235.6954956,998.1337891,20.54162979,20.27920914,19.72632027,21.3812809,23.49942017,56.49707031,43.27386093,2.247499943,0.0558659911
0.14416589740000002,0.1392258048,0.1096971989,0.1116183043,0.10789799689999999,0.0298758686,1.2587269779999999,0.028517165722222224,1.983072996,-0.234774202,0.881307483,0.0,45.48727036,232.1430969,998.1334839,20.54171944,20.2793293,19.64003944,21.38092995,23.50481987,56.43151093,43.29639053,2.319999933,0.0558659911
0.1441069007,0.1398066998,0.10935000180000001,0.1116657972,0.1079334974,0.029884249,0.8703338623000001,0.028534028805555556,1.983834982,0.147058994,0.881357014,-0.049696282,45.48727036,229.3733063,998.1331787,20.54182053,20.27944946,19.64003944,21.38056946,23.51021957,56.36595917,43.31892014,2.430000067,0.055865997099999995
0.1440912962,0.1395822048,0.10912350420000001,0.1114768982,0.10794039959999999,0.030683240299999998,0.8910780907,0.028515832694444444,1.986500025,0.196769997,0.882050812,-0.041413572,45.48727036,230.7494965,998.1328735,20.54191971,20.27956009,19.64003944,21.38022041,23.51561928,56.30039978,43.34144974,2.242500067,0.05586600900000001
0.14422999620000002,0.1394387007,0.1092188001,0.11135790350000001,0.1079377055,0.0304050386,1.0212570189999999,0.028472444750000003,1.989164948,-0.066090479,0.88274461,-0.008282714,61.5067482,233.2559052,998.1326294,20.5420208,20.27968025,19.75684929,21.37985992,23.52102089,56.23484039,43.36397934,2.289999962,0.05586600900000001
0.1444200993,0.1394443989,0.1093937039,0.1112815976,0.1079350948,0.0300553799,0.8431524277,0.02826250075,1.991829038,-0.127245799,0.883438408,0.04220099,66.84657288,233.8825073,998.1323242,20.54211998,20.27980042,19.79578018,21.37949944,23.52642059,56.22824097,43.38650894,2.329999924,0.0558660209
0.1441998005,0.13913569450000002,0.1095685005,0.1113868952,0.10793240070000001,0.029826021200000004,1.175039959,0.028082360166666664,1.994493961,-0.192931101,0.884132206,0.052753039,66.84657288,240.2108002,998.1320801,20.54220963,20.27992058,19.79578018,21.37915039,23.5318203,56.24129868,43.37247849,2.404999971,0.0558660328
0.1439947009,0.1390061975,0.10948710440000001,0.11155279870000001,0.10792980190000001,0.029596650600000003,0.8917915344,0.028017472166666665,1.998252034,-0.158121407,0.884826005,0.048066448,66.84657288,250.283905,998.1317749,20.54231071,20.28004074,19.79578018,21.3787899,23.53722,56.2543602,43.34627914,2.167500019,0.0558660388
0.1438400984,0.1389714003,0.1093201995,0.1115421057,0.1079270959,0.02961317,0.7873660088000001,0.027966804499999998,2.002374887,-0.211885601,0.885519922,-0.02026681,66.84657288,252.5632019,998.1314697,20.5424099,20.28014946,19.79578018,21.37844086,23.54261971,56.26742172,43.32006836,2.267499924,0.0558660388
0.1438313961,0.1390035033,0.109296298,0.11147270199999999,0.1079244018,0.0297116488,1.017685032,0.027951889027777777,2.006498098,-0.240257904,0.88621372,-0.0106635,69.87712097,246.4496002,998.1312256,20.54250908,20.28026962,19.72603035,21.37808037,23.54801941,56.28047943,43.29386139,2.112499952,0.0558660507
0.1438712955,0.1390578985,0.1093201995,0.1114032984,0.10792180300000001,0.0298101306,1.013389969,0.027937666583333333,2.010621071,-0.245503202,0.885271311,0.0,70.88730621,241.9069061,998.1309204,20.54261017,20.28038979,19.70178032,21.37771988,23.55341911,56.29354095,43.2676506,2.325000048,0.0558660626
0.1439111948,0.1391123056,0.10918309690000001,0.11148929599999999,0.10791909690000001,0.0299086094,1.13141098,0.027913665777777777,2.01474309,-0.241271198,0.883783519,0.0,70.88730621,240.7667999,998.1306152,20.54269981,20.28050995,19.7004509,21.37737083,23.55882072,56.30659866,43.24143982,2.404999971,0.0558660686
0.1440343976,0.1392320037,0.1090818048,0.11141500470000001,0.1079164982,0.029955598700000002,0.9733360291,0.02788780636111111,2.018866062,-0.233880103,0.882295787,0.0,70.88730621,244.3625946,998.1303101,20.5428009,20.28063011,19.69911957,21.37701035,23.56422043,56.31966019,43.21524048,2.099999905,0.0558660686
0.1441853046,0.1393735051,0.1092159033,0.1112699032,0.1079138041,0.0299854308,0.8059591293,0.027870417694444444,2.017158985,-0.235847101,0.880807996,0.044556759,70.88730621,245.5935974,998.1300049,20.54290009,20.28074074,19.69779968,21.37664986,23.56962013,56.33271027,43.18902969,2.345000029,0.055866080500000005
0.14433629509999998,0.1394266009,0.1094184995,0.1112558007,0.10791109800000001,0.0299530089,0.884640789,0.027848887972222222,2.013508081,-0.240933403,0.879320323,0.070213161,54.18812943,248.7498016,998.1298218,20.54299927,20.2808609,19.69647026,21.37630081,23.57501984,56.34577942,43.16281891,2.174999952,0.0558660924
0.1442981005,0.1394502044,0.1093678951,0.111285305,0.10790849920000001,0.0300557613,0.89823246,0.02783647325,2.009856939,-0.246019706,0.877832472,0.038837191,48.6217308,251.3692017,998.1295166,20.54310036,20.28097916,19.69514084,21.37594032,23.58041954,56.3588295,43.1692009,2.297499895,0.055866098399999994
0.1441969037,0.1393239021,0.1092327952,0.11131490470000001,0.1079058051,0.0302104712,1.004090023,0.027827888055555555,2.006206036,-0.244430304,0.876344681,0.027341289,48.6217308,247.3748932,998.1292114,20.54319,20.28109932,19.69380951,21.37557983,23.58581924,56.37612152,43.18643951,2.265000105,0.055866098399999994
0.1442898989,0.1394516945,0.1090976954,0.11134439709999999,0.1079030991,0.0302600712,0.9540224074999999,0.02781083425,2.002554893,-0.1898316,0.874857008,-0.043403778,48.6217308,241.3526001,998.1287842,20.54328918,20.28120995,19.69248009,21.37523079,23.59122086,56.39480972,43.20368958,2.342499971,0.05586611030000001
0.1444478035,0.1395629048,0.10918910500000001,0.11129159930000002,0.10790050030000001,0.0302746385,0.7122605800999999,0.02779097238888889,1.99890399,-0.066448078,0.873369217,-0.061496422,48.6217308,233.9156036,998.1286011,20.54339027,20.28133011,19.69115067,21.3748703,23.59662056,56.41350174,43.22092056,2.335000038,0.0558661222
0.14450260399999998,0.1396347046,0.10905189509999999,0.1112112999,0.10789779420000001,0.0304750711,0.8538847923,0.02775718265,1.995252967,-0.112105899,0.873188615,-0.054153509,43.40052032,228.7505035,998.1282959,20.54348946,20.28145027,19.68981934,21.37450981,23.6020298,56.43218994,43.23817062,2.335000038,0.0558661282
0.1445232034,0.139568305,0.109296298,0.1111310005,0.1078951955,0.030326429,0.9483003616,0.027735659280555554,1.991601944,0.081254482,0.873443723,0.01659937,41.6601181,227.6878052,998.1279907,20.54359055,20.28157043,19.68848991,21.37416077,23.6074295,56.45087814,43.25540924,2.234999895,0.0558661282
0.1445438027,0.1399145961,0.10912940499999998,0.1112028956,0.10783380270000001,0.0303903788,0.7136910915,0.02771976047222222,1.98795104,-0.146081105,0.873698771,-0.02461623,41.6601181,227.5722046,998.1276855,20.54368019,20.2816906,19.68716049,21.37380028,23.61282921,56.46957016,43.27265167,2.125,0.055866140099999996
0.1448410988,0.1399585009,0.10927250390000001,0.11115520000000001,0.10775289539999999,0.0305708587,0.6950926781,0.027708335452777778,1.984300017,0.348406494,0.873953879,0.014664,41.6601181,233.7700043,998.1273804,20.54377937,20.28179932,19.68582916,21.37344933,23.61823082,56.48826981,43.28989029,2.309999943,0.055866152
0.1446387053,0.1398506045,0.1091532946,0.11118609909999999,0.10773270130000001,0.0307513386,0.8016711235,0.027698402405555555,1.98469305,-0.026273919,0.874208987,0.075656787,70.93823242,242.0848999,998.1270752,20.54388046,20.28191948,19.68449974,21.37309074,23.62363052,56.50696182,43.30714035,2.432499886,0.055866158
0.144628799,0.1397428036,0.1091950059,0.11126199960000001,0.10773270130000001,0.0306788206,1.057740021,0.027679027980555555,1.986435056,-0.235846996,0.874464214,0.074977092,80.69760895,248.1533966,998.12677,20.54397964,20.28203964,19.68317032,21.37273026,23.62903023,56.52565002,43.32437897,2.42750001,0.055866158
0.1447489977,0.1399767995,0.10892670149999999,0.1113379002,0.10773270130000001,0.0308277011,0.7129776955,0.027667439777777778,1.988175988,-0.114549696,0.874719322,0.0175552,80.69760895,249.4833069,998.1265259,20.54408073,20.28215981,19.6818409,21.3723793,23.63442993,56.54433823,43.3416214,2.157500029,0.0558661699
0.1448691964,0.14032490250000001,0.1087628007,0.1111610055,0.10773270130000001,0.031222930599999997,0.673635006,0.02765253914722222,1.989917994,0.05544528,0.87497443,0.078532353,80.69760895,248.6860962,998.1262817,20.54417038,20.28227043,19.68050957,21.37202072,23.63982964,56.56303024,43.35886002,2.295000076,0.0558661819
0.1452891946,0.14067289830000002,0.1086794019,0.1110445023,0.10771479610000001,0.0316663295,0.8510237694,0.027635320027777778,1.993569016,0.080420002,0.875229478,-0.061345082,80.69760895,246.3045044,998.1259766,20.54426956,20.28239059,19.67918968,21.37166023,23.64522934,56.58172989,43.3509903,2.444999933,0.0558661878
0.1458091021,0.1411059976,0.1085958958,0.110976398,0.1076681018,0.0321097195,0.9461545943999999,0.027608165741666666,1.997856975,0.518043995,0.875484586,-0.029174181,79.29814148,243.4832001,998.1256714,20.54437065,20.28251076,19.67786026,21.37130928,23.64422989,56.60042191,43.33475113,2.154999971,0.0558661878
0.1461164951,0.14137159589999998,0.1085124969,0.11094189880000001,0.1076138973,0.0326024503,0.9490156174,0.02758266872777778,2.002145052,0.48418799,0.875739694,0.0,78.83165741,236.4750977,998.1254272,20.54446983,20.28263092,19.67653084,21.3709507,23.64110947,56.61911011,43.31850052,2.282500029,0.055866199699999994
0.1463529944,0.1415717959,0.1087151051,0.1109186053,0.10755959749999999,0.0326726705,0.9061002731000001,0.027570749919444443,2.00643301,0.056339331,0.875994802,0.02348333,78.83165741,234.1999054,998.1251221,20.54457092,20.28274918,19.67519951,21.37059021,23.63797951,56.63779831,43.30226135,2.05250001,0.0558662117
0.1464506984,0.141494298,0.10901319979999999,0.1108953953,0.1075054049,0.0325965703,0.9726190566999999,0.027562802633333335,2.010720015,-0.161936104,0.876112223,0.007827777,78.83165741,233.9676056,998.1248169,20.54466057,20.2828598,19.67387009,21.37023926,23.63484955,56.65649033,43.28601837,2.257499933,0.055866217600000004
0.14624730349999998,0.1413241029,0.1089447021,0.1109663963,0.1075001001,0.03252047,0.9003782272,0.027551375494444447,2.015007973,-0.119854599,0.876183689,0.0,78.83165741,235.5895996,998.1245117,20.54475975,20.28297997,19.67254066,21.36988068,23.63171959,56.67517853,43.26977921,2.127500057,0.055866217600000004
0.1459589005,0.14091559650000002,0.1092903972,0.11106890439999999,0.10751110319999999,0.0320393413,1.268739986,0.027538791233333335,2.019295931,0.109388299,0.876255274,-0.03605295,81.08009338,235.2254028,998.1243286,20.54486084,20.28310013,19.67120934,21.36952019,23.62858963,56.69387054,43.25352859,2.035000086,0.055866229499999996
0.1454339027,0.1404276967,0.10956460240000002,0.1111714005,0.1075220942,0.0314232111,1.20079298,0.027535646227777776,2.017591953,0.539859712,0.876326919,-0.057984419,81.82956696,231.4788971,998.1240234,20.54496002,20.28322029,19.66987991,21.36916924,23.62545967,56.71257019,43.23728943,2.015000105,0.055866241500000004
0.1448300958,0.1397647977,0.10975530149999999,0.1112738013,0.1075330973,0.030694350599999996,1.3073659899999999,0.027526705,2.013890982,0.01723811,0.876398385,-0.05015339,81.82956696,225.0207977,998.1237183,20.5450592,20.28334045,19.66855049,21.36881065,23.62233925,56.73125839,43.22105026,2.182499886,0.0558662474
0.14422620530000002,0.13904360529999998,0.109630096,0.1113762975,0.10754410029999999,0.030113819200000003,1.009099007,0.027518757713888887,2.01019001,-0.016617849,0.87646991,-0.01161038,81.82956696,227.107193,998.1234131,20.54515076,20.28344917,19.66721916,21.3684597,23.61920929,56.74995041,43.20479965,2.269999981,0.0558662474
0.1436223984,0.1385547996,0.1093996048,0.1115612984,0.10758990049999999,0.0295952708,1.019110966,0.027499220105555555,2.006489038,0.001383033,0.878725886,0.0,73.48568726,228.3928986,998.1231079,20.54524994,20.28356934,19.76440048,21.36809921,23.61607933,56.76863861,43.21398926,2.279999971,0.055866271300000006
0.1432145,0.1382967949,0.1091691017,0.11145609620000001,0.10759450200000001,0.0293682694,0.8731985092000001,0.027494254641666667,2.002787113,-0.178268105,0.881709874,0.02206767,70.70440674,234.2595062,998.1228027,20.54534912,20.2836895,19.7968998,21.36774063,23.61294937,56.78733063,43.23165131,2.444999933,0.055866271300000006
0.1430243969,0.1380900025,0.1090937018,0.1112450004,0.1075813055,0.0292384386,0.7394402981,0.027477696736111112,1.999086022,-0.2368007,0.88469398,0.061869711,70.70440674,241.3784027,998.1224976,20.54545021,20.28380966,19.7968998,21.36738968,23.60981941,56.80601883,43.24932098,2.282500029,0.0558662772
0.1430165052,0.1381643057,0.1088372946,0.11114950180000001,0.10756820439999999,0.029293620599999997,0.7136894226,0.02746114095,1.995385051,-0.241251305,0.887678087,0.093362018,70.70440674,250.1604004,998.1221924,20.54554939,20.28392029,19.7968998,21.36702919,23.60668945,56.82471085,43.26697922,2.247499943,0.0558662772
0.14305239919999999,0.1383322001,0.10875389579999999,0.1110926032,0.1075551033,0.0294104487,0.929702282,0.02743961334166667,1.99168396,-0.245701894,0.890662193,0.120931201,70.70440674,255.2400055,998.1218872,20.54564095,20.28404045,19.7968998,21.36667061,23.60357094,56.84341049,43.2846489,2.035000086,0.0558663011
0.1432749987,0.138617003,0.10853929520000001,0.11103570460000001,0.10754200220000001,0.029789748799999998,0.9761954308,0.027440607283333335,1.987982988,-0.216415703,0.8936463,0.148500502,49.18643951,260.6307068,998.121582,20.54574013,20.28416061,19.74983978,21.36631966,23.60043907,56.86709976,43.30231094,2.125,0.0558663011
0.14355980159999998,0.1387927055,0.1085453033,0.1109787941,0.10752890109999999,0.030077621300000003,0.8817814826999999,0.027420575883333333,1.984282017,-0.097204544,0.896630406,0.176069707,42.01379013,262.1246948,998.1212769,20.54583931,20.28428078,19.7323494,21.36595917,23.59730911,56.89244843,43.31996918,2.269999981,0.055866307000000004
0.14366639850000001,0.1389191031,0.10864859819999999,0.1109218955,0.1075157046,0.030158960800000002,0.8016701698,0.02739077250277778,1.980579972,-0.157048494,0.899614513,0.203638896,42.01379013,269.0179138,998.1209717,20.5459404,20.28440094,19.72993088,21.36560059,23.59417915,56.91780853,43.33763885,2.367500067,0.055866307000000004
0.1439306021,0.1390455961,0.10875200030000001,0.1108649969,0.1075026035,0.030191341,0.7330020905,0.02738928265,1.983417988,-0.226667807,0.902598619,0.182559595,42.01379013,280.475708,998.1207886,20.54603958,20.28450966,19.72751999,21.36524963,23.59104919,56.94316101,43.3553009,2.404999971,0.0558663189
0.1440364957,0.1391720057,0.10872410539999999,0.1108080983,0.10748950239999999,0.0304542005,0.7866508007,0.02738828871111111,1.98843503,-0.240138695,0.905582726,0.1144903,42.01379013,277.2741089,998.1204834,20.54612923,20.28462982,19.7251091,21.36488914,23.58791924,56.96852112,43.37295914,2.207499981,0.055866330900000004
0.1440654039,0.1392673969,0.1086526036,0.1108641028,0.1074764013,0.030539348700000003,0.7480234146,0.027372394138888888,1.993450999,-0.2414103,0.907161176,0.093798958,64.18917084,268.9342957,998.1201782,20.54623032,20.28474998,19.72269058,21.36453056,23.58478928,56.99386978,43.36194992,2.297499895,0.0558663428
0.14409430029999998,0.13935259579999998,0.10874199870000001,0.1108664989,0.10746330019999999,0.030539649699999998,0.8903628349,0.02736146715,1.998468041,-0.242681906,0.908271372,0.057892021,71.58096313,266.8493042,998.119873,20.5463295,20.28487015,19.72027969,21.36417961,23.58167076,57.01922989,43.3413887,2.087500095,0.0558663428
0.1441231966,0.1394376993,0.1086346984,0.1108384013,0.1074501038,0.0306729913,0.8696222304999999,0.027379347483333333,2.003484964,-0.243953407,0.90938139,-0.02595114,71.58096313,260.1749878,998.1196289,20.54643059,20.28498077,19.71787071,21.36381912,23.5785408,57.04459,43.32081985,2.345000029,0.0558663487
0.14415210490000002,0.1392493963,0.108873105,0.1108103037,0.1074370027,0.030547210600000003,1.003374958,0.027668103111111113,2.008502007,-0.245224997,0.910491586,-0.066112258,71.58096313,242.6116943,998.1193237,20.54652977,20.28510094,19.71545029,21.36347008,23.57541084,57.06993866,43.30025101,2.220000029,0.05586636069999999
0.1441810012,0.1394212008,0.10875389579999999,0.1108919978,0.1074239016,0.0304955512,1.086349964,0.027889304694444443,2.013519049,-0.246496603,0.911601722,-0.0178749,71.58096313,230.9006958,998.1190186,20.54663086,20.28521919,19.7130394,21.36310959,23.57228088,56.98978043,43.27968979,2.267499924,0.055866372600000005
0.1443814039,0.1395017982,0.1086824059,0.110878098,0.1074108005,0.030738839499999997,0.7444488049,0.027964471194444448,2.018536091,-0.233939707,0.910205483,-0.01189331,73.30912781,232.3858948,998.1187744,20.5467205,20.28533936,19.71062088,21.3627491,23.56915092,56.87445068,43.25912094,2.085000038,0.055866372600000005
0.1444525957,0.1394119978,0.10878959889999999,0.11081999540000001,0.10739769939999999,0.030712080000000003,0.6968834877,0.027975417250000002,2.018968105,-0.07228943,0.907973826,-0.027751051,73.88517761,233.6141052,998.1185303,20.54681969,20.28545952,19.70820999,21.36240005,23.56601906,56.85301971,43.23854828,2.190000057,0.0558663785
0.14446170330000002,0.1395172954,0.10855720040000001,0.1107619047,0.10738450289999998,0.030854779500000002,0.7898703098000001,0.027956555694444447,2.017873049,-0.157167703,0.905742228,-0.054927658,73.88517761,236.996994,998.1182251,20.54692078,20.28557014,19.7057991,21.36203957,23.56290054,56.86288834,43.21797943,2.355000019,0.055866390499999995
0.14459400179999998,0.13969759939999998,0.1086465955,0.11070389750000001,0.1073714018,0.0308594912,0.7637589931,0.02793733386111111,2.016777039,-0.236204699,0.903510571,-0.015666259,73.88517761,237.1932068,998.1179199,20.54701996,20.28569031,19.70338058,21.36167908,23.55977058,56.87276077,43.19741058,2.059999943,0.0558664024
0.1445490003,0.1394520998,0.1088850975,0.1106457949,0.1073583007,0.030786448700000003,0.9683258056999999,0.027899222916666667,2.015681982,-0.227979094,0.901278913,0.02772552,66.62557983,238.2454987,998.1176147,20.54711914,20.28581047,19.8282299,21.36133003,23.55664063,56.88262939,43.17684937,2.092499971,0.0558664083
0.1444311023,0.1394062996,0.1087658048,0.1108245015,0.1073451996,0.0307134211,0.7823555946,0.027871083166666668,2.014585972,-0.041652169,0.899047315,0.035367139,64.20571899,240.0623932,998.1173096,20.54721069,20.28593063,19.87005043,21.36096954,23.55351067,56.89250183,43.15628052,2.049999952,0.0558664083
0.1444515944,0.1394745946,0.1088314056,0.11082390550000001,0.10733200309999999,0.0306403786,0.9704714775,0.02785952675,2.009952068,0.068737313,0.896815717,-0.035179868,64.20571899,237.8088074,998.1170044,20.54730988,20.2860508,19.87005043,21.36060905,23.55038071,56.90237045,43.16485977,2.267499924,0.0558664203
0.1442376018,0.13915590049999998,0.10881949660000001,0.1107372046,0.10731890200000001,0.030640649800000003,0.9590291977,0.02784063975,2.004138947,0.169232294,0.894584,-0.043270841,64.20571899,232.0792999,998.1166992,20.54740906,20.28615952,19.87005043,21.36026001,23.54725075,56.91223907,43.1831398,2.372499943,0.0558664322
0.14408719539999998,0.1391963005,0.10847970250000001,0.11091630459999999,0.1073058009,0.030665358900000002,0.7680506228999999,0.027818111833333336,1.998325944,-0.1336831,0.894000113,-0.063649043,64.20571899,230.4703979,998.1165161,20.54751015,20.28627968,19.87005043,21.35989952,23.54413033,56.92211151,43.2014389,2.162499905,0.0558664382
0.14426840540000002,0.1391276956,0.108873105,0.1108162045,0.1072926998,0.0303232014,0.8338576316999999,0.027801556055555558,1.992511988,-0.178864107,0.893965304,-0.058568232,79.93183136,227.8856049,998.1160889,20.54760933,20.28639984,19.76812935,21.35954094,23.54100037,56.93198013,43.21971893,2.224999905,0.0558664382
0.1440214038,0.1389683962,0.1090041995,0.11083309649999999,0.1072731018,0.030150881400000003,1.169320011,0.027775062986111113,1.986698985,-0.194361597,0.893930614,-0.01351142,85.17386627,224.5670013,998.1157837,20.54770088,20.28652,19.73415947,21.35918999,23.53787041,56.94184875,43.23801041,2.404999971,0.0558664501
0.1439741015,0.13897080420000002,0.10856310129999999,0.1109300017,0.1072514057,0.030414378600000003,0.8989441872,0.02776049084166667,1.986296058,-0.221958995,0.893895805,0.02238442,85.17386627,231.4004059,998.1154785,20.54780006,20.28663063,19.73415947,21.3588295,23.53474045,56.95172119,43.25630188,2.164999962,0.05586646199999999
0.1440511942,0.1390269995,0.10850950479999999,0.11075229639999999,0.10722969769999999,0.030474549499999996,0.7458758831,0.027735328675,1.987697005,-0.242224798,0.893861115,0.007461472,85.17386627,236.9710999,998.1152954,20.54789925,20.28675079,19.73415947,21.35848045,23.53161049,56.96158981,43.27458954,2.107500076,0.055866468
0.1441282988,0.1392848015,0.1082888961,0.11070619820000001,0.10720800159999999,0.0307480812,0.8495932579,0.027715788947222222,1.989096999,-0.246218398,0.893826425,-0.054406449,85.17386627,235.4188995,998.1149902,20.54800034,20.28686905,19.73415947,21.35811996,23.52848053,56.97145844,43.29288101,2.029999971,0.055866468
0.1443608046,0.1396098971,0.10815190079999999,0.11048690080000001,0.1071861982,0.031127849200000002,0.7308572769,0.02769293891111111,1.990497947,-0.196507394,0.893791616,-0.018135481,61.59151077,235.1672058,998.1146851,20.54809952,20.28698921,19.73415947,21.35775948,23.52536011,56.98133087,43.31116867,2.022500038,0.0558664799
0.1446449995,0.1399350047,0.108080399,0.11038279529999999,0.10716450209999999,0.0315076202,0.7773523808,0.027657839458333333,1.991899014,-0.200083807,0.893756926,0.02186431,53.73072052,235.9687042,998.1143799,20.54818916,20.28710938,19.73415947,21.35741043,23.52223015,56.99119949,43.32946014,2.345000029,0.055866491799999994
0.1449293017,0.140260005,0.10814679860000001,0.11034450529999999,0.10714279410000001,0.03174088,1.0205459590000001,0.027639791700000003,1.993299007,0.063253596,0.893722117,0.036440648,53.73072052,238.5223999,998.1140747,20.54829025,20.28722,19.73415947,21.35704994,23.51910019,57.00106049,43.34775162,2.112499952,0.055866497800000005
0.1452134967,0.1403753042,0.108259201,0.1103062034,0.107121098,0.0319253087,1.148579025,0.027628534105555554,1.994699955,0.199392706,0.893687427,0.046158291,53.73072052,241.5601044,998.1137695,20.54838943,20.28734016,19.73415947,21.3567009,23.51597023,57.01094055,43.36603928,2.285000086,0.055866497800000005
0.1452734947,0.1404206991,0.1083716035,0.11026799679999999,0.10709940200000001,0.0321097314,1.006952953,0.027620750002777777,1.996099949,-0.05202353,0.893652618,0.0423618,53.73072052,244.5644073,998.1135254,20.54849052,20.28746033,19.73415947,21.35634041,23.51284027,57.02080917,43.3576889,2.102499962,0.0558665097
0.14525879619999998,0.14037920239999999,0.1084840059,0.11029340030000001,0.10707770590000001,0.0319952399,1.075621986,0.02761412726388889,1.997501016,-0.118424103,0.893617928,-0.01928233,69.46856689,242.3321075,998.1132202,20.54858971,20.28758049,19.71062088,21.35597992,23.50971985,57.03067017,43.34046173,2.055000067,0.055866521599999996
0.1452440023,0.1403087974,0.1085963964,0.11034009460000001,0.1070559978,0.031781110200000004,1.07132597,0.027605186038888892,1.999428034,-0.177791193,0.893583179,-0.00978465,74.71452332,238.3542023,998.1129761,20.54867935,20.28768921,19.7057209,21.35563087,23.50658989,57.04053879,43.32323074,2.339999914,0.05586652760000001
0.1450109959,0.139991498,0.1087087989,0.1103867054,0.1070341945,0.0315669686,1.197929955,0.027595471275,2.001529932,-0.193288699,0.893548429,0.0,74.71452332,234.3764038,998.1126709,20.54878044,20.28780937,19.7096405,21.35527039,23.50345993,57.05041885,43.30599976,2.122499943,0.05586652760000001
0.1447052002,0.1395920038,0.10882120129999999,0.1106503963,0.1070124984,0.0311561406,1.273034,0.027585758633333332,2.003632069,0.254587501,0.892515123,0.0,74.71452332,233.381897,998.1124268,20.54887962,20.28792953,19.71356964,21.3549099,23.50032997,57.06027985,43.28876877,2.109999895,0.0558665395
0.1443994999,0.1391924977,0.1086884022,0.1107370973,0.10703870060000001,0.0309313506,1.226541996,0.027568431430555557,2.005733967,-0.002431694,0.891148984,-0.065039821,52.53989029,233.3103027,998.1121216,20.54898071,20.2880497,19.71748924,21.35456085,23.49720001,57.07014847,43.2715416,2.267499924,0.0558665514
0.1440937042,0.13893450499999999,0.1087867022,0.1107406974,0.1070808053,0.030491888499999998,0.905386734,0.027553528680555554,2.007837057,0.085903667,0.889782786,-0.02167994,45.14833832,230.4237061,998.1118164,20.5490799,20.28816986,19.72141075,21.35420036,23.49407005,57.09465027,43.25431061,2.122499943,0.0558665574
0.1437878966,0.1387236953,0.1089892983,0.11059579850000001,0.1071228981,0.029952910500000002,1.1049469950000002,0.027540283202777776,2.009938955,-0.120689198,0.888416588,-0.063268587,45.14833832,231.7357025,998.1115112,20.54916954,20.28828049,19.72533035,21.35383987,23.49094963,57.12403107,43.23707962,2.1875,0.0558665574
0.1432886958,0.13824490309999998,0.108861196,0.11071909669999999,0.1071650028,0.0298395187,1.074186993,0.027527035608333333,2.012041092,-0.239065796,0.887803316,-0.043240901,45.14833832,234.7575989,998.1112061,20.54927063,20.28840065,19.72925949,21.35349083,23.48781967,57.15341187,43.21984863,2.237499952,0.0558665693
0.1430822015,0.13817909960000002,0.1083188057,0.1109483957,0.1071755052,0.029867970900000002,0.6829350948,0.027519753775,2.014143944,-0.0302079,0.88744092,-0.05618814,45.14833832,235.5124054,998.1110229,20.54936981,20.28852081,19.73317909,21.35313034,23.48468971,57.18278885,43.20262146,2.150000095,0.0558665812
0.1429947972,0.13886289599999999,0.10826519729999999,0.11074990030000001,0.1071755052,0.029896441099999997,0.9919347762999999,0.027497562833333333,2.01624608,-0.124503903,0.887078524,0.016901329,59.12582016,235.5115051,998.1107178,20.5494709,20.28863907,19.64003944,21.35276985,23.48155975,57.21216965,43.18539047,2.32249999,0.0558665872
0.1431108952,0.1386546969,0.10840820069999998,0.1106356978,0.1071755052,0.0304904789,0.80953722,0.02747869067777778,2.018347979,0.324921906,0.886716127,0.032663811,63.78498077,236.9216003,998.1104126,20.54957008,20.28875923,19.60866928,21.35242081,23.47842979,57.241539,43.16815948,2.262500048,0.0558665872
0.1432947993,0.1385414958,0.1085512042,0.1105968952,0.1071755052,0.0301153392,0.6843637943,0.027468757630555556,2.020451069,0.338035196,0.886353672,0.05955787,63.78498077,245.2593994,998.1099854,20.54965973,20.28886986,19.60866928,21.35206032,23.47529984,57.2709198,43.1509285,2.234999895,0.055866599100000004
0.1432173014,0.1385807037,0.1083188057,0.1105581999,0.1071755052,0.0301546693,0.9640341759,0.027450875175,2.0164361,-0.082422353,0.885991275,0.069510832,63.78498077,252.9026947,998.1098022,20.54976082,20.28899002,19.60866928,21.35170937,23.47217941,57.3003006,43.13370132,2.367500067,0.055866611
0.1433459044,0.1386698008,0.1082949996,0.1105195045,0.1071755052,0.0302657604,0.9497308731,0.027443589105555555,2.010380983,-0.143816099,0.885628879,0.069115631,63.78498077,255.2198029,998.1094971,20.54986,20.28911018,19.60866928,21.35135078,23.46904945,57.3296814,43.14995956,2.222500086,0.055866622899999996
0.1435721993,0.1387753963,0.10838229660000001,0.1104807973,0.1071755052,0.030311849699999997,0.8510255814000001,0.027435970305555557,2.004328012,-0.016737061,0.885266483,-0.00450063,71.35553741,256.0776978,998.1091919,20.54995918,20.28923035,19.79219055,21.3509903,23.46591949,57.35905838,43.17739105,2.182499886,0.055866622899999996
0.1437986016,0.1388810992,0.1084697008,0.1104419947,0.1071755052,0.030357939,0.8066797255999999,0.02742074118611111,1.998273015,-0.179341003,0.884904087,0.068204843,73.87905884,252.3818054,998.1088867,20.55006027,20.28933907,19.85337067,21.35063934,23.46278954,57.38843918,43.20481873,2.122499943,0.05586662890000001
0.1438910961,0.1391548038,0.1082234025,0.1104032993,0.1071755052,0.0306372315,0.6743519783,0.027413455116666666,1.992220044,-0.04868564,0.88454169,0.025152151,73.87905884,246.396698,998.1085815,20.55014992,20.28945923,19.85337067,21.35028076,23.45965958,57.41780853,43.23225021,2.347500086,0.0558666408
0.1441277981,0.13948440550000002,0.10815190079999999,0.110364604,0.1071755052,0.0309942514,0.6221365929,0.027404513888888888,1.986166,-0.180890799,0.884179294,0.03072325,73.87905884,245.202301,998.1082764,20.5502491,20.28957939,19.85337067,21.34992027,23.45652962,57.44718933,43.2596817,2.400000095,0.0558666527
0.1444275022,0.1398141026,0.10817569490000001,0.11026669739999999,0.1070698977,0.0313512713,0.7258487225,0.027382000816666665,1.980111003,-0.246099204,0.883816898,0.01024108,72.1975174,245.6905975,998.1079712,20.55035019,20.28969955,19.8110199,21.34956932,23.45340919,57.47657013,43.28710938,2.142499924,0.0558666527
0.1447271943,0.1399592996,0.10819959640000001,0.1101492047,0.10703049899999999,0.031566879199999995,0.7186961174000001,0.027374384138888888,1.978711963,-0.172545999,0.883454502,0.040258899,71.63700104,246.1788025,998.1077271,20.55044937,20.28981972,19.7968998,21.34921074,23.45027924,57.50595093,43.31454086,2.262500048,0.0558666587
0.1449043989,0.14004319910000002,0.1082234025,0.1101654053,0.10702480080000001,0.0317353696,0.7194114208,0.027381004758333334,1.978863955,-0.220707193,0.883092105,0.033549089,71.63700104,246.1549072,998.1074829,20.55055046,20.28993034,19.7968998,21.34885025,23.44714928,57.53532028,43.34196091,2.390000105,0.0558666706
0.1450407982,0.1401270032,0.108247304,0.110226202,0.1070191979,0.031758049100000005,0.7887966156,0.027493591308333332,1.979014993,-0.086117923,0.882729709,0.006709817,71.63700104,245.9602966,998.1071777,20.55064011,20.29005051,19.7968998,21.3484993,23.44401932,57.56470108,43.36938858,2.267499924,0.0558666825
0.1450955987,0.1402107954,0.10827109809999999,0.1102869987,0.1070135951,0.0319120288,0.9068155289,0.027686316172222225,1.979166985,-0.163366705,0.882367313,-0.039760001,71.63700104,244.0328979,998.1068726,20.55073929,20.29017067,19.7968998,21.34814072,23.44088936,57.54534912,43.39682007,2.295000076,0.0558666825
0.1451231003,0.140150106,0.10851850510000001,0.1103477955,0.1070080042,0.0317074686,0.9411478043000001,0.027780028444444445,1.985542059,-0.235370204,0.882004917,-0.01325333,77.44822693,239.0498962,998.1066284,20.55084038,20.29029083,19.67925072,21.34778023,23.4377594,57.50975037,43.38315964,2.065000057,0.0558666885
0.14490809440000002,0.1397451997,0.1088402987,0.1104086041,0.10700240139999999,0.0313634098,1.285190964,0.027814805777777778,1.993991017,0.000429343,0.88164252,0.0,79.38529968,236.3164978,998.1063232,20.55093956,20.29040909,19.64003944,21.34742928,23.43464088,57.47415924,43.35580826,2.220000029,0.055866700400000004
0.144612205,0.1394140005,0.108861196,0.11067249770000001,0.1069967031,0.0310193509,1.358864021,0.027806860611111112,2.002439976,-0.132371798,0.881991804,-0.047935851,79.38529968,234.6083069,998.1060181,20.55104065,20.29051971,19.64003944,21.34707069,23.43151093,57.43856049,43.32846069,2.262500048,0.055866712299999996
0.14431630369999998,0.1391402006,0.1087816954,0.1107658982,0.1069911003,0.030675289,1.0577360150000001,0.02778700086111111,2.010890007,-0.203779295,0.882578313,-0.048862111,79.38529968,234.1813049,998.1057129,20.55113029,20.29063988,19.64003944,21.34671974,23.42837906,57.40296173,43.30110931,2.069999933,0.055866712299999996
0.14402049779999998,0.1388664007,0.108702302,0.110779798,0.1070919991,0.0304831713,0.914683342,0.027762150233333335,2.013501883,-0.2036203,0.883164883,0.02990132,79.38529968,231.675705,998.1055298,20.55122948,20.29076004,19.64003944,21.34635925,23.4252491,57.40338898,43.27375031,2.107500076,0.05586671829999999
0.1437245965,0.1387637019,0.10853929520000001,0.1107936978,0.1071632028,0.030341708699999997,0.8002370834000001,0.027750557794444443,2.014168978,-0.203461304,0.883751392,-0.005525886,73.26007843,235.9598999,998.1052246,20.55133057,20.2908802,19.85181046,21.34600067,23.42211914,57.4158287,43.24639893,2.035000086,0.055866730200000006
0.1435304046,0.1385673046,0.1088314056,0.1108077049,0.1071755052,0.029946339100000004,1.04843998,0.027734993827777776,2.014837027,-0.235966295,0.882082701,-0.02756012,71.21833801,239.9431,998.1049194,20.55142975,20.29099083,19.92239952,21.34564972,23.41898918,57.42826843,43.21905136,2.255000114,0.0558667421
0.1432016015,0.1381366014,0.1091055989,0.11082160469999999,0.1071755052,0.029466331000000002,1.107808971,0.027733338675,2.015503883,-0.019002071,0.879662216,-0.007059295,71.21833801,239.9692993,998.1046143,20.55153084,20.29110909,19.92239952,21.34528923,23.41585922,57.4407196,43.19168854,2.107500076,0.0558667421
0.1428166032,0.13796349759999998,0.1088551998,0.1109851003,0.10719779730000001,0.029354399399999998,0.9761971474,0.027725389269444446,2.016170979,0.131680802,0.877241671,-0.025930369,71.21833801,236.7234039,998.1043091,20.55162048,20.29122925,19.92239952,21.34493065,23.41274071,57.45315933,43.16434097,2.299999952,0.055866748099999995
0.1427418947,0.13789679999999999,0.10860190389999999,0.1109637022,0.1072566032,0.029365170000000003,0.8889341354000001,0.027698069677777777,2.016838074,0.34077701,0.874821305,-0.03745009,71.21833801,235.7229004,998.1040039,20.55171967,20.29134941,19.92239952,21.3445797,23.40961075,57.46559906,43.13698959,2.224999905,0.05586676
0.142770505,0.1380821943,0.1083992958,0.1108641982,0.1073251963,0.0295130014,0.6886571884,0.027665617200000003,2.012900114,0.171139598,0.87240082,0.05807982,48.89939117,233.8390961,998.1036987,20.55182076,20.29146957,19.78121948,21.34421921,23.40648079,57.47803879,43.14751053,2.035000086,0.0558667719
0.1429191947,0.1383515954,0.1083485961,0.1107645988,0.1073109984,0.0297065288,0.7859354973,0.027648069594444446,2.007426977,-0.152995303,0.871697426,0.04232901,41.45973969,244.0561066,998.1033936,20.55191994,20.2915802,19.73415947,21.34386063,23.40335083,57.49047852,43.17066956,2.349999905,0.0558667719
0.14320449829999998,0.13862099649999998,0.1083665013,0.11066509490000001,0.107269299,0.0299000502,0.7959455013000001,0.027635485330555553,2.001952887,-0.140239701,0.871566176,0.006589445,41.45973969,247.466507,998.1030884,20.55201912,20.29170036,19.73415947,21.34350967,23.40022087,57.50292969,43.19382095,2.454999924,0.0558667779
0.1435219049,0.1387043953,0.10839029549999998,0.11056549550000001,0.10722759959999999,0.030206200500000002,0.7966642857,0.02763830185,1.996479988,-0.142504796,0.871434987,0.02359304,41.45973969,244.4848022,998.1027832,20.55211067,20.29182053,19.73415947,21.34314919,23.39709091,57.51536942,43.21696091,2.397500038,0.055866789800000004
0.14362649919999998,0.138725698,0.10855720040000001,0.1105242968,0.1071859002,0.0302112013,1.129981041,0.027617439694444443,1.99100697,0.144078806,0.871303916,0.055050422,46.52093887,243.1889954,998.102478,20.55220985,20.29194069,19.72945023,21.3427906,23.39397049,57.52780914,43.24011993,2.057499886,0.0558668017
0.1436601043,0.13874700069999998,0.10844999550000001,0.1106533051,0.1071755052,0.0303130507,0.9304208755,0.02759542041388889,1.985532999,0.228718698,0.871172786,0.064009711,48.20800018,242.7561951,998.1021729,20.55231094,20.29206085,19.72318077,21.34243965,23.39084053,57.54024887,43.26327133,1.995000005,0.0558668017
0.1436936975,0.13892860410000002,0.10841419699999999,0.1106371045,0.1071755052,0.0302844614,0.7909388065,0.027576211294444444,1.984812021,-0.129510701,0.871041715,0.016093669,48.20800018,243.6909943,998.1019897,20.55241013,20.29216957,19.71689987,21.34207916,23.38771057,57.5526886,43.28641891,2.265000105,0.0558668077
0.143957901,0.13922109600000002,0.1084380031,0.11055589910000001,0.1071755052,0.030472698799999996,0.800240612,0.02756445355,1.985674977,0.04704088,0.870910525,0.085693717,48.20800018,245.4351044,998.1016846,20.55250931,20.29228973,19.71063042,21.34173012,23.38458061,57.56513977,43.30957031,2.079999924,0.05586681959999999
0.1442988992,0.1395326972,0.10826510190000001,0.1104745984,0.1071755052,0.030924099700000002,0.6722063065,0.027561145358333334,1.986539006,-0.118066497,0.870779276,0.049493641,48.20800018,247.2969055,998.1013794,20.55260086,20.2924099,19.70434952,21.34136963,23.38145065,57.5775795,43.33272171,2.289999962,0.055866831500000005
0.1444661975,0.1396525025,0.108455801,0.11039329769999999,0.1071755052,0.031114909099999997,0.8503085135999999,0.02753796471388889,1.987401962,-0.128199399,0.870648205,0.006976355,52.1660881,247.0399933,998.1010742,20.55270004,20.29253006,19.69808006,21.34100914,23.37832069,57.59001923,43.35586929,2.210000038,0.055866831500000005
0.1445755005,0.1397083998,0.1084856987,0.1104347944,0.1071755052,0.031200128799999997,0.7680506228999999,0.027519916958333335,1.988265038,-0.204256102,0.870517075,0.0,53.48545837,246.0767975,998.1008301,20.55279922,20.29264069,19.69179916,21.3406601,23.37520027,57.60245895,43.37902069,2.32249999,0.0558668375
0.1446848035,0.1399503946,0.10841419699999999,0.1105170965,0.1071760058,0.0312853396,0.8231287956,0.027506010266666665,1.989127994,-0.2393042,0.870385885,-0.022070721,53.48545837,243.6777039,998.1005249,20.55290031,20.29276085,19.68552971,21.34029961,23.37207031,57.61489868,43.37031937,2.109999895,0.055866849399999995
0.1447860956,0.1400769949,0.1084678054,0.1105368018,0.10717669729999998,0.0313705593,1.024116993,0.027541773055555555,1.992558002,-0.121642798,0.870254815,-0.02631174,53.48545837,239.0540009,998.1002197,20.5529995,20.2928791,19.67925072,21.33993912,23.36894035,57.62734985,43.35100174,2.357500076,0.0558668613
0.1448848009,0.1401443958,0.1085631967,0.1105355978,0.10717730519999999,0.0314557791,0.9053850174000001,0.02759409798611111,1.99684298,-0.1205699,0.871756315,0.020327831,53.48545837,236.7070007,998.0999756,20.55308914,20.29299927,19.67297935,21.33959007,23.36581039,57.63978958,43.3316803,2.17750001,0.0558668673
0.14492800239999998,0.1399670959,0.108873105,0.11053440569999999,0.1071779966,0.0312638909,1.001945019,0.027653863694444444,2.001127958,0.399190605,0.873802006,0.008882037,49.26428986,237.9199982,998.0996704,20.55319023,20.29311943,19.78906059,21.33922958,23.36268044,57.65222931,43.31235886,2.244999886,0.0558668673
0.1448187947,0.1398756981,0.1087360024,0.1107393026,0.10717860459999999,0.0312310189,0.8002370834000001,0.027727046541666668,2.005413055,0.833118916,0.88218838,0.0,47.85723114,238.440506,998.0994263,20.55328941,20.29323006,19.8282795,21.33886909,23.35956001,57.66466904,43.29302979,2.075000048,0.0558668792
0.1448315024,0.1401355982,0.1084260941,0.11076250080000001,0.10717929600000001,0.0314140111,0.7394384861,0.027793943611111115,2.009697914,0.495512992,0.897838473,0.0,47.85723114,237.1914978,998.0991211,20.5533905,20.29335022,19.8282795,21.33852005,23.35643005,57.61949921,43.27370834,2.150000095,0.0558668911
0.145233202,0.1403538942,0.10850950479999999,0.1105291963,0.1071799994,0.031641021400000004,0.6571840763,0.02786969502777778,2.013983965,0.0408419,0.907458782,0.028350949,47.85723114,239.0558014,998.0988159,20.55348969,20.29347038,19.8282795,21.33815956,23.35330009,57.55513,43.25439072,2.244999886,0.0558668971
0.1453577042,0.140525496,0.1084558964,0.11051440239999999,0.1071805954,0.0318680286,0.8374339104,0.027949500611111112,2.013259888,-0.199964598,0.907847822,-0.034943949,47.85723114,238.8130035,998.0985107,20.55359077,20.29359055,19.8282795,21.33781052,23.35017014,57.49074936,43.23506927,2.147500038,0.0558668971
0.1455381036,0.1405354977,0.1086168051,0.11059149500000001,0.1071812987,0.0318956703,0.9987285613999999,0.028029306194444444,2.010867119,-0.246099204,0.906020224,-0.01479809,68.02977753,234.9884033,998.0982056,20.55368042,20.29369926,19.85181046,21.33745003,23.34704018,57.42638016,43.2157402,2.17750001,0.055866909
0.145581305,0.1404916048,0.1088791013,0.11066869500000001,0.10718200209999999,0.031686011,1.1203260419999999,0.02810911177777778,2.008474112,-0.247052893,0.904192686,0.113952301,74.75395966,233.8249054,998.0979004,20.5537796,20.29381943,19.87141991,21.33744049,23.34391022,57.36199951,43.19641876,2.244999886,0.055866909
0.14537249800000002,0.1403231025,0.1089267969,0.1107457995,0.1071825981,0.0315746814,1.0927840229999999,0.028191638527777778,2.006079912,-0.01554494,0.902365208,0.01439618,74.75395966,243.8249969,998.0977173,20.55388069,20.29393959,19.88710022,21.33753967,23.34078979,57.29763031,43.17710114,2.214999914,0.0558669329
0.1451020002,0.1401129961,0.1090906978,0.1108229995,0.10718330140000001,0.031232359999999997,0.792369318,0.028270111083333334,2.003686905,-0.1700425,0.900537729,-0.00786264,74.75395966,245.5142975,998.0974121,20.55397987,20.29405975,19.90279007,21.33764076,23.33765984,57.23324966,43.18149185,2.049999952,0.0558669329
0.1449630022,0.139743495,0.1093171954,0.11090010400000001,0.10718389749999999,0.0307957888,1.0741889949999999,0.028346945444444445,2.001913071,-0.247291297,0.898710191,0.0,51.67021942,241.1428986,998.0969849,20.55407906,20.29417992,19.91847992,21.33773994,23.33452988,57.16888046,43.19377136,2.307499886,0.0558669388
0.14460779429999998,0.13932089809999998,0.1092038989,0.1109004021,0.1072229981,0.030524909500000003,0.8882205963,0.028419778611111113,2.000344038,-0.092078462,0.896882713,-0.027733089,43.97563934,237.7149048,998.0966797,20.55417061,20.29429054,19.93416977,21.33783913,23.33139992,57.10449982,43.2060585,2.342499971,0.0558669388
0.14416600470000002,0.1391492963,0.1089774013,0.1110751987,0.1072747946,0.030309251,0.9604598999,0.028486332361111113,1.998775005,-0.183394194,0.895055175,-0.068133444,43.97563934,236.996994,998.0964966,20.55426979,20.29441071,19.94985008,21.33794975,23.32826996,57.04013062,43.21834946,2.327500105,0.0558669627
0.1441480041,0.1389086008,0.10904599429999999,0.1111057043,0.1073266029,0.0300936013,1.3109399800000001,0.028551250027777777,1.997207046,0.361519814,0.89342171,-0.019629691,43.97563934,234.2030945,998.0961914,20.55437088,20.29453087,19.96553993,21.33805084,23.33031082,56.97574997,43.23062897,2.150000095,0.0558669627
0.1439049959,0.13888280390000002,0.1088372946,0.111065805,0.10737849470000001,0.030020481300000002,1.0305569650000002,0.02860522163888889,1.995638013,0.979987383,0.891852915,0.031620242,43.97563934,238.4268036,998.0958862,20.55447006,20.29464912,19.98122978,21.33815002,23.33407974,56.89004135,43.24291992,2.345000029,0.0558669686
0.1439473987,0.1389456034,0.1088075042,0.1110259056,0.10743030309999999,0.029994890099999998,0.7480234146,0.02867047202777778,1.994070053,0.201180995,0.890284121,0.073780559,45.66551971,251.7200928,998.0955811,20.55456924,20.29476929,19.86750031,21.33824921,23.33785057,56.79721069,43.25519943,2.414999962,0.0558669686
0.14412560459999998,0.1390082955,0.1091472983,0.1109859943,0.10748209950000001,0.0297798187,0.8524542809,0.02872972277777778,1.99250102,0.736319423,0.888715327,0.05151308,46.22880936,261.221405,998.0952759,20.5546608,20.29487991,19.8282795,21.3383503,23.34160995,56.70439148,43.26749039,2.109999895,0.055866992500000004
0.1440904021,0.13907109499999998,0.1090757966,0.111036098,0.107533896,0.029945668600000003,0.8939409255999999,0.02869199963888889,1.990932941,0.508626223,0.887146413,0.041655019,46.22880936,263.1023865,998.0949707,20.55475998,20.29500008,19.8282795,21.33846092,23.34538078,56.61156082,43.27978134,2.039999962,0.055866992500000004
0.1439841032,0.1388550043,0.1094810963,0.1111160994,0.1075469017,0.029594048899999996,1.263733959,0.02848008261111111,1.989364028,0.414687902,0.885577619,0.01050357,46.22880936,259.0826111,998.0947266,20.55485916,20.29512024,19.8282795,21.3385601,23.3491497,56.59238052,43.29206085,2.132499933,0.0558669984
0.1437639952,0.1383201003,0.1093142033,0.1111961961,0.1075469017,0.029540741399999997,0.8839238167,0.02833766725,1.987795949,0.143363401,0.885957897,0.045161191,46.22880936,249.8083954,998.0944214,20.55496025,20.2952404,19.8282795,21.33865929,23.35290909,56.59775162,43.30435181,2.19749999,0.05586701039999999
0.1435060978,0.1384891033,0.10935000180000001,0.1112020016,0.1075937033,0.02897003,0.7608962059000001,0.028299916583333334,1.986227036,-0.172545999,0.886987925,-0.02749816,49.34371948,247.0204926,998.0941772,20.55505943,20.29534912,19.68709946,21.33876038,23.35667992,56.6031189,43.31663895,2.015000105,0.0558670223
0.1434128046,0.1386733055,0.1092367053,0.1111832023,0.1076197982,0.0292702287,0.8638983726999999,0.028310860527777777,1.989094019,-0.230601698,0.888017774,-0.033916671,50.38201904,243.0014954,998.0938721,20.55514908,20.29546928,19.64003944,21.33885956,23.36045074,56.60848999,43.32891846,2.122499943,0.0558670223
0.1435493946,0.1387760043,0.1090221047,0.1111642957,0.1076339006,0.0296307087,0.6593317032,0.028357554555555553,1.993438959,-0.241569206,0.889047921,0.01611414,50.38201904,241.6777954,998.0936279,20.55525017,20.29558945,19.64003944,21.33896065,23.36421013,56.58288956,43.34120941,2.232500076,0.0558670282
0.1437443018,0.1388787985,0.1090937018,0.111145401,0.1076478958,0.029639470600000002,0.7916574955,0.028396277944444444,1.997784019,-0.245920405,0.890077829,0.007563903,50.38201904,241.9608002,998.0933228,20.55534935,20.29570961,19.64003944,21.33906937,23.36797905,56.54695892,43.32780838,2.220000029,0.055867040199999995
0.1439393044,0.1389814973,0.10926059480000001,0.1111264944,0.1076619029,0.029565081,1.108522987,0.02840455586111111,2.002130032,-0.244728297,0.891107798,0.032638151,50.38201904,248.1271973,998.0930176,20.55545044,20.29582977,19.64003944,21.33917046,23.37174034,56.51102829,43.30585098,2.345000029,0.0558670521
0.14401079420000001,0.1390841961,0.1092710018,0.11117429729999999,0.1076760054,0.029649278499999997,0.8624659537999999,0.028344944861111113,2.006474972,-0.243536204,0.889986575,0.01087938,64.79721832,253.3688049,998.0927124,20.55554962,20.2959404,19.80475044,21.33926964,23.37550926,56.4751091,43.28388977,2.150000095,0.0558670521
0.1440412998,0.1391868949,0.10922930239999999,0.1112444043,0.1076900005,0.029786351300000003,1.109237003,0.028163166055555557,2.010819912,-0.242344007,0.888148427,0.0,69.60228729,252.0218964,998.0924072,20.55563927,20.29606056,19.85964966,21.33937073,23.37928009,56.43917847,43.26192856,2.234999895,0.055867058000000004
0.14420130250000002,0.1392896056,0.10918760300000001,0.11121660470000001,0.1077039957,0.029923421100000003,1.178619957,0.02805155647222222,2.015165091,-0.230959401,0.88631022,0.050356992,69.60228729,251.2153931,998.0922241,20.55574036,20.29618073,19.85964966,21.33946991,23.38303947,56.43975067,43.23997116,2.402499914,0.05586707
0.1443528056,0.13955090050000002,0.10914579630000001,0.1111560941,0.1077180982,0.030060491,1.0870619769999998,0.027985666055555556,2.019510984,-0.07383918,0.884472013,0.016785661,69.60228729,249.5142975,998.0919189,20.55583954,20.29630089,19.85964966,21.33958054,23.3868103,56.45248032,43.21800995,2.417500019,0.055867081900000004
0.1444869995,0.1395349026,0.10933209660000001,0.1110955954,0.10773210529999999,0.030197560800000002,1.186485958,0.02795719358333333,2.017690897,-0.190427706,0.881733477,0.0,69.99125671,248.6517029,998.0916138,20.55594063,20.29641914,19.78906059,21.33967972,23.39057922,56.46520996,43.19604874,2.207499981,0.055867081900000004
0.1445585012,0.1397078991,0.1094334006,0.1111778975,0.10774610040000002,0.0301013887,1.052013969,0.027934027777777776,2.013816118,-0.246516496,0.878695071,0.039663371,70.12091827,252.3399048,998.0911865,20.55603981,20.29652977,19.76029968,21.33978081,23.39434052,56.47793961,43.17409134,2.042500019,0.055867087800000007
0.1446089983,0.1397814989,0.1094810963,0.1111894011,0.10776020289999999,0.0302267402,1.07276001,0.02790886136111111,2.009942055,-0.2467549,0.875656605,0.060375281,70.12091827,255.7631073,998.0910034,20.55612946,20.29664993,19.75333023,21.33987999,23.39810944,56.49068069,43.15213013,2.137500048,0.0558670998
0.1446596026,0.1400030971,0.10906389949999999,0.1111613035,0.1077741981,0.0307175398,0.8116827965000001,0.02789761013888889,2.006067038,-0.246993303,0.872618079,0.051213201,70.12091827,256.7961121,998.0906982,20.55623055,20.2967701,19.74636078,21.33997917,23.40187073,56.50341034,43.16558075,2.217499971,0.055867111700000006
0.1450966001,0.1404997945,0.10870620010000001,0.1111332059,0.10775530339999999,0.0312968999,0.7523130894000001,0.027881026805555556,2.002373934,-0.247231707,0.869579673,0.01183171,70.12091827,257.2128906,998.0903931,20.55632973,20.29689026,19.73937988,21.3400898,23.40563965,56.51613998,43.19083023,2.035000086,0.055867111700000006
0.1456511021,0.1408882022,0.1087687969,0.11099009509999999,0.10772550110000001,0.031722039,0.6400179863,0.027861167055555556,1.998741031,-0.095297158,0.86754328,0.0,63.75838089,255.9996033,998.0900879,20.55643082,20.29700089,19.73241043,21.34019089,23.40941048,56.52886963,43.21606827,2.359999895,0.0558671176
0.1459990978,0.141218102,0.10894759890000001,0.11097019910000001,0.10769560339999999,0.0319376409,0.8109693526999999,0.027833332472222222,1.995108962,-0.194123194,0.865840971,0.019035511,61.63753891,252.2689056,998.0897827,20.55653,20.29711914,19.72543907,21.34029007,23.41316986,56.54159927,43.24132156,2.482500076,0.055867129599999996
0.1462795973,0.1413496971,0.1091264963,0.11100419759999999,0.1076657057,0.0321005106,0.9440088272,0.027814805777777778,1.991476059,0.452001005,0.864138722,0.04917936,61.63753891,247.8800049,998.0894775,20.55661964,20.2972393,19.71846962,21.34038925,23.41694069,56.55434036,43.26657104,2.127500057,0.055867141499999995
0.14625749589999998,0.14141540530000002,0.10930529829999999,0.1110381007,0.1076359034,0.0320852607,1.183625031,0.02780916638888889,1.98784399,0.041318759,0.862436414,0.095024258,61.63753891,249.7731018,998.0891724,20.55672073,20.29735947,19.71149063,21.34049034,23.42070961,56.56707001,43.29182053,2.265000105,0.055867141499999995
0.1461344957,0.14112420080000002,0.10967179540000001,0.1110720038,0.10760600570000001,0.0317561507,1.1965009690000001,0.027786638472222222,1.984212041,-0.100661702,0.860733986,0.114632599,61.63753891,250.7698975,998.0889282,20.55681992,20.29747963,19.70451927,21.34059906,23.4244709,56.57979965,43.31707001,2.042500019,0.0558671474
0.1457821965,0.14071409699999998,0.1096003056,0.1111878037,0.10757620329999999,0.031513679,1.030556011,0.027783332388888887,1.980579019,0.05180933,0.859031677,0.085759193,69.39325714,253.9689026,998.0886841,20.5569191,20.29759026,19.96162033,21.34070015,23.42823982,56.5925293,43.34231186,2.075000048,0.0558671594
0.14535330529999999,0.14030400510000002,0.1096480012,0.1113309979,0.1075860023,0.031144499799999996,1.048439026,0.02775287416111111,1.982836962,-0.160744101,0.857329428,0.016442459,71.97849274,256.9660034,998.0883789,20.55702019,20.29771042,20.04789925,21.34079933,23.43199921,56.60527039,43.36756134,2.292500019,0.0558671713
0.14492449759999998,0.1398937941,0.1095585942,0.1114740968,0.1076089978,0.030714040999999997,1.13713398,0.027754200830555555,1.987058043,-0.2351318,0.85562712,-0.06211447,71.97849274,253.5279999,998.0880737,20.55710983,20.29783058,20.04789925,21.34090042,23.43577003,56.61800003,43.39281082,2.102499962,0.0558671713
0.144670403,0.139654696,0.1093917012,0.11161719560000001,0.10763210059999999,0.030412980899999997,1.062742996,0.027743271722222223,1.991279006,-0.241926894,0.855898917,-0.04195068,71.97849274,252.1674042,998.0878296,20.55721092,20.29795074,20.04789925,21.3409996,23.43954086,56.63072968,43.38172913,2.200000048,0.05586717719999999
0.1444744945,0.13947260379999998,0.10942150349999999,0.11152729990000002,0.10765509609999999,0.0301550508,0.8460187912,0.027723403505555556,1.995499969,-0.191023707,0.85682869,-0.066744998,71.97849274,246.2566986,998.0875244,20.5573101,20.29807091,20.04789925,21.34110069,23.44330025,56.64345932,43.35853958,2.140000105,0.0558671892
0.14427859780000002,0.1392904043,0.1095168948,0.11149920230000002,0.10767810339999999,0.0298971295,1.001229,0.027708502875,1.99972105,-0.228336796,0.857758522,-0.09517511,57.42385101,239.4815979,998.0872192,20.55740929,20.29817963,20.07143974,21.34120941,23.44706917,56.65618896,43.33535004,2.227499962,0.0558672011
0.1442512989,0.13919939990000002,0.10948710440000001,0.11151770350000001,0.1077011943,0.0298504502,0.8267015457,0.027681346469444444,2.003942013,-0.246456906,0.858688414,-0.058356781,52.57229996,229.6266022,998.0869141,20.55751038,20.29829979,20.07928085,21.3413105,23.45083046,56.66893005,43.31214905,2.457499981,0.0558672011
0.1441900015,0.1391389012,0.10941549539999999,0.11137919430000001,0.10772420170000001,0.029874190699999997,0.7337164879,0.027670419480555555,2.008162975,-0.046778269,0.859618187,0.095273659,52.57229996,232.7608032,998.0866699,20.55760002,20.29841995,20.07928085,21.34140968,23.45459938,56.6816597,43.2889595,2.355000019,0.0558672071
0.1440986991,0.1391738057,0.10934400559999999,0.1115121961,0.10774719719999999,0.0298979312,1.021975994,0.02766048431388889,2.012383938,-0.180533096,0.860548019,0.01301212,52.57229996,240.6078949,998.0864258,20.5576992,20.29854012,20.07928085,21.34151077,23.45837021,56.69438934,43.26576996,2.224999905,0.055867219
0.1442373991,0.1392405987,0.10927250390000001,0.11135580540000001,0.10774970049999999,0.029921668800000002,1.0892069819999999,0.027637638516666667,2.0166049,-0.247291297,0.863205314,0.091429509,65.17591858,242.5697021,998.0861206,20.55780029,20.29865074,19.86749077,21.34160995,23.46212959,56.70711899,43.24258041,2.342499971,0.055867219
0.1442708015,0.1392794013,0.10920100210000001,0.111321497,0.1077453017,0.030037549099999998,0.9547376633000001,0.02762406031388889,2.020826101,-0.087429233,0.873530209,0.1929961,69.37712097,243.8260956,998.0858154,20.55789948,20.2987709,19.7968998,21.34170914,23.46590042,56.71986008,43.21939087,2.202500105,0.055867230899999995
0.14424350260000002,0.1393089056,0.10924869779999999,0.1113721013,0.10774079560000001,0.030021318800000002,1.050586987,0.02760783513333333,2.018673897,-0.185063094,0.886219025,0.127216995,69.37712097,260.9289856,998.0855103,20.55800056,20.29888916,19.7968998,21.34181976,23.46966934,56.73258972,43.19620132,2.211250067,0.05586724280000001
0.1442160964,0.139338398,0.1093359947,0.11142270569999999,0.1077363968,0.0299508303,0.8882205963,0.02760419421666667,2.014396906,-0.236800805,0.888545811,0.055307511,69.37712097,266.490387,998.0852051,20.55809021,20.29900932,19.7968998,21.34192085,23.47343063,56.74531937,43.17301178,2.306250095,0.055867248800000005
0.1442309976,0.1393679023,0.109423399,0.1113052011,0.107731998,0.02988033,0.8724832534999999,0.027576709322222222,2.010121107,-0.238708198,0.887418389,0.088676907,69.37712097,262.1502075,998.0848999,20.55818939,20.29912949,19.7968998,21.34202003,23.47719955,56.75804901,43.17797089,2.412499905,0.055867248800000005
0.1442600012,0.1393973947,0.1093022943,0.11130319829999999,0.1077275991,0.0300063103,0.8109712601,0.027560484144444446,2.005844116,-0.185897604,0.886291087,0.063612752,56.51644897,255.8280029,998.0845947,20.55829048,20.29924011,19.89102936,21.34211922,23.48096085,56.77077866,43.19232941,2.424999952,0.0558672607
0.1442276001,0.139426899,0.1091115952,0.11135829690000001,0.1077232003,0.030197781299999997,0.9626056671000001,0.02753729926111111,2.001566887,-0.217130899,0.885163903,0.071761012,52.22956085,254.2028046,998.0844116,20.55838966,20.29936028,19.92239952,21.34222031,23.48472977,56.78351974,43.2066803,2.315000057,0.0558672726
0.14450010060000001,0.1397009015,0.1091532946,0.1112697959,0.10771869419999999,0.030335488900000002,0.9962225913999999,0.027519916958333335,1.997290969,-0.163366705,0.884036601,0.100841597,52.22956085,250.5977936,998.0839844,20.55849075,20.29948044,19.92239952,21.34233093,23.4885006,56.79624939,43.22103119,2.099999905,0.0558672786
0.1444543958,0.1396744013,0.10927250390000001,0.11113339659999999,0.10771429539999999,0.0304552913,1.373882961,0.027506010266666665,1.993013978,-0.175943494,0.884134591,0.047186829,52.22956085,253.223999,998.0836792,20.5585804,20.2996006,19.92239952,21.34243011,23.49225998,56.81631088,43.23537827,2.38499999,0.0558672786
0.1446179986,0.13980410100000001,0.1091055989,0.1112146974,0.10770989660000001,0.0305750906,0.8803476334000001,0.027481670380555556,1.988737941,-0.223866403,0.884641111,0.049598631,52.22956085,255.3863983,998.083374,20.55867958,20.29972076,19.92239952,21.3425293,23.49603081,56.83882904,43.2497406,2.3125,0.0558673024
0.144707799,0.13982759709999998,0.10911149979999998,0.1111291051,0.10760589840000001,0.030694890000000002,0.9668951988,0.027475710974999998,1.98446095,-0.244430199,0.885147512,0.014293,54.91408157,253.9060974,998.0831909,20.55878067,20.29982948,19.87533951,21.34263039,23.49979973,56.86133957,43.26409149,2.039999962,0.0558673024
0.1447339058,0.1400629044,0.108849299,0.1111698985,0.1075626969,0.0309138805,0.8524508475999999,0.02746676974722222,1.984966993,-0.096727699,0.885653913,-0.01895594,55.80892181,253.3141022,998.0828857,20.55887985,20.29994965,19.86487961,21.34272957,23.50355911,56.8838501,43.27843857,2.007499933,0.0558673084
0.1451050043,0.1403911948,0.1088433027,0.1110952973,0.10755089520000001,0.0311659187,0.8245593071,0.02745440589166667,1.987068057,-0.196745798,0.886160314,-0.006318647,55.80892181,246.3795929,998.0825806,20.55898094,20.30006981,19.87184906,21.34284019,23.50732994,56.90636063,43.29278946,2.17750001,0.0558673084
0.1453089952,0.1404621959,0.1089625001,0.1109591961,0.1075389981,0.031417968899999996,1.147861958,0.027442042033333336,1.989169002,-0.246814504,0.886666715,-0.024671121,55.80892181,239.5861969,998.0822754,20.55907059,20.30018997,19.87882042,21.34293938,23.51110077,56.92887115,43.30715179,2.342499971,0.055867332199999994
0.1454188943,0.1404472947,0.10911149979999998,0.1109531045,0.1075271964,0.0313714802,0.9139699936,0.02742802513888889,1.991268992,0.2309836,0.887173116,-0.008223708,66.17411804,237.1380005,998.0819702,20.55916977,20.3003006,19.88579941,21.34304047,23.51486015,56.95138168,43.32149887,2.117500067,0.055867332199999994
0.1451786995,0.14028840069999998,0.1092705011,0.1109904051,0.10751529929999999,0.031225478600000002,0.9561684608000001,0.027427363925,1.993370056,-0.085045047,0.887679517,0.0,69.62918091,235.8659058,998.0817261,20.55927086,20.30042076,19.89277077,21.34313965,23.51862907,56.9738884,43.33584976,2.086250067,0.055867338200000005
0.1449291945,0.1400814056,0.10942950250000001,0.11102759840000001,0.1075034976,0.030881100900000003,1.082773972,0.027418418461111108,1.995838046,-0.034618732,0.888185978,0.03392797,69.62918091,237.3533936,998.0814209,20.55937004,20.30054092,19.89974022,21.34324074,23.52239037,56.99641037,43.32870865,2.161250114,0.055867338200000005
0.14471570250000002,0.1398743987,0.10934400559999999,0.11106489900000001,0.10749160049999999,0.030740669399999997,1.144287968,0.027431004841666665,1.998430014,0.166967303,0.888692379,0.01130932,69.62918091,239.7608948,998.0811768,20.55946922,20.30065918,19.90670967,21.34334946,23.52615929,57.0189209,43.31439972,2.217499971,0.055867362
0.1445021033,0.1396674991,0.1091771007,0.1111021042,0.1074797988,0.0306902587,0.8968037604999999,0.02742934968611111,2.001020908,-0.130226001,0.890533507,0.0,69.62918091,243.8484039,998.0808716,20.55956078,20.30077934,19.91367912,21.34345055,23.52993011,57.04143143,43.30009842,2.132499933,0.055867362
0.1445603013,0.1398949027,0.1088672042,0.1111394048,0.10746790170000001,0.030797869,0.6922335148000001,0.02744391971111111,2.003612041,-0.245026305,0.892819524,0.0,52.88262939,245.0102997,998.0806274,20.55965996,20.30088997,19.92066002,21.34354973,23.5336895,57.06393814,43.28578949,2.227499962,0.055867367999999994
0.1449969053,0.1402670979,0.10872410539999999,0.11103199720000001,0.10745610000000001,0.031153321299999998,0.8202675818999999,0.02750220192777778,2.006202936,-0.246456906,0.895105481,0.0,47.30044937,245.8394012,998.0803223,20.55975914,20.30101013,19.92762947,21.34365082,23.53746033,57.08644867,43.27148819,2.112499952,0.055867367999999994
0.14529540540000002,0.14042600389999998,0.1088850975,0.11087629800000001,0.10744420290000001,0.0313681394,1.043433952,0.027615121205555555,2.008794069,-0.235727802,0.897391498,0.0,47.30044937,245.7068024,998.0800171,20.55986023,20.30113029,19.93460083,21.34375,23.53657913,57.1089592,43.25717926,2.05250001,0.0558673918
0.1455160022,0.14067540169999998,0.10890890360000001,0.1109761,0.1074324012,0.0315143913,1.0820549959999999,0.027770101758333332,2.011384964,-0.243119001,0.899677515,0.0,47.30044937,243.381897,998.0797119,20.55995941,20.30125046,19.94157028,21.34384918,23.53416061,57.10084152,43.24287033,2.387500048,0.0558673918
0.145736599,0.1407369971,0.1092188001,0.1110304952,0.10742690560000001,0.031456539,1.084918976,0.02785188886111111,2.013976097,0.2195393,0.901963472,0.0,47.30044937,240.4636993,998.0794067,20.56004906,20.30135918,19.94854927,21.34395981,23.53174019,57.08250046,43.22856903,2.192500114,0.055867397799999996
0.1455688,0.1404999018,0.1092545986,0.1110412002,0.10742360349999999,0.0314824611,1.2572979930000001,0.027872416166666667,2.016566992,-0.084210537,0.904249489,0.0,60.26623917,237.5455017,998.0791016,20.56015015,20.30147934,19.95552063,21.3440609,23.52931976,57.06415939,43.2142601,1.992499948,0.055867397799999996
0.1452715993,0.1401901007,0.1092964053,0.1110519052,0.1074201941,0.0312428415,1.294491005,0.0278747495,2.014085054,-0.241569206,0.906535506,0.0,64.58817291,236.8159027,998.0789185,20.56024933,20.3015995,19.96249008,21.34416008,23.52689934,57.04582977,43.1999588,2.027499914,0.0558674216
0.1449745059,0.1399978995,0.10938370230000001,0.1110627055,0.107416904,0.0308978409,1.268741989,0.027857861,2.009912014,-0.194003895,0.908821523,0.042429522,64.58817291,238.2991028,998.0786133,20.56035042,20.30171967,19.96945953,21.34425926,23.52448082,57.02748871,43.20436096,2.17750001,0.0558674216
0.1446773052,0.13956129550000002,0.1094712019,0.11107339860000001,0.1074134946,0.030552840199999997,1.258014011,0.027855194944444443,2.00573802,-0.229528904,0.911107481,-0.024980851,64.58817291,241.3616028,998.078186,20.5604496,20.30183983,19.97643089,21.34436035,23.52206039,57.00915909,43.21500015,2.287499905,0.0558674276
0.1443801045,0.1392997026,0.1091531992,0.1112295985,0.1074630022,0.030408009899999998,0.9154005051,0.027831361555555555,2.00156498,-0.246993303,0.915527225,-0.01304134,64.58817291,235.4920044,998.0778809,20.56053925,20.30195045,19.98340988,21.34446907,23.51963997,56.99082184,43.22563171,2.069999933,0.055867439500000005
0.1441756964,0.13912800549999998,0.1091472983,0.11120400429999999,0.10753010510000001,0.0301840603,0.9905005455,0.02779825,1.997390985,-0.247231707,0.920657992,-0.03025352,65.78024292,232.0254974,998.0776978,20.56064034,20.30207062,19.84395981,21.34457016,23.51721954,56.97248077,43.2362709,2.357500076,0.055867451400000004
0.14400240179999999,0.1389562011,0.10929030179999999,0.11110169889999999,0.1075469017,0.0299114913,1.158590984,0.027775069341666667,1.993217945,-0.169684902,0.92578882,0.028075671,66.17759705,234.9792023,998.0773926,20.56073952,20.30219078,19.7968998,21.34466934,23.51479912,56.98451996,43.2469101,2.150000095,0.055867451400000004
0.1438289046,0.1388928056,0.1091472983,0.11106439829999999,0.1075469017,0.0297816694,1.127122021,0.027755199008333335,1.989045024,-0.190308496,0.930966079,-0.04141143,66.17759705,236.0998993,998.0770874,20.56084061,20.30231094,19.7968998,21.34477043,23.5123806,57.00667953,43.25754929,2.265000105,0.0558674574
0.1437935948,0.1388654947,0.1091771007,0.1110488057,0.1075469017,0.0296994299,0.9697599411000001,0.027735328675,1.98487103,-0.230840206,0.936158895,0.02036931,66.17759705,241.2393036,998.0767822,20.56093979,20.3024292,19.7968998,21.34486961,23.50996017,57.02883148,43.26818085,2.362499952,0.05586746930000001
0.1438042998,0.1388381958,0.1088850975,0.1110332012,0.1075469017,0.0299229085,0.7508843899000001,0.027715458338888888,1.984369993,0.1534964,0.939105988,0.01280438,49.22404099,245.7702026,998.0764771,20.56104088,20.30253983,19.89102936,21.3449707,23.50753975,57.05099106,43.27882004,2.212500095,0.0558674812
0.1438150048,0.13881089689999998,0.108849299,0.1110175967,0.1075469017,0.029931101199999997,0.8925086021,0.027695588005555553,1.985092998,-0.114013299,0.941304684,0.0,43.57286072,249.527298,998.0761719,20.56113052,20.30265999,19.92239952,21.34507942,23.50511932,57.07315063,43.28945923,2.107500076,0.0558674812
0.1438256025,0.1387835026,0.1091591954,0.11098430159999999,0.1075469017,0.0296559811,0.911822319,0.02770055558888889,1.985816002,0.003886459,0.94350332,-0.019667249,43.57286072,245.789505,998.0759277,20.56122971,20.30278015,19.92239952,21.34518051,23.50270081,57.09531021,43.30009079,2.224999905,0.055867487199999996
0.14372090099999998,0.1387562037,0.10909359460000001,0.1109452009,0.1075351,0.029711028900000002,0.8789205551,0.027670088875,1.986539006,-0.037718229,0.945701897,0.01518804,43.57286072,239.5534058,998.0756226,20.5613308,20.30290031,19.92239952,21.34527969,23.50028038,57.11745834,43.31072998,2.434999943,0.055867499099999995
0.14357759949999999,0.1392205954,0.10911149979999998,0.11097270249999999,0.1075193048,0.0296497911,0.8324289322,0.027642936705555555,1.987262011,-0.204613805,0.947900474,-0.01547917,43.57286072,238.7324982,998.0753784,20.56142998,20.30301094,19.92239952,21.34538078,23.49785995,57.13962173,43.32136917,2.265000105,0.055867511
0.1434685946,0.1388911963,0.1088940024,0.1110224009,0.10750340220000001,0.0302998185,0.8424425125000001,0.027640620338888887,1.987985015,-0.246337697,0.95009917,-0.045035671,49.14838028,239.7167969,998.0750732,20.56152916,20.3031292,19.89886093,21.34547997,23.49543953,57.16178131,43.33200073,2.144999981,0.055867511
0.14337099790000002,0.1387374997,0.1085721016,0.1110051036,0.10748770240000001,0.0303101689,0.8267068863,0.027635650636111113,1.988708019,-0.247052893,0.952297807,-0.01248666,51.00688171,238.0182037,998.0748291,20.56162071,20.30324936,19.89101982,21.34559059,23.4930191,57.18394089,43.34263992,2.025000095,0.055867522999999995
0.1435412049,0.1387487054,0.10842009779999999,0.1109655976,0.1074717999,0.030228561199999997,0.8960866928,0.027615782419444446,1.989431024,-0.210097402,0.954496384,-0.044107001,51.00688171,235.973999,998.0745239,20.56171989,20.30336952,19.89101982,21.34568977,23.49058914,57.20608902,43.35327911,2.36500001,0.0558675289
0.1438006997,0.1390051007,0.1085662007,0.1108029962,0.1074481964,0.0302167505,0.89823246,0.027591942680555554,1.990152955,-0.064659923,0.95669502,-0.03675583,51.00688171,236.7604065,998.0742188,20.56181908,20.30348969,19.89101982,21.34579086,23.48817062,57.2282486,43.3639183,2.317500114,0.0558675289
0.14406019450000002,0.1389955044,0.10879269840000001,0.1105995059,0.10742199420000001,0.0302049488,1.02125597,0.027577039930555554,1.990875959,-0.047493521,0.958893716,-0.007351166,51.00688171,236.8762054,998.0739136,20.56192017,20.30360031,19.89101982,21.34589005,23.4857502,57.25040817,43.37454987,2.087500095,0.055867540800000004
0.144125104,0.1388700008,0.108849299,0.11072599889999998,0.1073958039,0.030193141099999998,0.8352845192,0.0275601493,1.991598964,-0.155617997,0.961092293,0.0,63.0773201,241.063797,998.0736084,20.56201935,20.30372047,19.7968998,21.34598923,23.48332977,57.27257156,43.38518906,1.977499962,0.0558675528
0.14388890270000002,0.1388821006,0.10880459549999999,0.11079009769999999,0.10736960170000001,0.0301813394,0.9668953896,0.027558494144444445,1.995901942,-0.232270703,0.96329093,-0.031705149,67.10079956,240.7393951,998.0734253,20.5621109,20.30384064,19.76552963,21.34609985,23.48090935,57.2947197,43.37139893,2.079999924,0.0558675587
0.14391249420000002,0.1389402032,0.10874500270000001,0.11079659459999999,0.1073433995,0.030169528699999996,0.9332799911,0.02755005094722222,2.001396894,-0.239125401,0.965489507,-0.065928712,67.10079956,240.1548004,998.0731201,20.56221008,20.3039608,19.76552963,21.34620094,23.47849083,57.31687927,43.3494606,2.404999971,0.0558675587
0.1438284993,0.1389981985,0.1085870028,0.11080310339999999,0.1073171973,0.0303531706,1.083489037,0.02753746668611111,2.006891966,-0.228873193,0.964029312,-0.076306887,67.10079956,237.8605042,998.0728149,20.56230927,20.30407906,19.76552963,21.34630013,23.4760704,57.33903885,43.32751846,2.357500076,0.055867570600000006
0.1441172957,0.1391512036,0.1083963037,0.1106876969,0.1072909951,0.030601951500000002,0.7973779202,0.027518427108333333,2.012387991,-0.241688401,0.961349428,-0.05603705,61.97153091,231.8088989,998.0723877,20.56241035,20.30418968,19.82419014,21.34639931,23.47364998,57.36119843,43.30558014,2.362499952,0.0558675826
0.14422450069999998,0.1393358946,0.10850950479999999,0.11053179500000002,0.1072648048,0.030749011,0.9668951988,0.027497234344444444,2.017883062,-0.246814504,0.958669484,-0.01225085,60.26176834,231.7230988,998.0722046,20.56250954,20.30430984,19.84626961,21.3465004,23.47122955,57.38335037,43.28364944,2.192500114,0.055867588499999996
0.1442216039,0.13950430149999998,0.1084826946,0.1105841994,0.1072386026,0.030862140700000002,1.1821940420000001,0.027481009166666667,2.018171072,-0.245741606,0.955989718,0.0,60.26176834,233.9584045,998.0718994,20.56259918,20.30443001,19.84964943,21.34660912,23.46880913,57.40550995,43.26171112,2.295000076,0.055867588499999996
0.1443523049,0.13966710570000002,0.10837539430000001,0.1105839014,0.107219398,0.031107649199999997,1.054874992,0.02745749791388889,2.016721964,-0.244311094,0.953309774,0.0,60.26176834,238.2335052,998.0715942,20.56270027,20.30455017,19.85302925,21.34671021,23.46639061,57.42766953,43.23976898,2.102499962,0.055867600399999995
0.1445274949,0.1398300052,0.10850950479999999,0.110542798,0.10720269680000001,0.0311937898,1.09135704,0.027448885175,2.015274048,-0.242880493,0.95062989,-0.02521169,60.26176834,239.4723053,998.0712891,20.56279945,20.3046608,19.85640907,21.34680939,23.46397018,57.4498291,43.21783066,2.125,0.0558676124
0.1447028041,0.1399929047,0.10850059990000001,0.1105016947,0.1071859956,0.0313629895,1.040571022,0.027439282736111112,2.013825893,-0.226787001,0.949362814,-0.091020383,62.7469902,240.7442017,998.0709839,20.56290054,20.30477905,19.85977936,21.34691048,23.46154976,57.47198105,43.19588852,2.130000114,0.0558676183
0.1448779941,0.14001729489999998,0.108417201,0.1104606986,0.10716919899999999,0.0315824807,0.9962226868,0.027434313033333334,2.012377977,-0.047374301,0.948566377,0.008967658,63.57538986,236.697403,998.0706787,20.56299973,20.30489922,19.86315918,21.34700966,23.45912933,57.49414063,43.1739502,2.029999971,0.0558676183
0.144848299,0.1399955034,0.1085214972,0.1104195952,0.1071524978,0.0315405488,1.224394035,0.027421733008333334,2.010929108,-0.175287798,0.947770119,0.01934671,63.57538986,240.7861023,998.0703735,20.56310081,20.30501938,19.86654091,21.34711075,23.45671082,57.5163002,43.18566895,2.112499952,0.0558676302
0.1447504044,0.139861095,0.1086168051,0.1104522943,0.1071357965,0.0314114898,1.280902004,0.027415771483333334,2.007006884,-0.244072706,0.946973681,-0.01975809,63.57538986,243.4954987,998.0701294,20.56319046,20.30513954,19.86990929,21.34721947,23.45429039,57.53845978,43.20859909,2.075000048,0.0558676422
0.1446524024,0.1396890998,0.10868829490000001,0.1105095983,0.107119,0.0311591387,1.102081966,0.027413122388888888,2.00225997,-0.157287002,0.946177423,-0.007383572,63.57538986,241.9515076,998.0698853,20.56328964,20.30525017,19.87328911,21.34732056,23.45186996,57.56061935,43.23152924,2.16624999,0.0558676481
0.1443688989,0.1395172,0.1086763978,0.11056699750000001,0.10710229870000001,0.031022131400000003,0.94186306,0.027411467233333334,1.997513056,-0.217011705,0.945381105,0.0,62.45193863,241.3424072,998.0695801,20.56339073,20.30537033,19.87667084,21.34741974,23.44944954,57.5827713,43.25445938,2.321249962,0.0558676481
0.14443930389999998,0.1393452048,0.10863670110000001,0.11055589910000001,0.10708550210000001,0.030937269299999997,0.9461545943999999,0.027486637963888887,1.992766023,0.244573593,0.942687511,-0.067417562,62.07746124,240.4512939,998.0692749,20.56348991,20.30549049,19.88003922,21.34752083,23.44702911,57.60493088,43.27738953,2.296250105,0.05586766
0.1442412019,0.1392776966,0.1085968971,0.11052190070000001,0.1070688009,0.030852410200000003,0.7616131783,0.027698567708333333,1.98801899,0.202372998,0.939361513,-0.022472519,62.07746124,237.8439941,998.0689697,20.5635891,20.30561066,19.88342094,21.34762001,23.44459915,57.57712173,43.30033112,2.211250067,0.055867672
0.1441853046,0.13924510480000002,0.10855720040000001,0.1104879975,0.1070520997,0.030767551100000002,0.8932238579,0.027859166472222224,1.983271956,0.050378811,0.936035573,-0.02668052,62.07746124,234.7637024,998.0687256,20.56368065,20.30573082,19.88680077,21.34771919,23.44218063,57.53264999,43.32326126,2.414999962,0.0558676779
0.1442219019,0.13921240569999999,0.10851750369999999,0.11045409440000001,0.1070353031,0.0307475388,0.9246969223000001,0.027895416694444446,1.983584046,-0.150849506,0.932709575,0.015925789,62.07746124,238.7124023,998.0684204,20.56377983,20.30583954,19.89016914,21.34782982,23.43976021,57.48817825,43.34619141,2.287499905,0.0558676779
0.14407429700000002,0.1391798019,0.1084776998,0.11052830220000001,0.10701860190000001,0.0307491511,1.046294975,0.027900055777777776,1.985582948,-0.076700233,0.929383576,0.03599995,48.76419067,245.0041962,998.0681152,20.56388092,20.3059597,19.7968998,21.34793091,23.43733978,57.44371033,43.36912155,2.137500048,0.055867689799999995
0.1441532969,0.13935120110000002,0.10855720040000001,0.1106385946,0.1071074009,0.0306079805,1.137849998,0.02786447313888889,1.987581968,-0.060964368,0.926057577,-0.04007801,44.3264389,246.5771942,998.0678711,20.5639801,20.30607986,19.76552963,21.34803009,23.43491936,57.39923096,43.39205933,2.402499914,0.0558677018
0.1441457033,0.13919670580000001,0.1086763978,0.1104838967,0.1071495056,0.0306688309,1.247999954,0.027833362166666663,1.989580989,0.110938102,0.922731578,-0.016440099,44.3264389,245.2129974,998.067627,20.56407928,20.30620003,19.76552963,21.34812927,23.43250084,57.39950943,43.41498947,2.454999924,0.055867707700000005
0.144077301,0.1390851974,0.1086824059,0.1105716944,0.10716429949999999,0.0306450695,0.8717644691,0.027814138194444445,1.991580009,0.171020404,0.91940558,-0.028367929,44.3264389,241.1266937,998.0673218,20.56417084,20.30631065,19.76552963,21.3482399,23.43008041,57.41468811,43.4016304,2.470000029,0.055867707700000005
0.1440088987,0.1390319943,0.1086506009,0.11063109639999999,0.10717910530000001,0.0305653691,0.9246951103000001,0.027791444999999998,1.995627999,-0.094462678,0.917630017,-0.009455978,54.32011032,234.7221985,998.0670166,20.56427002,20.30643082,19.69494057,21.34833908,23.42765999,57.42987061,43.37619019,2.420000076,0.055867731600000005
0.1439404964,0.1389786959,0.10861879590000001,0.11064440010000001,0.1071938992,0.030485668799999997,0.9833478928,0.027766948274999998,2.000358105,-0.068474673,0.916370988,-0.062812202,57.65134048,230.4850006,998.0667114,20.5643692,20.30654907,19.67140961,21.34844017,23.42523956,57.44504929,43.35074997,2.407500029,0.055867731600000005
0.1438722014,0.1389253974,0.1088075995,0.1106575966,0.10720870490000001,0.030207550500000003,1.378890038,0.0277508884,2.005088091,-0.187685803,0.915112197,-0.045888089,57.65134048,229.1974945,998.0664063,20.56447029,20.30666924,19.67140961,21.34853935,23.42281914,57.46023178,43.32529831,2.394999981,0.0558677375
0.1438037992,0.1388721943,0.1087955952,0.1106709003,0.1072234988,0.0301400214,1.279471016,0.027737640805555554,2.009819031,-0.245503098,0.913853288,0.022472041,57.65134048,228.5946045,998.0661011,20.56456947,20.3067894,19.67140961,21.34864044,23.42040062,57.47541046,43.29985809,2.352499962,0.0558677375
0.14373539689999998,0.1388188958,0.10869230030000002,0.1107195973,0.10723830459999999,0.030164730499999997,1.000516033,0.027724397447222222,2.014549017,0.295953691,0.914036393,0.01026298,57.65134048,232.8639069,998.0657959,20.56465912,20.30690002,19.67140961,21.34874916,23.41798019,57.49060059,43.27441025,2.332499981,0.05586776140000001
0.14366699460000001,0.1387655973,0.10858900549999999,0.1107802033,0.1072530985,0.030189439699999997,1.124258995,0.027707178327777776,2.019279003,-0.015783399,0.91470021,0.0,68.89922333,238.0753937,998.0656128,20.56476021,20.30702019,19.81118965,21.34885025,23.41555977,57.50577927,43.24897003,2.007499933,0.05586776140000001
0.1437276959,0.13860640529999999,0.10904599429999999,0.11063369510000001,0.1072679996,0.0297079206,1.2522910120000001,0.027710490755555556,2.018008947,0.1124878,0.915364027,0.037424959,72.64851379,243.0596008,998.0651855,20.56485939,20.30714035,19.85778046,21.34894943,23.41313934,57.52096176,43.22351837,2.282500029,0.0558677673
0.1434875011,0.138667798,0.1087957025,0.1107882023,0.10728280539999999,0.0298107803,1.140711021,0.027682342530555553,2.014739037,0.03976902,0.916027784,0.04413059,72.64851379,248.0437927,998.0648804,20.56496048,20.30726051,19.85778046,21.34905052,23.41072083,57.53614044,43.19807816,2.170000076,0.0558677673
0.14350490570000002,0.1385846972,0.10878369809999999,0.1108229041,0.1072975993,0.0299228698,0.8732002258,0.02767605039722222,2.011468887,0.008058853,0.916691482,0.0364381,72.64851379,254.8368073,998.0645752,20.56505966,20.30736923,19.85778046,21.3491497,23.4083004,57.55131912,43.17263031,2.059999943,0.0558677912
0.1432932019,0.138606596,0.1086107969,0.11077649590000001,0.1073124051,0.029954341099999997,0.9876395226,0.027670421599999998,2.008198023,-0.171711504,0.914125085,0.008628745,72.64851379,256.685791,998.0643921,20.56514931,20.3074894,19.85778046,21.34925079,23.40587997,57.56650925,43.17876053,2.335000038,0.0558677912
0.1433735967,0.1386891007,0.1086465955,0.11073000429999999,0.10732719900000001,0.029985821200000002,1.342411995,0.027653202480555555,2.005620003,-0.238350496,0.910481989,0.0,55.90296173,253.5895996,998.0640869,20.5652504,20.30760956,19.74152946,21.34391975,23.40345955,57.5816803,43.19541931,2.287499905,0.055867797100000005
0.143590498,0.1387716055,0.1085124969,0.1106835961,0.1073420048,0.0302071005,1.021257973,0.027633334266666667,2.003272057,-0.1534722,0.906838894,0.0,50.32110977,249.0137024,998.0637817,20.56534958,20.30772972,19.70277977,21.34234047,23.40102959,57.59687042,43.21207809,2.24000001,0.055867797100000005
0.1438074946,0.1391142964,0.1082859993,0.11062920089999999,0.1073567986,0.030491641200000003,1.031984997,0.027613463930555554,2.000925064,-0.096131653,0.903195798,0.018936491,50.32110977,255.2812042,998.0634766,20.56545067,20.30784988,19.70277977,21.34263039,23.39860916,57.6120491,43.22874069,2.285000086,0.055867821
0.14421759839999998,0.13931200500000002,0.10860489609999999,0.1105720997,0.10732619759999999,0.030509421199999998,1.017679977,0.027608496347222223,1.998576999,-0.131656602,0.899552703,0.006312165,50.32110977,255.8816071,998.0631714,20.56554985,20.30796051,19.70277977,21.34291077,23.39619064,57.6272316,43.24539185,2.217499971,0.055867821
0.1441794991,0.1394325018,0.1085870028,0.11051499840000001,0.10728050469999999,0.0307260513,1.060595036,0.02758465660833333,1.996229053,0.02248339,0.895909488,0.042871982,50.32110977,255.2541046,998.0629272,20.5656395,20.30808067,19.70277977,21.34318924,23.39377022,57.64241028,43.26205063,2.234999895,0.055867832900000004
0.1443953037,0.1397351027,0.1083963037,0.11062419409999999,0.1072347999,0.0310385913,0.8803510666,0.027565778097222222,1.993880987,0.273780406,0.893029988,0.01429066,53.35826111,252.3421936,998.0626221,20.56574059,20.30820084,19.91456032,21.34346962,23.39134979,57.65758896,43.27870941,2.392499924,0.055867832900000004
0.1447527051,0.1400984049,0.108455801,0.11044830080000001,0.1071889997,0.0313511401,0.8066797255999999,0.02754226896388889,1.991533041,-0.1007808,0.890405118,0.037455451,54.37065125,250.4819031,998.0623779,20.56583977,20.30831909,19.98514938,21.34375954,23.38892937,57.67277908,43.29536057,2.394999981,0.0558678389
0.1449584961,0.14046169520000001,0.1084112048,0.1103888035,0.10718330140000001,0.0316636801,0.7980967045,0.027525711058333333,1.989184976,-0.145365804,0.887780011,-0.0121002,54.37065125,252.4783936,998.0620728,20.56594086,20.30843925,19.98514938,21.34403992,23.38651085,57.68796158,43.31201935,2.335000038,0.055867850799999993
0.14539610149999999,0.1408251047,0.1083039045,0.11040610070000001,0.10719089509999999,0.032083719999999996,0.7315724849999999,0.027517433166666667,1.986837983,-0.053096451,0.885155022,0.01295429,54.37065125,250.6022034,998.0618286,20.56604004,20.30854988,19.98514938,21.3443203,23.38409042,57.70314026,43.32867813,2.25999999,0.05586786270000001
0.1455291033,0.1409855962,0.1085631967,0.1104233027,0.107198596,0.0322424501,0.9118205070000001,0.02749789767777778,1.984490037,-0.074077591,0.882242084,0.007049803,63.80435944,245.2707062,998.0615234,20.56612968,20.30867004,19.86750031,21.34461021,23.38167,57.71831894,43.34534073,2.045000076,0.05586786270000001
0.1457625985,0.141078496,0.10856909749999999,0.11044059989999999,0.10720620160000001,0.032464310499999996,1.041283989,0.027480013105555555,1.982141972,-0.207355604,0.879233181,0.0,66.94892883,242.1896973,998.0612183,20.56623077,20.30879021,19.8282795,21.34489059,23.37924957,57.73350143,43.36199188,2.036250114,0.055867868700000003
0.1458333015,0.14085589650000002,0.1088343978,0.1105273962,0.1072137952,0.0322689712,0.982632637,0.027476041580555555,1.984967947,-0.157883003,0.876224279,-0.03902879,66.94892883,241.6573029,998.0609131,20.56632996,20.30891037,19.8282795,21.34516907,23.37682915,57.74868011,43.37865067,2.111249924,0.055867880599999996
0.1455760956,0.1405280948,0.10922780039999999,0.11063740250000001,0.1072214007,0.0316581011,0.9518766403000001,0.02746809429722222,1.989519954,-0.214269802,0.873215377,-0.03252399,66.94892883,240.1159973,998.0606079,20.56642914,20.30901909,19.8282795,21.34546089,23.37441063,57.76387024,43.39530945,2.287499905,0.0558678925
0.1452363014,0.140200305,0.1092903972,0.11074739689999999,0.1072291017,0.0312410086,1.0963640209999999,0.027463457319444443,1.994071007,-0.214389101,0.870206594,-0.006504799,66.94892883,236.3654022,998.0603027,20.56653023,20.30913925,19.8282795,21.34573936,23.3719902,57.77904892,43.38418961,2.467499971,0.0558678985
0.14489660259999998,0.1398725033,0.10904599429999999,0.1108574033,0.10723669529999999,0.0311862707,1.310227013,0.02748961978611111,1.998621941,-0.060368322,0.867197692,0.0,73.71363831,240.4589996,998.0601196,20.56661987,20.30925941,19.87533951,21.34601974,23.36956978,57.79423141,43.36381149,2.450000048,0.0558678985
0.1445567966,0.1396718979,0.10898640159999999,0.1109673977,0.1072548985,0.030897420599999996,1.433965969,0.027536307441666668,2.003174067,-0.160624802,0.865486979,-0.0253872,75.96853638,241.5594025,998.0598145,20.56671906,20.30937958,19.89592934,21.34630013,23.36714935,57.8094101,43.34342957,2.407500029,0.0558679104
0.1445075989,0.139784205,0.1088314056,0.1109426022,0.10727670190000001,0.0308405191,1.240132046,0.027598067388888887,2.007725,-0.01590256,0.864209116,-0.005087937,75.96853638,238.0350952,998.0593872,20.56682014,20.30949974,19.90246964,21.34659004,23.36473083,57.82458878,43.32305145,2.347500086,0.0558679223
0.1445551038,0.13966360090000002,0.10904599429999999,0.11087290050000001,0.107298398,0.0306812286,1.245139027,0.027663633558333334,2.012275934,0.210479394,0.862931073,0.033260949,75.96853638,236.9295959,998.059082,20.56691933,20.30961037,19.90901947,21.34687042,23.36230087,57.8397789,43.30266953,2.097500086,0.0558679283
0.1442780018,0.1394353032,0.10912350420000001,0.1109382033,0.10732020140000001,0.0304500401,1.019828033,0.027770921919444445,2.016827106,0.458200008,0.861653209,-0.019399069,75.96853638,239.5263062,998.0588989,20.56702042,20.30973053,19.91555977,21.3471508,23.35988045,57.79164124,43.28229141,2.16624999,0.0558679283
0.1441040993,0.1392070055,0.10910760159999999,0.11104849580000001,0.1073418975,0.030218848599999997,0.7966608047,0.02789211061111111,2.016221046,0.404078096,0.860375285,0.02941169,57.24221039,244.4951935,998.0585938,20.56711006,20.30985069,19.9221096,21.34742928,23.35746002,57.72238922,43.26190948,2.361249924,0.0558679402
0.14400069710000002,0.1391437054,0.10909169910000001,0.11107610459999999,0.1073637009,0.030151298599999998,0.782359314,0.02798202727777778,2.013895988,-0.08218395,0.859097421,0.01314958,51.00009918,247.1040039,998.0582886,20.56720924,20.30997086,19.9286499,21.34771919,23.36082077,57.65314865,43.24153137,2.087500095,0.05586795209999999
0.143979001,0.1391355038,0.1090757966,0.11107610459999999,0.1073855042,0.0301382989,0.8896493912000001,0.02806150013888889,2.01157093,-0.240377098,0.857819378,0.09134993,51.00009918,248.758606,998.0579834,20.56731033,20.31008911,19.93519974,21.34799957,23.36609077,57.58390045,43.22114944,2.257499933,0.055867958100000004
0.1439844012,0.1391273022,0.10905989410000001,0.11107610459999999,0.10739090440000001,0.030125299100000003,1.2458519940000001,0.028145944805555555,2.009246111,-0.01208782,0.856541514,0.030449981,51.00009918,249.5670929,998.0576782,20.56740952,20.31019974,19.94174004,21.34827995,23.37136078,57.51465988,43.20077896,2.335000038,0.055867958100000004
0.1440750003,0.1392400026,0.10904400350000001,0.1110816956,0.10747419600000001,0.030112290400000002,1.405356026,0.028226083111111112,2.006920099,0.01854944,0.855263472,0.047719311,51.00009918,250.093399,998.057373,20.5675106,20.3103199,19.94828033,21.34856987,23.37664032,57.44541931,43.20175934,2.075000048,0.05586797
0.14419399500000002,0.1393931031,0.109028101,0.1110892057,0.1075188041,0.0302333802,1.1178179739999998,0.02829430475,2.005249977,-0.142862394,0.853985608,0.073845819,56.33143997,250.6197968,998.0571289,20.56760025,20.31044006,19.71751022,21.34885025,23.38191986,57.37617111,43.20986938,2.349999905,0.055867981899999995
0.1441982031,0.1395462036,0.10901219840000001,0.111096704,0.1075412989,0.0303991705,0.946512413,0.028365139444444444,2.003798008,-0.222972199,0.852707624,0.062661953,58.10855865,250.0440979,998.0568237,20.56769943,20.31056023,19.64003944,21.34913063,23.38718987,57.30693054,43.21797943,2.214999914,0.055867987900000006
0.1445678949,0.139862597,0.1089962959,0.1111042023,0.1075469017,0.0305649489,0.8535289764,0.028424082861111113,2.002346992,-0.237396806,0.851429701,0.01444961,58.10855865,250.454895,998.0565796,20.56780052,20.31067085,19.64003944,21.3494091,23.39246941,57.23768997,43.22608948,2.30250001,0.055867987900000006
0.14480279680000002,0.13989109989999998,0.10911749600000001,0.11111170050000001,0.1075469017,0.0307307512,0.8088254928999999,0.02849230661111111,2.000895023,0.042749271,0.849870384,0.05556808,58.10855865,251.3170929,998.0562744,20.5678997,20.31078911,19.64003944,21.34970093,23.39773941,57.16844177,43.23419952,2.472500086,0.0558679998
0.144680202,0.1398054004,0.1092844009,0.11111919880000001,0.1075469017,0.030564919099999997,0.9132528305,0.028572110083333335,1.999443054,-0.065136753,0.848217428,0.053068992,51.22319031,251.0570068,998.0560303,20.56800079,20.31090927,19.80475044,21.3499794,23.40302086,57.0992012,43.24230957,2.285000086,0.0558680117
0.1448469996,0.1399847984,0.1094513059,0.1112261057,0.1075469017,0.0302885592,0.7573216915,0.028625443777777777,1.997990966,-0.203898504,0.846564293,0.043201581,48.92807007,252.8491974,998.0557251,20.56809044,20.31102943,19.85964966,21.35025978,23.40829086,57.02994919,43.25041962,2.142499924,0.055868017699999994
0.1449319959,0.1399495006,0.10961819889999999,0.11112840180000001,0.1075469017,0.0303402513,0.9955104828,0.028669139027777776,1.996538997,-0.082899213,0.844911218,0.093420923,48.92807007,253.4994965,998.0554199,20.56818962,20.3111496,19.85964966,21.3505497,23.4135704,56.96070862,43.25852966,2.352499962,0.055868017699999994
0.14494760040000002,0.1400681973,0.1094452977,0.1112794995,0.1075469017,0.0305012792,0.8388625145,0.0286651675,1.995087028,-0.194123104,0.843258083,0.070085138,48.92807007,255.6647034,998.0551147,20.56829071,20.31126022,19.85964966,21.35083008,23.41884041,56.89146042,43.26662827,2.460000038,0.0558680296
0.1449632049,0.1400660992,0.1095347047,0.11134190559999999,0.1076220989,0.0305383503,0.9118205070000001,0.028494305083333334,1.993635058,-0.225118101,0.841605127,-0.018337309,48.92807007,257.5971985,998.0548096,20.56838989,20.31138039,19.85964966,21.35111046,23.42411995,56.82221985,43.27473831,2.5,0.0558680415
0.1449787974,0.1399953961,0.109445405,0.11133819819999999,0.1076627016,0.0305341005,0.8596087455999999,0.0283148045,1.992184043,0.119878903,0.839951992,0.025691381,46.01615143,255.0435028,998.0546265,20.56848907,20.31150055,19.78906059,21.35139084,23.42938995,56.79013824,43.28284836,2.420000076,0.0558680475
0.1448300958,0.139924705,0.1094334006,0.11133459809999999,0.10768359899999999,0.030529838799999997,0.8073949814000001,0.028277388666666667,1.990731955,0.06432651,0.838298917,0.030435169,45.04550934,249.2122955,998.0543213,20.56858063,20.31162071,19.76552963,21.35168076,23.43466949,56.77045059,43.2909584,2.390000105,0.0558680475
0.1446266055,0.139854002,0.1096778035,0.11153069730000001,0.10770449639999999,0.0302157998,1.110667992,0.02832044388888889,1.989279985,-0.180533096,0.836645782,0.006087035,45.04550934,245.8146057,998.0540161,20.56867981,20.31174088,19.76552963,21.35195923,23.4399395,56.75075912,43.29906845,2.210000038,0.0558680594
0.1447260022,0.1399737,0.1095942974,0.11153869629999999,0.1077254057,0.0303121209,1.035562992,0.028383055805555557,1.990067005,-0.233462796,0.835820973,0.020346871,45.04550934,245.171402,998.0535889,20.5687809,20.31184959,19.76552963,21.35223961,23.44522095,56.73107147,43.3071785,2.262500048,0.0558680713
0.144926405,0.1401569009,0.1093796968,0.1114617944,0.1077461958,0.0305796593,1.0040909770000002,0.028439000444444446,1.991600037,-0.2344165,0.835272193,0.00678229,45.04550934,245.1060944,998.0534058,20.56888008,20.31196976,19.76552963,21.35252953,23.45049095,56.66807175,43.31528854,2.382499933,0.0558680773
0.1451269031,0.1403401017,0.1094066024,0.1113847971,0.10776710510000001,0.030707019600000003,1.064890003,0.02850488875,1.993132949,-0.240138605,0.834723413,0.030675551,61.8538208,242.7707977,998.0531006,20.56897926,20.31208992,19.78906059,21.35280991,23.45577049,56.59064102,43.32339859,2.087500095,0.0558680773
0.1453273058,0.1405233026,0.10951390270000001,0.1115021944,0.10778800250000001,0.0307876498,1.133557987,0.028443972277777778,1.994667053,-0.2458608,0.834174573,0.086211517,67.45659637,244.8220978,998.0527954,20.56907082,20.31221008,19.7968998,21.35309029,23.4610405,56.51319885,43.33150101,2.099999905,0.055868089200000005
0.14538559909999998,0.14053690430000002,0.10952279570000001,0.11143180130000001,0.10780880450000001,0.031062638799999997,1.015536022,0.028207193999999998,1.996199965,-0.244072601,0.833625793,0.146625906,67.45659637,248.5879059,998.0524902,20.56917,20.31232071,19.7968998,21.35337067,23.46632004,56.51306152,43.33961105,2.07249999,0.0558681011
0.1453964949,0.14049390550000002,0.1094990015,0.1114303946,0.1078297019,0.0311037391,0.9726190566999999,0.028050556194444447,1.997732997,-0.052738801,0.833077013,0.133662,67.45659637,261.4025879,998.0521851,20.56926918,20.31244087,19.7968998,21.35366058,23.47159004,56.53868866,43.3477211,2.042500019,0.055868107099999995
0.1454074025,0.1404510021,0.10974340440000001,0.1114799023,0.1078505993,0.030837151400000002,1.12568903,0.02798402786111111,1.999266028,-0.182798102,0.832528174,0.096238554,67.45659637,265.4598999,998.0518799,20.56937027,20.31255913,19.7968998,21.35393906,23.47686958,56.56431961,43.35583115,2.144999981,0.055868107099999995
0.14541829820000002,0.1404080033,0.10977909560000002,0.11152950530000001,0.10787140129999999,0.0307444304,1.1582349779999999,0.027965471472222222,2.000798941,-0.241211593,0.831979394,0.123117797,63.36045837,265.5925903,998.0515747,20.56946945,20.31267929,19.7968998,21.35421944,23.48213959,56.58995056,43.35129929,2.180000067,0.05586811900000001
0.1452783942,0.1403650045,0.1097156048,0.1115972996,0.10789229869999999,0.030732789599999998,1.133917046,0.027949583277777777,2.002332926,0.260428786,0.831430614,0.084679477,61.99507904,265.7251892,998.0512695,20.5695591,20.31279945,19.7968998,21.35450935,23.48741913,56.61557007,43.34255981,2.359999895,0.0558681309
0.1450322986,0.14020169970000002,0.1096519947,0.1116711974,0.10791319610000001,0.030721148799999997,1.1514399530000001,0.027941972944444445,2.003865957,-0.015783351,0.830881774,0.1022214,61.99507904,263.7781067,998.0510864,20.56966019,20.31291008,19.7968998,21.35478973,23.49268913,56.64120102,43.33382034,2.32249999,0.0558681428
0.1449884057,0.1399983048,0.10990430120000001,0.1117449999,0.10791840550000001,0.0302976489,1.124975967,0.027933027472222222,2.005398989,0.124528103,0.830332994,0.08444237,61.99507904,261.1376953,998.0507813,20.56975937,20.31303024,19.7968998,21.35507011,23.49797058,56.6548996,43.32506943,2.25999999,0.0558681428
0.1447134018,0.1397948027,0.1099400997,0.1118188977,0.10791840550000001,0.0300208688,1.32596302,0.027910499583333335,2.00693202,-0.125696003,0.831650615,0.018673981,71.54837799,258.4973145,998.0504761,20.56986046,20.31315041,19.7968998,21.35535049,23.50324059,56.66461182,43.31632996,2.220000029,0.055868148799999996
0.14449889659999998,0.1395913959,0.109868598,0.1118927002,0.10791840550000001,0.029838749799999998,1.098505974,0.027903889555555554,2.008466005,-0.116636001,0.833590388,0.087579817,74.73281097,254.091095,998.0501709,20.56995964,20.31327057,19.7968998,21.35564041,23.50852013,56.67432022,43.30757904,2.359999895,0.0558681607
0.1443385959,0.13938800099999998,0.1099578977,0.111906898,0.10791840550000001,0.0296566308,1.333827972,0.027887001027777778,2.009999037,0.772082925,0.835530221,0.111881003,74.73281097,253.1842041,998.0499268,20.57006073,20.31339073,19.7968998,21.35592079,23.51379013,56.68402863,43.29883957,2.214999914,0.0558681726
0.1442985058,0.1394130945,0.1097432971,0.11190110449999999,0.10791840550000001,0.029627630100000003,0.9990852356,0.027880361333333336,2.011532068,0.080300853,0.837469995,0.076420702,74.73281097,256.3077087,998.0496216,20.57015038,20.31349945,19.7968998,21.35619926,23.51906967,56.69374084,43.2901001,2.157500029,0.0558681726
0.14432250259999999,0.13951439859999998,0.1097493052,0.11181809899999999,0.10791840550000001,0.0296496689,0.9962225913999999,0.02786661147222222,2.0130651,-0.082422353,0.839409828,0.107423902,74.73281097,257.3109131,998.0493164,20.57024956,20.31361961,19.7968998,21.35648918,23.52433968,56.70346069,43.28134918,2.069999933,0.0558681786
0.144354403,0.13961579799999999,0.1095466971,0.1117094994,0.10791840550000001,0.029866829499999997,1.0706089970000001,0.027848750222222222,2.014597893,0.161841199,0.844299018,0.030379269,50.39414978,258.5201111,998.0490723,20.57035065,20.31373978,19.7968998,21.35676956,23.52961922,56.7131691,43.27260971,2.339999914,0.055868190500000005
0.1445839047,0.1397920966,0.1094334006,0.1116008043,0.1079092026,0.0301490396,0.7530301094,0.02781647152777778,2.016132116,-0.098754331,0.850171328,0.112975597,42.28126907,259.0740051,998.0488281,20.57044983,20.31385994,19.7968998,21.35704994,23.53488922,56.72288895,43.2638588,2.410000086,0.0558682024
0.1446576953,0.1399935007,0.10956460240000002,0.11149220470000001,0.10786279439999999,0.0302275509,0.9790596008,0.027790804972222225,2.017664909,-0.225714102,0.856043577,0.084143192,42.28126907,259.2749939,998.0485229,20.57055092,20.31397057,19.7968998,21.35733032,23.54017067,56.73260117,43.25511932,2.160000086,0.0558682024
0.1449134946,0.1399708986,0.10975530149999999,0.1115098953,0.1078050017,0.0302381605,1.2558670040000002,0.02776893827777778,2.017246962,-0.163366705,0.861916006,0.06398084,42.28126907,257.9782104,998.0482178,20.57064056,20.31409073,19.7968998,21.35762024,23.54544067,56.74230957,43.24637985,2.241250038,0.055868208399999994
0.1449349046,0.1398736,0.1096868038,0.11156970260000001,0.1077471018,0.0303670585,1.029841042,0.027765460544444443,2.016179085,-0.1798179,0.867788374,0.05005689,42.28126907,256.1820068,998.0479126,20.57073975,20.31421089,19.7968998,21.35790062,23.55072021,56.75202179,43.23762894,2.456249952,0.05586822030000001
0.1448497057,0.13991559739999998,0.109531796,0.11176970010000001,0.10773270130000001,0.0304225713,1.054162979,0.0277422799,2.01511097,0.234798402,0.873660684,0.093783706,60.23284912,255.7330017,998.0476074,20.57084084,20.31432915,19.72631073,21.35817909,23.55599022,56.76173019,43.22888947,2.097500086,0.0558682323
0.1447646022,0.1400038958,0.1095108986,0.1116067052,0.10773270130000001,0.0304404497,1.014105988,0.02773035473333333,2.014043093,0.128462106,0.879533112,0.158571094,66.21671295,254.670105,998.0473022,20.57094002,20.31444931,19.70277977,21.35847092,23.56126976,56.77145004,43.22014999,2.282500029,0.0558682323
0.1448351979,0.1400923014,0.1098209023,0.111501801,0.10773270130000001,0.0301599801,0.8674764633000001,0.027718105316666665,2.012974977,-0.173022807,0.885405421,0.102037802,66.21671295,257.8215942,998.0469971,20.5710392,20.31455994,19.70277977,21.35874939,23.56653976,56.78115845,43.21139908,2.089999914,0.055868238199999996
0.1449579,0.14018059970000002,0.1095108986,0.1114619017,0.10773270130000001,0.030502939200000002,0.8767747879,0.027703535291666664,2.011905909,-0.027704479,0.888697386,0.060384579,66.21671295,262.4960938,998.046814,20.57113075,20.3146801,19.70277977,21.35878944,23.57181931,56.79087067,43.20265961,2.252500057,0.0558682501
0.1449133992,0.14009599690000002,0.10934400559999999,0.11142200229999999,0.10773270130000001,0.0307167202,1.262302971,0.027688963147222224,2.010838032,0.01032387,0.891129315,0.072139673,71.20236969,262.9447937,998.0463867,20.57122993,20.31480026,19.74983978,21.35874939,23.57708931,56.80059052,43.19390869,2.317500114,0.055868262099999996
0.1451647997,0.1402269959,0.109304297,0.111382103,0.10773270130000001,0.0308071196,0.8789170264999999,0.027671417661111114,2.009769917,0.34065789,0.893561184,0.067658223,72.86425781,259.0372925,998.0460815,20.57132912,20.31492043,19.76366997,21.3586998,23.58237076,56.81029892,43.18516922,2.099999905,0.055868262099999996
0.1452754974,0.1404489994,0.10926450489999999,0.1112908006,0.10773270130000001,0.030960470400000002,1.102799988,0.02765883339722222,2.00870204,0.1052159,0.895052075,0.016053369,72.86425781,257.8147888,998.0457764,20.57143021,20.31502914,19.76118088,21.35865974,23.58764076,56.82001114,43.17642975,2.097500086,0.055868268
0.1453001022,0.14044680599999998,0.1092367053,0.11118229630000001,0.1076233029,0.0311347991,1.1972169879999999,0.027634328205555555,2.005127907,-0.186493695,0.896229088,0.0,72.86425781,254.5319061,998.0455933,20.57152939,20.31514931,19.75868988,21.35861969,23.5929203,56.82973099,43.18629837,2.082499981,0.0558682799
0.1453634977,0.1405326009,0.10921289919999999,0.1111557007,0.10757449869999999,0.031192249100000003,0.8545982361,0.027612143622222224,2.000718117,-0.245622396,0.89740628,0.0,72.86425781,251.0063934,998.0452881,20.57162094,20.31526947,19.75621033,21.35857964,23.59819031,56.83943939,43.20238113,2.227499962,0.0558682919
0.14543960090000002,0.1406726956,0.10918910500000001,0.111156404,0.10755820270000001,0.031400239499999996,1.1693180079999999,0.027587305705555558,1.996309042,-0.246576101,0.898583412,-0.031944539,68.88314819,247.7648926,998.0449829,20.57172012,20.31538963,19.75371933,21.35853004,23.59720039,56.84915161,43.21846008,2.137500048,0.0558682919
0.1457308054,0.14087779520000002,0.1090221047,0.11113159660000001,0.10754179950000001,0.031671398899999995,1.25300703,0.027551871405555556,1.991899014,-0.232509196,0.899760485,-0.01238674,67.55610657,243.3683014,998.0446777,20.57181931,20.3155098,19.75123978,21.35848999,23.59412003,56.85886002,43.23453903,2.1875,0.0558682978
0.14593960050000002,0.14110449549999998,0.1090489984,0.11109819409999999,0.10752539629999999,0.031821999000000004,1.2508609769999999,0.027546738519444443,1.987490058,-0.153710604,0.900937676,0.027887899,67.55610657,241.7548065,998.0443726,20.57192039,20.31562042,19.74875069,21.35844994,23.59103966,56.86857986,43.25062943,2.137500048,0.05586830969999999
0.1459110022,0.14117619990000002,0.1091562986,0.1110648036,0.10750900510000001,0.031932431500000004,1.258728981,0.027552700041666666,1.983080029,-0.2080708,0.902114809,0.053777002,67.55610657,244.7855988,998.0441284,20.57201958,20.31574059,19.74626923,21.35840034,23.58795929,56.87828827,43.26670074,2.387500048,0.0558683217
0.1460564017,0.14119609589999998,0.1090937018,0.1110241055,0.10749269720000001,0.0320428401,1.1972169879999999,0.027536307441666668,1.981348038,-0.136067301,0.902524889,0.01792595,67.55610657,245.8423004,998.0438232,20.57210922,20.31586075,19.74378014,21.35836029,23.58488083,56.89698029,43.28279114,2.157500029,0.0558683276
0.1459110975,0.1409760952,0.10926049950000001,0.1109809995,0.107476294,0.031898981300000004,1.459714985,0.027524882422222223,1.98050797,0.065518647,0.902679384,-0.036906749,72.278862,248.1385956,998.0435791,20.57221031,20.31598091,19.74130058,21.35832024,23.58180046,56.91865921,43.29887009,2.335000038,0.0558683276
0.1456426978,0.1406759977,0.10942740440000001,0.1110345006,0.10744800569999999,0.0316703588,1.340622997,0.02751759635,1.979666948,-0.091363177,0.902833998,-0.034684829,73.85311127,245.6275024,998.0432739,20.57230949,20.31609917,19.73880959,21.35828018,23.57872963,56.94033051,43.31494904,2.38499999,0.055868339499999996
0.1453742027,0.1403244972,0.1095625043,0.11112040279999999,0.1074157,0.0311961204,1.055947018,0.02751577801111111,1.978827,0.168397799,0.902988493,0.01648454,73.85311127,239.0016022,998.0430298,20.57241058,20.31620979,19.7363205,21.35823059,23.57564926,56.96200943,43.3310318,2.400000095,0.0558683515
0.14484349489999998,0.1397910953,0.1096976042,0.1112061977,0.1074597955,0.030640009000000003,1.377458954,0.02750385920277778,1.977987051,-0.093628228,0.903142989,-0.025786331,73.85311127,238.2368011,998.0427246,20.57250977,20.31632996,19.73384094,21.35819054,23.5725708,56.98368835,43.34711075,2.252500057,0.0558683574
0.1443868995,0.1393844008,0.1094810963,0.1112920046,0.1075294971,0.03030999,1.126401043,0.02748895645277778,1.982964993,-0.041413762,0.905858517,-0.01124302,73.85311127,239.6764984,998.0424194,20.57259941,20.31645012,19.73134995,21.35815048,23.56949043,57.00535965,43.3631897,2.095000029,0.0558683574
0.1442862034,0.1398169994,0.10944240089999999,0.1112861991,0.1075469017,0.029897350099999997,1.170750999,0.02748133977222222,1.989881992,-0.103880301,0.909427583,0.0,70.99108887,241.1161957,998.0421143,20.5727005,20.31657028,19.72887039,21.35811043,23.56641006,57.02703857,43.34989929,2.022500038,0.0558683693
0.143888402,0.13918579820000002,0.10950200560000001,0.11124999520000001,0.1075469017,0.0303001612,1.3416979789999999,0.027476041580555555,1.996798992,-0.221184105,0.912996829,-0.079569079,70.03708649,241.4761047,998.0418091,20.57279968,20.31668091,19.72637939,21.35806084,23.5633297,57.04872131,43.32683182,2.30250001,0.055868381300000006
0.1436195016,0.1387707949,0.1092486024,0.1112138033,0.1075469017,0.02993716,1.212236977,0.027462798225,2.003715992,-0.127007306,0.916566014,0.033444442,70.03708649,236.6737976,998.0415039,20.57290077,20.31679916,19.72389984,21.35802078,23.56024933,57.07040024,43.30374908,2.19749999,0.0558683872
0.14343769550000002,0.1395527005,0.1089625001,0.11117759940000001,0.1075469017,0.0298082411,0.941864872,0.02747471491388889,2.010632992,-0.134994507,0.9201352,0.019989161,70.03708649,228.9179993,998.0413208,20.57299995,20.31691933,19.72141075,21.35798073,23.55717087,57.09207916,43.28068161,2.039999962,0.0558683872
0.14350030419999998,0.1391396999,0.10898640159999999,0.1111413956,0.1075469017,0.030494859800000003,1.104230976,0.027486968569444447,2.017549992,-0.223210707,0.923704386,0.042610589,63.94002151,231.5735016,998.0410156,20.5730896,20.31703949,19.82493973,21.35794067,23.5540905,57.11375046,43.25759888,2.069999933,0.0558683991
0.14364429709999998,0.1389605045,0.1091055989,0.11110520360000001,0.1075469017,0.030010289000000002,1.077048016,0.02761843151388889,2.017801046,-0.247291297,0.927273571,-0.01414775,61.90766144,240.7220001,998.0405884,20.57319069,20.31715965,19.85964966,21.35788918,23.55101013,57.13542938,43.23451996,2.359999895,0.0558684111
0.1437883019,0.1390282035,0.1089565992,0.1110689998,0.1075469017,0.029896640800000002,0.9218358994000001,0.0277956115,2.015829086,-0.247291297,0.930842698,-0.009450427,61.90766144,239.8132019,998.0402832,20.57328987,20.31727028,19.85964966,21.35784912,23.54792976,57.11341095,43.21144867,2.285000086,0.055868417000000004
0.1439324021,0.13909599779999998,0.10889699459999999,0.1110327959,0.1075469017,0.030059731,0.8603238106,0.027887001027777778,2.01385808,-0.247291297,0.934411883,0.0,61.90766144,235.2328949,998.0401001,20.57338905,20.31739044,19.85964966,21.35780907,23.5448494,57.07683182,43.18836975,2.147500038,0.055868417000000004
0.144076395,0.1392747998,0.10889699459999999,0.110996604,0.10751479859999999,0.0302228212,0.9647516251000001,0.027909526833333333,2.011887074,-0.247291297,0.937981129,0.025567509,61.90766144,234.0877991,998.0397949,20.57349014,20.3175106,19.85964966,21.35777092,23.54177094,57.04024887,43.16529846,2.067500114,0.0558684289
0.1442203999,0.1394906044,0.10889699459999999,0.1109604001,0.1074874997,0.030413579899999998,1.246566963,0.027891945305555554,2.009915113,-0.247291297,0.941550314,0.008522505,57.45774841,234.4694977,998.0394897,20.57357979,20.31763077,19.97730064,21.35771942,23.53869057,57.00366974,43.14221954,2.184999943,0.0558684289
0.1445008039,0.1396478057,0.10889699459999999,0.1109346986,0.10746539829999999,0.030613559499999998,0.9719054222000001,0.027865471305555556,2.007944107,-0.064183056,0.945119381,0.0,55.97444153,239.0686035,998.0391846,20.57368088,20.31775093,20.01651955,21.35767937,23.53561974,56.96707916,43.15139008,2.36500001,0.0558684528
0.1445822001,0.1397853971,0.10889699459999999,0.11091250180000001,0.10744329690000001,0.030813539,1.190062046,0.027843943694444442,2.005187988,0.108076997,0.945147276,0.0,55.97444153,240.3065033,998.0388794,20.57378006,20.31785965,20.01651955,21.35763931,23.53253937,56.97211075,43.17131042,2.109999895,0.0558684528
0.1446817994,0.1399230003,0.10889699459999999,0.1108901978,0.1074211955,0.030874809600000004,1.180049992,0.02780916638888889,2.002171993,0.590404987,0.943994582,0.0,55.97444153,239.9694061,998.0385742,20.57387924,20.31797981,20.01651955,21.35759926,23.52946091,56.99100113,43.19123077,2.122499943,0.0558684587
0.14468159679999998,0.1398730993,0.10902220010000001,0.11086800100000001,0.1073989987,0.0308898211,1.25300703,0.02779624938888889,1.999155045,0.068618089,0.942842126,0.0,55.97444153,246.1074066,998.0383301,20.57398033,20.31809998,20.01651955,21.35754967,23.52638054,57.00989151,43.21115112,2.182499886,0.05586847069999999
0.1446370959,0.1397606015,0.1088672042,0.11084589959999999,0.1073768973,0.0310538113,1.057021046,0.02779227786111111,1.996137977,-0.199487701,0.941689491,-0.031935312,39.18783951,244.7991028,998.0380249,20.57406998,20.31822014,19.80475044,21.35750961,23.52330017,57.02878189,43.23107147,2.332499981,0.055868482600000005
0.1445925951,0.1398679972,0.10878369809999999,0.1108201027,0.1073621035,0.031028389899999998,0.8073896408,0.02776148266388889,1.993121028,-0.000524355,0.940536916,-0.049469762,33.59230042,243.6716003,998.0377808,20.57416916,20.31833076,19.73415947,21.35746956,23.5202198,57.04766846,43.25099182,2.410000086,0.055868482600000005
0.1447131991,0.1398743033,0.1089565992,0.11079310179999999,0.1073495984,0.0309232801,1.142854023,0.027739632925,1.99010396,0.040722691,0.939384282,-0.035135631,33.59230042,242.8636932,998.0374756,20.57427025,20.31845093,19.73415947,21.3574295,23.51713943,57.06655884,43.27090836,2.210000038,0.0558684886
0.14463030100000002,0.1398223996,0.1087479949,0.11076610090000001,0.1073372006,0.0311407298,1.039855003,0.027730691697222223,1.987087011,-0.130941302,0.938231587,-0.0283131,33.59230042,242.279007,998.0371704,20.57436943,20.31856918,19.73415947,21.35737991,23.51405907,57.08544922,43.2908287,2.079999924,0.055868500499999994
0.1448639035,0.1400004029,0.1088999987,0.11073910000000001,0.10732480289999999,0.030918321,0.7773488998,0.02772406684166667,1.984069943,0.238613203,0.935497284,-0.006971693,43.2757988,241.8583984,998.0369263,20.57447052,20.31868935,19.8282795,21.35733986,23.51098061,57.1043396,43.31074905,2.037499905,0.0558685124
0.14468760490000002,0.1397989988,0.1092218041,0.11071209909999999,0.1073122978,0.0307756186,1.477598953,0.027717441983333334,1.985303998,0.40014419,0.932235718,-0.06237239,46.50363922,241.4378967,998.0366211,20.57456017,20.31880951,19.85964966,21.3572998,23.50790024,57.12322998,43.3306694,2.05250001,0.0558685124
0.1446349025,0.1397776961,0.1088551998,0.1108533978,0.10729990009999998,0.030933830099999997,0.9161121368,0.02769492467222222,1.987954974,0.171974093,0.928973973,-0.04100826,46.50363922,237.4062958,998.0363159,20.57465935,20.31892014,19.85964966,21.35725021,23.50481987,57.14213181,43.35058975,2.180000067,0.0558685184
0.1446838975,0.14004919529999998,0.1086972952,0.1108067989,0.107287395,0.0311632097,0.7880813122,0.02766214158888889,1.990607023,-0.150968805,0.925712407,-0.056524921,46.50363922,233.8585052,998.0360107,20.57476044,20.3190403,19.85964966,21.35721016,23.5017395,57.16101837,43.3705101,2.422499895,0.0558685303
0.1449198008,0.14017360210000002,0.1086853981,0.1106788039,0.1072749972,0.0313925892,1.089210987,0.02763465881388889,1.993257999,-0.231793895,0.924222291,-0.016595259,46.50363922,233.1121979,998.0358276,20.57485962,20.31916046,19.85964966,21.3571701,23.49865913,57.17990875,43.36442947,2.137500048,0.0558685422
0.1452180028,0.140228796,0.1088075995,0.1105509043,0.107266295,0.0314721107,0.9590309143000001,0.02762936062222222,1.995908976,-0.057388049,0.923322618,0.0,70.55394745,235.6038971,998.0355225,20.57496071,20.31928062,19.83612061,21.35713005,23.49558067,57.19879913,43.34968948,2.252500057,0.0558685422
0.145136404,0.1402838945,0.1087957025,0.1105795026,0.1072587013,0.0315017015,1.250144005,0.02761628045,1.998559952,-0.143458396,0.922423005,0.026479909,78.57071686,245.1437988,998.0352173,20.57505035,20.31940079,19.8282795,21.35708046,23.49250984,57.21768951,43.33494186,2.255000114,0.0558685482
0.1451969981,0.1402572989,0.10897439719999999,0.11066019540000001,0.1072512031,0.031320551,1.3517109870000001,0.02759839799722222,2.001210928,-0.01125333,0.921523273,0.008826638,78.57071686,250.4868927,998.0349121,20.57514954,20.31950951,19.8282795,21.35704041,23.48942947,57.2365799,43.32020187,2.237499952,0.0558685601
0.1450260997,0.1402034998,0.10877180099999999,0.1107409954,0.1072437048,0.031355679,1.373169994,0.027586975097222223,2.003863096,0.283794105,0.92062372,-0.043551032,78.57071686,246.735199,998.0346069,20.57525063,20.31962967,19.8282795,21.35700035,23.48634911,57.25547028,43.30545044,2.337500095,0.055868572000000005
0.1450047016,0.1401496053,0.10874199870000001,0.1107491016,0.1072361946,0.0314862996,1.015536022,0.027572735680555557,2.006514072,-0.092078499,0.919723988,0.006069943,78.57071686,243.5899963,998.0343018,20.57534981,20.31974983,19.8282795,21.3569603,23.48327065,57.27436066,43.29071045,2.160000086,0.055868572000000005
0.14506900309999998,0.1400957942,0.1088214993,0.1107329011,0.107228601,0.0313881487,1.234407997,0.027561806572222222,2.009165049,0.542959213,0.918824375,0.006862318,77.22389221,244.8388977,998.0339966,20.5754509,20.31987,19.73414993,21.35691071,23.48019028,57.29325104,43.27597046,2.292500019,0.055868578
0.144926095,0.140041995,0.1089009047,0.11071679590000001,0.1072211027,0.031213739499999997,1.3846130369999998,0.02755253685833333,2.011816025,0.121666998,0.917924821,0.0,76.77494812,245.4355927,998.0336914,20.57554054,20.31998062,19.70277977,21.35687065,23.47710991,57.31214905,43.26121902,2.412499905,0.0558685899
0.1447142959,0.1396875978,0.10917119980000001,0.11070059539999999,0.10721360449999999,0.030927258699999998,1.356002998,0.027550216250000002,2.014467001,-0.206640407,0.917025089,-0.0683446,76.77494812,247.4019928,998.0333862,20.57563972,20.32010078,19.70277977,21.3568306,23.47402954,57.33103943,43.24647903,2.295000076,0.055868601799999994
0.1442368984,0.139233005,0.10912940499999998,0.11083300110000001,0.10720609430000001,0.0306034088,1.368163013,0.02753729926111111,2.012897968,-0.2136738,0.917174518,0.02556273,76.77494812,244.3923035,998.0330811,20.57574081,20.32022095,19.70277977,21.35679054,23.47094917,57.34992981,43.23173141,2.182499886,0.055868601799999994
0.1438755035,0.1390385985,0.1089625001,0.11101469989999999,0.1071985006,0.0302795708,1.50549202,0.02751710467777778,2.009921074,-0.230601802,0.917673588,-0.018106669,76.77494812,244.1324005,998.0327759,20.57584,20.3203392,19.70277977,21.35674095,23.46787071,57.36882019,43.21699142,2.362499952,0.055868607800000004
0.1438256025,0.1389307976,0.10897439719999999,0.11082609889999999,0.10719100239999999,0.030185940900000003,1.460431004,0.02750385920277778,2.006944895,-0.2120049,0.918172717,-0.053148981,71.45709991,245.4147034,998.0324707,20.57593918,20.32045937,19.74983978,21.3567009,23.46479034,57.38771057,43.20223999,2.174999952,0.0558686197
0.1436869979,0.1387951016,0.108861196,0.1107928038,0.1071835041,0.030169048900000002,1.323816967,0.02749326070277778,2.003968,-0.143577695,0.918671787,-0.03578911,69.68448639,238.3766022,998.0322876,20.57603073,20.32056999,19.76259041,21.35666084,23.46170998,57.40660095,43.2080307,2.180000067,0.055868631599999996
0.1436951041,0.1388697982,0.1086863995,0.1108523011,0.1071760058,0.030152151,1.219388962,0.027477696736111112,2.00099206,-0.088025287,0.919170916,0.023530871,69.68448639,240.209198,998.0319824,20.57612991,20.32069016,19.75867081,21.35662079,23.45862961,57.42549133,43.22064972,2.037499905,0.055868631599999996
0.1437708974,0.13901779649999998,0.1085114956,0.1106385946,0.10716840030000001,0.030372220300000002,1.27374897,0.027468424902777774,1.998015046,-0.204136893,0.919669986,0.055397719,69.68448639,241.6376953,998.0316772,20.5762291,20.32081032,19.7547493,21.35656929,23.45554924,57.44438171,43.23328018,2.002500057,0.05586863760000001
0.14384670260000001,0.1391070008,0.1085662007,0.11053299899999999,0.10716090199999999,0.030395969699999997,1.290915012,0.02747173521388889,1.995038986,-0.246099204,0.920169115,0.054433201,52.68162918,250.3596954,998.0313721,20.57633018,20.32093048,19.75082016,21.35652924,23.45247078,57.46326828,43.2458992,2.190000057,0.0558686495
0.1439224958,0.1391767025,0.1086972952,0.11049389839999998,0.1071534038,0.030327948900000002,1.4168000219999999,0.027468424902777774,1.992061973,0.054908849,0.920668185,0.118754402,47.01401138,259.5047913,998.0311279,20.57642937,20.3210392,19.74690056,21.35648918,23.44939995,57.4821701,43.25852966,2.325000048,0.0558686614
0.1439013958,0.1391548991,0.1087478995,0.1104547024,0.1071272016,0.030424279,1.504776955,0.027450875175,1.989086032,0.56358248,0.921167374,0.115649402,47.01401138,264.51651,998.0308228,20.57652092,20.32115936,19.74297905,21.35644913,23.44631958,57.50106049,43.27114868,2.36500001,0.0558686614
0.143848002,0.1391026974,0.10853929520000001,0.1104905963,0.1070948958,0.0305753797,1.073472023,0.027461471558333332,1.986109018,0.01556911,0.920323372,0.082073033,47.01401138,268.4266052,998.0305176,20.5766201,20.32127953,19.73905945,21.35639954,23.44323921,57.51995087,43.28377914,2.055000067,0.0558686674
0.14379459619999999,0.1390504003,0.1087360024,0.11055159569999999,0.1070624948,0.030310100299999997,1.150006962,0.027463787927777778,1.983132958,-0.106264599,0.919031918,0.01841973,47.01401138,266.6517029,998.0302734,20.57671928,20.32139969,19.73513985,21.35635948,23.44016075,57.52518845,43.29639816,2.047499895,0.0558686793
0.1438392997,0.139120698,0.10867340560000001,0.11050579549999999,0.107030201,0.030318531399999998,1.2508609769999999,0.02749955495277778,1.984990001,-0.178506598,0.917740285,0.0,45.56938171,256.1691895,998.0300293,20.57682037,20.32151985,19.96945953,21.35631943,23.43708038,57.52587891,43.309021,2.319999933,0.0558686912
0.1439167023,0.1392317057,0.1084707975,0.110424602,0.1069977999,0.030624639999999998,0.9654684067,0.027635983361111113,1.988458037,0.169709101,0.916448772,0.0,45.08784103,249.5644989,998.0297241,20.57691956,20.32163048,20.04789925,21.35627937,23.43400002,57.52656937,43.32165146,2.407500029,0.0558686912
0.1439941049,0.1393427014,0.1084617972,0.1103433013,0.10698970560000001,0.0307595015,0.7687657833,0.027715127733333334,1.991925955,-0.073839173,0.915157199,-0.019975601,45.08784103,245.0093994,998.0294189,20.5770092,20.32175064,20.04789925,21.35622978,23.43091965,57.52725983,43.33427048,2.394999981,0.0558686972
0.1442108989,0.1394536972,0.10851750369999999,0.1103553057,0.10698970560000001,0.0308194697,1.01482296,0.027750557794444443,1.995393991,0.038696151,0.913865626,0.024438839,45.08784103,243.8706055,998.0291138,20.57711029,20.3218708,20.04789925,21.35618973,23.42783928,57.52793884,43.32699966,2.202500105,0.055868709100000004
0.1442764997,0.1393584967,0.108573103,0.11039839979999999,0.10698970560000001,0.0308794588,1.16145401,0.02778597302777778,1.998862982,-0.1271265,0.912574112,-0.01518663,45.08784103,247.071701,998.0288086,20.57720947,20.32198906,20.04789925,21.35614967,23.42476082,57.5286293,43.31307983,2.252500057,0.055868720999999996
0.1442760944,0.1393205047,0.10870620010000001,0.11044150589999999,0.1070147991,0.0305926293,0.9111087798999999,0.02780422211111111,2.002331018,-0.216534898,0.909812987,-0.008517475,68.39308167,251.3860931,998.0285034,20.57731056,20.32210922,19.93024063,21.35610008,23.42168045,57.52931976,43.29917145,2.27125001,0.055868720999999996
0.14411389830000002,0.13932449819999998,0.10886520150000001,0.11048460010000001,0.10701060300000001,0.030406791,1.4783149720000002,0.027783332388888887,2.005799055,-0.181248397,0.90656209,0.0,76.16149139,248.9788971,998.0281982,20.57740974,20.32221985,19.89101982,21.35606003,23.41860008,57.53001022,43.28525925,2.246249914,0.055868732899999995
0.1440598011,0.1391162992,0.1090242028,0.1105276942,0.1069939017,0.030293148800000003,1.246570015,0.027770428127777778,2.009267092,-0.2244028,0.903311193,-0.019930121,76.16149139,244.3258972,998.0280151,20.57751083,20.32234001,19.89101982,21.35601997,23.41551971,57.53070068,43.27133942,2.24000001,0.055868738900000006
0.1438508987,0.1388373017,0.10893870590000002,0.1106685042,0.1070245028,0.0301795006,1.044861984,0.0277777142,2.01273489,0.453312397,0.900060296,-0.02770514,76.16149139,243.6737976,998.0275879,20.57760048,20.32246017,19.89101982,21.35597992,23.41243935,57.53139114,43.25743103,2.059999943,0.055868738900000006
0.143631494,0.1387776971,0.10877180099999999,0.1108418941,0.10707099440000001,0.0300658494,1.025547981,0.027755855983333334,2.016202927,0.059200451,0.896809399,0.028143181,76.16149139,244.3553009,998.0272827,20.57769966,20.32258034,19.89101982,21.35593033,23.40936089,57.5320816,43.24351883,2.150000095,0.0558687627
0.1434319973,0.1387912989,0.1090162039,0.11085549589999999,0.1071174026,0.0297399014,1.4861780169999999,0.027752543555555557,2.019670963,-0.220349595,0.893558502,-0.073044792,77.12262726,245.0368958,998.0269775,20.57780075,20.32268906,19.83595085,21.35589027,23.40629005,57.53276825,43.229599,2.207499981,0.0558687627
0.1434890985,0.1388049006,0.1088791013,0.1108157992,0.10716389420000001,0.029873180399999998,1.253722,0.0277422799,2.017595053,-0.244668707,0.890307605,-0.00398916,77.44300842,243.0048981,998.0267944,20.57789993,20.32280922,19.81759071,21.35585022,23.40320969,57.53345871,43.21569061,2.13499999,0.0558687687
0.1436316013,0.1388185024,0.10883740189999999,0.1107761025,0.1071755052,0.029914900700000004,1.1228300089999999,0.027708502875,2.013670921,-0.096131653,0.887056708,0.00808873,77.44300842,237.9414978,998.0264893,20.57799911,20.32292938,19.81759071,21.35581017,23.40012932,57.53414917,43.20177841,2.282500029,0.0558687687
0.1436601996,0.139073801,0.1086972952,0.1107362986,0.1071755052,0.0301812291,1.416084957,0.027686400944444446,2.009747028,-0.192811906,0.884327829,0.055671219,77.44300842,244.906601,998.0261841,20.57809067,20.32304955,19.81759071,21.35576057,23.39705086,57.53483963,43.20772934,2.19749999,0.0558687925
0.1440001011,0.1394098043,0.108494699,0.1106011987,0.1071755052,0.0305522203,0.8789170264999999,0.02767017576388889,2.005822897,-0.204017699,0.881772876,0.07048481,70.89154053,251.7792969,998.0258789,20.57818985,20.32316971,19.70795059,21.35572052,23.39397049,57.53553009,43.22031021,2.277499914,0.0558687925
0.1442720056,0.1397457004,0.10835460420000001,0.11043430569999999,0.1071755052,0.0310121804,0.8109693526999999,0.027653946347222222,2.001899004,-0.233343601,0.879217923,0.01730925,68.7077179,253.1358948,998.0255737,20.57829094,20.32328033,19.67140961,21.35568047,23.39089012,57.53622055,43.23289108,2.125,0.055868798500000004
0.1447253942,0.1402819991,0.1082352996,0.11034770009999999,0.1071601987,0.0315017998,0.7730573177,0.027637721166666667,1.997974992,-0.224760398,0.876663029,0.083465479,68.7077179,253.8002014,998.0253296,20.57839012,20.3234005,19.67140961,21.35564041,23.38780975,57.5509491,43.24546051,2.32249999,0.055868798500000004
0.14525979760000002,0.1405930042,0.10842009779999999,0.11028790470000001,0.10712410210000001,0.0318239391,0.8131152153000001,0.02761380089722222,1.99405098,0.352817386,0.874108076,0.087775327,68.7077179,251.5744019,998.0250244,20.5784893,20.32352066,19.67140961,21.35559082,23.38472939,57.57035828,43.25804138,2.057499886,0.055868822299999996
0.1455273032,0.14080669880000002,0.1085453033,0.11033799650000001,0.1070827007,0.032090249700000004,1.016252041,0.02759724087222222,1.990126967,0.03213948,0.871553183,0.125023395,68.7077179,252.7801971,998.0247192,20.57858086,20.32364082,19.67140961,21.35555077,23.38165092,57.5897789,43.27061844,2.307499886,0.055868822299999996
0.1457057953,0.1407775998,0.10892080070000001,0.11042490009999999,0.1070413947,0.0319042295,1.256581974,0.027577039930555554,1.986202955,0.364023209,0.86899823,0.087327473,72.79580688,257.1144104,998.0244751,20.57868004,20.32375908,19.81258965,21.35551071,23.37857056,57.60919189,43.28319931,2.144999981,0.05586882829999999
0.1456138015,0.1406674981,0.10893269779999999,0.11051169629999999,0.1070000052,0.0318739891,1.308080959,0.027561971875,1.98624599,0.217035905,0.866443276,0.094663262,74.15850067,259.3258972,998.0241699,20.57877922,20.32386971,19.85964966,21.35545921,23.37549019,57.6286087,43.29576874,2.230000019,0.05586882829999999
0.1454316974,0.1405573964,0.10894169810000001,0.1106618047,0.1070026994,0.0317501396,1.0992210390000001,0.027549389733333332,1.987611055,0.127269998,0.863888383,0.0257417,74.15850067,257.6039124,998.0239258,20.57888031,20.32398987,19.85964966,21.35541916,23.37240982,57.6480217,43.30834961,2.380000114,0.0558688521
0.14524960520000002,0.1402631044,0.1090013027,0.1106387019,0.107031405,0.03156102,1.013389015,0.02754624260833333,1.988976955,0.268177509,0.86133337,0.0,74.15850067,256.9197083,998.0236206,20.57897949,20.32411003,19.85964966,21.3553791,23.36932945,57.66743088,43.32093048,2.3125,0.0558688521
0.1450674057,0.1399073005,0.10926660299999999,0.11074169869999999,0.1070636988,0.031012520199999997,0.8574629784000001,0.02754425472777778,1.990342021,-0.008392299,0.859532416,-0.045178339,74.15850067,253.8049011,998.0233154,20.57906914,20.32423019,19.85964966,21.35533905,23.36624908,57.6868515,43.33349991,2.325000048,0.055868858099999995
0.1445893049,0.1395514965,0.1094573021,0.1109083056,0.10709600450000001,0.03052921,1.4446929929999999,0.027520743475,1.99170804,0.518401623,0.857982695,-0.06303931,72.8139267,247.8271027,998.0230103,20.57917023,20.32434082,19.78906059,21.3553009,23.36318016,57.70626068,43.34608078,2.279999971,0.055868858099999995
0.1440124989,0.1391823053,0.10917119980000001,0.1109614968,0.1071284056,0.0304050088,1.47258997,0.02750517951111111,1.993072987,0.033093229,0.856432974,-0.090505943,72.36573792,241.2409973,998.0227051,20.57926941,20.32445908,19.75377083,21.3552494,23.36009979,57.7256813,43.35866165,2.25999999,0.0558688819
0.1437981009,0.13903470040000002,0.1091532946,0.110977006,0.10716069939999999,0.0300290793,0.9776276588,0.027487629783333335,1.994438052,-0.066090442,0.854883194,0.01497842,72.36573792,234.6549072,998.022522,20.5793705,20.32457924,19.73807907,21.35520935,23.35701942,57.74509048,43.37123108,2.125,0.0558688819
0.1437044978,0.13896239999999999,0.10905790330000001,0.11099239590000001,0.1071931005,0.029964909,1.240845013,0.027483658261111113,1.995803952,-0.181963593,0.853333473,0.03967214,72.36573792,238.5274963,998.0222168,20.57946968,20.3246994,19.72238922,21.3551693,23.35393906,57.76451111,43.36557007,2.335000038,0.0558688879
0.14372349980000002,0.1388900995,0.10889099840000001,0.11095750330000001,0.10722539419999999,0.0300436497,1.1814809800000001,0.027470080058333336,1.997890949,-0.239482999,0.851783812,0.051071811,63.37414932,245.8862,998.0219116,20.57957077,20.32481956,19.70671082,21.35512924,23.3508606,57.78392029,43.3538208,2.13499999,0.0558688998
0.1437801003,0.1389428973,0.1089833975,0.110905695,0.1072353005,0.0298719198,1.3695929530000002,0.027466439141666667,2.000217915,-0.244966805,0.849615276,0.049219571,60.37696075,247.7259064,998.0214844,20.57966042,20.32493019,19.69101906,21.35507965,23.34778023,57.80334091,43.34207153,2.069999933,0.0558689117
0.1438367009,0.13903750180000002,0.10916219949999999,0.1108538985,0.1072376966,0.0297966093,1.5891770360000002,0.027520412869444445,2.002546072,-0.160147995,0.847240627,0.104697697,60.37696075,249.8018951,998.0213013,20.5797596,20.32505035,19.67532921,21.3550396,23.34469986,57.82275009,43.33031082,2.049999952,0.0558689117
0.1438933015,0.13913209440000002,0.10892080070000001,0.1109907031,0.1072401047,0.0300455809,1.381037045,0.027629025777777778,2.004873037,-0.218323007,0.844865918,0.159807906,60.37696075,252.7548065,998.0209961,20.57986069,20.32517052,19.6596508,21.35499954,23.34161949,57.84217072,43.31856918,2.099999905,0.0558689177
0.144164896,0.139448595,0.1087182045,0.110987401,0.1072425008,0.030382669,1.062742996,0.027750002544444444,2.007200956,-0.2344165,0.84249109,0.157249898,60.37696075,261.5653992,998.0206909,20.57995987,20.32529068,19.64396095,21.35495949,23.33853912,57.79285812,43.30681992,2.352499962,0.05586892959999999
0.1445080996,0.13983919620000002,0.10872410539999999,0.1109164953,0.1072448015,0.0307197601,0.7937997818,0.027870972944444444,2.009527922,-0.110317796,0.841646373,0.155933693,57.08069992,266.2250977,998.0203857,20.58005905,20.32541084,19.73415947,21.3549099,23.33546066,57.72063828,43.29507065,2.130000114,0.055868941500000005
0.1448511958,0.14022990470000002,0.1087797999,0.11084560160000001,0.10724719760000001,0.031056839200000002,0.9168272972,0.02795388963888889,2.011856079,0.031901069,0.841311693,0.187211394,55.98194885,268.8569946,998.0200806,20.5801506,20.32551956,19.76552963,21.35486984,23.33238029,57.64842987,43.28332138,2.164999962,0.055868941500000005
0.1451943994,0.1404438019,0.1088353992,0.11077460050000001,0.1072496057,0.0313939303,0.873913765,0.028032027361111114,2.014183044,-0.030565539,0.840976894,0.04931163,55.98194885,267.0856018,998.0197754,20.58024979,20.32563972,19.76552963,21.35482979,23.32929993,57.57621002,43.2715683,2.210000038,0.0558689475
0.1453557014,0.1405987978,0.10893870590000002,0.11082739829999999,0.10725200180000001,0.0314693302,1.025553036,0.028120750861111113,2.013911963,-0.188281804,0.840642214,0.04537696,55.98194885,266.2757874,998.0194702,20.58035088,20.32575989,19.76552963,21.3547802,23.32621956,57.50400162,43.25981903,2.359999895,0.055868959399999994
0.1454563975,0.1407538056,0.10905790330000001,0.1109215021,0.10725439789999999,0.031457498699999996,1.225111961,0.02818533366666667,2.012773991,-0.235668197,0.840307415,0.134115696,55.98194885,262.0613098,998.0192261,20.58045006,20.32588005,19.76552963,21.35474014,23.32313919,57.4317894,43.24806976,2.424999952,0.0558689713
0.1455569983,0.1407474995,0.1091771007,0.1110156059,0.1072568059,0.0314456701,1.3416979789999999,0.028257861666666665,2.011636019,-0.243059307,0.839972675,0.142020106,43.3816185,259.9750977,998.0189819,20.58054924,20.32599068,19.78906059,21.35470009,23.32007027,57.35956955,43.2363205,2.137500048,0.0558689713
0.1456576943,0.1406875014,0.109296298,0.1110620022,0.10725920200000001,0.0314338386,1.004806995,0.028335999388888887,2.010499001,0.125958696,0.839637876,0.119842298,39.18151093,259.0664978,998.0186768,20.58064079,20.32611084,19.7968998,21.35466003,23.3169899,57.28736115,43.22457123,2.265000105,0.0558689773
0.14567739959999998,0.1406273961,0.1095764995,0.1110924006,0.10726150270000001,0.0311816186,0.9275579453,0.028414166777777777,2.009361029,0.272111505,0.839303076,0.097664513,39.18151093,261.3139954,998.0183716,20.58073997,20.3262291,19.7968998,21.35461044,23.31390953,57.2151413,43.21281815,2.369999886,0.0558689892
0.1454781055,0.1405673027,0.10940949920000001,0.1111228943,0.10726389880000001,0.0312514693,0.8689069748,0.028478389305555553,2.008223057,0.067902848,0.838968396,0.117386602,39.18151093,262.1358948,998.0181274,20.58083916,20.32634926,19.7968998,21.35457039,23.31082916,57.14292908,43.21199036,2.394999981,0.055869001200000004
0.1454741001,0.1405071974,0.10948710440000001,0.11115339989999999,0.107266295,0.031110951300000002,0.8124017715,0.028560860944444443,2.007086039,0.3224186,0.838633716,0.031452201,39.18151093,262.1318054,998.0178223,20.58094025,20.32646942,19.7968998,21.35453033,23.3077507,57.07070923,43.21480179,2.144999981,0.055869001200000004
0.1455564022,0.1403061032,0.10970170500000001,0.1111839056,0.1072950959,0.0308556199,0.9690429688,0.02863305622222222,2.005948067,0.005197823,0.836173475,0.0,69.54538727,260.4108887,998.0175171,20.58103943,20.32658005,19.7968998,21.35449028,23.30467033,56.99850082,43.21760941,2.269999981,0.0558690071
0.1453086972,0.1402762055,0.10971950290000002,0.1113564014,0.1073325992,0.030600279600000002,0.9840632439,0.028685362083333332,2.004810095,-0.196030602,0.833004892,0.0845199,79.66668701,255.8417053,998.0172119,20.58112907,20.32670021,19.7968998,21.35444069,23.30158997,56.92628098,43.22042084,2.355000019,0.055869019
0.1450405002,0.1400159001,0.1098507047,0.1113252997,0.10737019779999998,0.030402240200000003,1.2515740389999999,0.02869530572222222,2.003673077,-0.239423394,0.829836309,0.060202021,79.66668701,254.0097961,998.0170288,20.58123016,20.32682037,19.7968998,21.35440063,23.2985096,56.89038086,43.22322845,2.202500105,0.055869019
0.1448019981,0.1396545053,0.1097731948,0.11158950329999999,0.10740770100000001,0.0302233011,1.353857994,0.028492972055555555,2.002535105,-0.241211593,0.826667726,0.01019177,79.66668701,253.3430939,998.0167236,20.58132935,20.32694054,19.7968998,21.35436058,23.30211067,56.86658096,43.22603989,2.105000019,0.055869031
0.14456349610000002,0.1395457983,0.1096063018,0.1117653966,0.1074452996,0.030044359,1.395341969,0.028308527194444447,2.001396894,0.075889997,0.826426625,-0.03315917,64.86540985,252.6764069,998.0164185,20.58143044,20.32704926,19.7968998,21.35432053,23.30792999,56.84278107,43.22885132,2.269999981,0.0558690429
0.1443395019,0.1395213008,0.10957349540000001,0.1115826011,0.10748280290000001,0.0299723208,1.479026985,0.028223749805555556,2.000258923,-0.131656602,0.827161491,0.082347646,59.93164825,247.3146057,998.0161133,20.58152962,20.32716942,19.7968998,21.35427094,23.31374931,56.81898117,43.23165894,2.255000114,0.0558690488
0.1443335056,0.1394968033,0.1095854044,0.111519599,0.1075204015,0.0299359113,1.114241982,0.02823138977777778,1.999122024,-0.219753593,0.827896416,0.079741217,59.93164825,245.582901,998.0158081,20.58161926,20.32728958,19.7968998,21.35423088,23.31957054,56.7951889,43.23447037,2.214999914,0.0558690488
0.1443987012,0.1394723058,0.1095973015,0.11152850389999999,0.1075579047,0.0298994988,1.278754044,0.028266805,1.997984052,0.024509979,0.828631222,0.080013767,59.93164825,248.7677002,998.0155029,20.58172035,20.32740974,19.7968998,21.35419083,23.3253994,56.77138901,43.2372818,2.119999886,0.0558690608
0.14446380139999998,0.13951250310000002,0.1096091986,0.1115373969,0.10759830470000001,0.0298630893,1.160023022,0.028331722694444447,1.996845961,-0.153353006,0.829366028,-0.025005,59.93164825,253.6190033,998.0151978,20.58181953,20.32752991,19.7968998,21.35415077,23.33122063,56.74758911,43.24008942,2.112499952,0.0558690727
0.1445289016,0.1395742059,0.1098804951,0.1115463018,0.1076396942,0.0296809912,1.2809009550000001,0.02840588888888889,1.996569037,-0.001358829,0.830100775,0.092155382,73.93666077,254.0110016,998.0148926,20.58192062,20.32764053,19.7968998,21.35409927,23.33703995,56.7013092,43.24290085,2.180000067,0.0558690786
0.1443907022,0.13953679800000002,0.1097373962,0.11160809990000001,0.1076810002,0.0298101693,1.607062912,0.028456221694444447,1.996577978,0.206306905,0.8308357,0.093915999,78.60500336,252.8493042,998.0145874,20.58201981,20.3277607,19.7968998,21.35405922,23.34285927,56.64754105,43.24570847,2.25999999,0.0558690786
0.1444758058,0.1397591949,0.1094274998,0.1116875052,0.10772240159999999,0.030059298899999996,0.95831213,0.028441001055555554,1.996587992,-0.122119702,0.831570506,0.1609658,78.60500336,258.5232849,998.0142822,20.58210945,20.32788086,19.7968998,21.3468895,23.3486805,56.59378052,43.2485199,2.122499943,0.055869090600000004
0.1448318005,0.1400792003,0.10940959450000001,0.1115713,0.10773270130000001,0.0303084195,1.146430016,0.028313666444444444,1.996597052,-0.239781007,0.832305372,0.129054397,78.60500336,263.2361145,998.0139771,20.58221054,20.32799911,19.7968998,21.34581947,23.35450935,56.54000854,43.25133133,2.362499952,0.055869102500000004
0.14524569510000002,0.1403990984,0.10948909520000001,0.11138989930000001,0.10773270130000001,0.030557549,1.353141975,0.028155388305555556,1.996606946,-0.002074068,0.833040178,0.159144104,78.60500336,264.1442871,998.0136719,20.58230972,20.32811928,19.7968998,21.34757996,23.36033058,56.53456116,43.25413895,2.234999895,0.0558691084
0.1454753995,0.1407191038,0.1095685005,0.1114202023,0.10773270130000001,0.030806669599999996,1.3374070169999999,0.028059166805555556,1.996616006,0.072552077,0.833774984,0.139134794,73.39524841,265.2878113,998.0134888,20.58241081,20.3282299,19.7968998,21.3493309,23.3661499,56.54523087,43.25695038,2.085000038,0.0558691084
0.1456436992,0.1407642007,0.10998179910000001,0.1113687038,0.10773270130000001,0.030731868699999998,1.288768959,0.028012500333333332,1.996624947,0.514348388,0.834509909,0.090228699,71.65866852,266.396698,998.0131836,20.58250999,20.32835007,19.7968998,21.35107994,23.37196922,56.55588913,43.25976181,2.029999971,0.05586912040000001
0.14546049830000002,0.14071760179999998,0.1099967003,0.11151039599999998,0.10773270130000001,0.030734661200000003,1.28733902,0.027992638472222223,1.99663496,-0.00421989,0.835244715,0.137991905,71.65866852,267.3670959,998.0128784,20.58259964,20.32847023,19.7968998,21.35284042,23.37779045,56.56655121,43.26256943,2.305000067,0.0558691323
0.145373404,0.1406710029,0.1098417044,0.11173349619999999,0.10773270130000001,0.0307992995,1.2158129690000001,0.02797850077777778,1.99664402,-0.234535798,0.835979581,0.156332806,71.65866852,268.3374023,998.0125732,20.58270073,20.32859039,19.7968998,21.35458946,23.38361931,56.57720947,43.26538086,2.19749999,0.0558691382
0.14535750149999999,0.140624404,0.1098477006,0.1116816044,0.10773270130000001,0.030765318899999998,1.2744640349999998,0.027964360972222223,1.996652961,-0.03700294,0.836714387,0.03894522,71.65866852,269.3078003,998.0123291,20.58279991,20.32869911,19.7968998,21.35634041,23.38944054,56.58787918,43.26818848,2.025000095,0.0558691382
0.1453415036,0.140577805,0.1099073052,0.11165980099999999,0.10777130130000001,0.0306984603,1.424668026,0.027925054749999997,1.996662974,0.04870984,0.837449312,0.0,58.00009918,266.6672974,998.0120239,20.58289909,20.32881927,19.93445969,21.35810089,23.39525986,56.59852982,43.27099991,2.342499971,0.055869150199999995
0.1453755975,0.1405779004,0.1101546049,0.1116786957,0.10778690580000001,0.0304209799,1.207946014,0.027913138083333334,1.996672034,-0.167062297,0.838184118,0.08463113,53.44723892,265.9266968,998.0117188,20.58300018,20.32893944,19.98031044,21.35984993,23.40107918,56.60919952,43.27381134,2.122499943,0.0558691621
0.1454264045,0.1405935049,0.1100355029,0.1116976023,0.1077906013,0.0305302113,1.0985110280000001,0.027913138083333334,1.996682048,-0.2078325,0.838918924,0.140169099,53.44723892,266.2206116,998.0114746,20.58308983,20.3290596,19.98031044,21.36160088,23.40690041,56.6198616,43.27661896,2.085000038,0.055869168000000004
0.1455922961,0.1409281969,0.1094691992,0.1118203998,0.1077942014,0.031120219799999998,0.8567440033,0.027887333777777776,1.996690989,-0.234654903,0.83965379,0.037319571,53.44723892,266.5144043,998.0112305,20.58319092,20.32917976,19.98031044,21.36335945,23.41272926,56.63051987,43.27943039,1.997499943,0.055869168000000004
0.1457965016,0.1411555052,0.10964210029999999,0.11173930169999999,0.1077978015,0.0312862188,1.375310993,0.027867777083333333,1.996700048,-0.226190999,0.841411114,0.0,46.56063843,267.2799072,998.0109253,20.5832901,20.32929039,19.81922913,21.3651104,23.41855049,56.64117813,43.28224182,2.102499962,0.05586918
0.1461925983,0.14159719939999998,0.1095942974,0.1115787029,0.107801497,0.031543108800000004,1.269456959,0.02784127763888889,1.996709943,-0.227025405,0.843509197,0.06143016,44.26511002,264.7666016,998.0106201,20.58338928,20.32941055,19.76552963,21.36685944,23.42436981,56.65184021,43.28504944,2.1875,0.055869191900000004
0.1464472055,0.1417984009,0.10970170500000001,0.1114181042,0.1078050971,0.0318895698,1.3416979789999999,0.02782669491666667,1.996719003,-0.131656602,0.845607281,0.130035907,44.26511002,266.3739014,998.0103149,20.58349037,20.32953072,19.76552963,21.36861038,23.43018913,56.66250992,43.28786087,2.342499971,0.055869197800000006
0.14663339849999998,0.1418877006,0.10972850320000001,0.11146399970000001,0.1077991009,0.0320699304,1.3631560329999999,0.027808833638888888,1.996729016,0.294404,0.847705424,0.124787703,44.26511002,271.7731018,998.0100098,20.58358002,20.32965088,19.76552963,21.37037086,23.43601036,56.67316818,43.29066849,2.367500067,0.055869197800000006
0.14667990209999998,0.1418462038,0.1096927047,0.11157859560000001,0.1077900052,0.032194939299999996,1.082769966,0.027788083805555554,1.996737957,0.752770603,0.849803507,0.096399389,44.26511002,277.8510132,998.0097046,20.5836792,20.32976913,19.76552963,21.3721199,23.44183922,56.68383026,43.29347992,2.345000029,0.055869221700000006
0.14667990209999998,0.14176100490000001,0.1100772023,0.1116369009,0.1077808022,0.0318104893,0.9547376633000001,0.027767333983333333,1.996747017,1.137225986,0.85190171,0.1435664,41.09363937,280.8829956,998.0093994,20.58378029,20.32987976,19.81258965,21.37387085,23.44766045,56.69448853,43.29629898,2.325000048,0.055869221700000006
0.14667990209999998,0.1416759014,0.1101546049,0.1116763949,0.10777159929999999,0.0317340314,1.1607370380000002,0.027752212947222223,1.99675703,0.597080886,0.853999674,0.100302704,40.03647995,282.8995056,998.0092163,20.58387947,20.32999992,19.8282795,21.37562943,23.45347977,56.7051506,43.29909897,2.140000105,0.0558692276
0.14646550419999999,0.1414129019,0.1100831032,0.1117761016,0.10776250359999999,0.031630671,1.14786396,0.027756849925,1.996765971,0.201896101,0.856097817,0.078510769,40.03647995,283.4036865,998.0089111,20.58398056,20.33012009,19.8282795,21.37738037,23.45929909,56.71580887,43.3019104,2.08375001,0.0558692276
0.1463227034,0.1413259029,0.1101366997,0.111895895,0.1077533007,0.0313490093,1.059167004,0.027742610508333335,1.996775985,0.549515724,0.85819602,0.076722369,40.03647995,285.5557861,998.0084839,20.58407021,20.33024025,19.8282795,21.37912941,23.46512032,56.72647095,43.30472946,2.088749886,0.055869251499999995
0.1460584044,0.1409927964,0.1102679014,0.1117717981,0.107744205,0.031028610499999998,1.2494279860000002,0.027726546394444444,1.996785045,0.407296807,0.861270428,0.01906882,40.03647995,287.2351074,998.0081787,20.58416939,20.33035088,19.8282795,21.38088989,23.47094917,56.73714066,43.30752945,2.367500067,0.055869251499999995
0.1457376957,0.1405516982,0.11041090490000001,0.11190600399999999,0.107735002,0.0305781394,1.049153042,0.02771264182222222,1.996793985,-0.042129029,0.864670277,0.05687087,73.02852631,288.5176086,998.0079956,20.58427048,20.33046913,19.92239952,21.38264084,23.4767704,56.74779892,43.31034088,2.137500048,0.055869257500000005
0.14541699889999998,0.1402765036,0.11035130019999999,0.1119652033,0.10784100290000001,0.030300629099999997,1.130696011,0.027694759369444443,1.996803999,-0.212124005,0.868070185,0.158590496,84.02588654,289.8002014,998.0076904,20.58436966,20.33058929,19.95376968,21.38438988,23.48258972,56.758461,43.31315994,2.367500067,0.055869257500000005
0.1449939966,0.1400567055,0.1102241993,0.1119616985,0.10787290329999999,0.0300952405,1.172898006,0.027675556605555558,1.996813059,-0.2409731,0.871470213,0.169962898,84.02588654,301.3985901,998.0073853,20.58447075,20.33070946,19.95376968,21.38614082,23.48841095,56.76911926,43.31595993,2.390000105,0.0558692813
0.1447692037,0.1398368955,0.110097003,0.1119582057,0.1078673005,0.0298898399,1.483318996,0.027661810980555555,1.996822,-0.210216701,0.874870121,0.119710401,84.02588654,305.1578064,998.0070801,20.58456039,20.33082962,19.95376968,21.3878994,23.49423981,56.77978134,43.31877899,2.390000105,0.0558692813
0.1446218967,0.1397099972,0.1098505974,0.1119547009,0.10786169770000001,0.029971450599999998,1.391051006,0.02765485763611111,1.996832013,0.01843022,0.87826997,0.182648107,63.46202087,314.8204041,998.0067749,20.58465958,20.33094025,20.0008297,21.38965034,23.50005913,56.79043961,43.32159042,2.077500105,0.0558692873
0.1446401,0.13987820150000002,0.10956449509999999,0.1119513035,0.1078560948,0.030148729699999998,1.112810993,0.02763267305277778,1.996840954,-0.155617997,0.884093881,0.195364505,56.60739899,335.8294983,998.0064697,20.58476067,20.33106041,20.01651955,21.39141083,23.50588036,56.80110931,43.32439041,2.232500076,0.0558692873
0.144897294,0.1401342988,0.10981489419999999,0.11169949770000001,0.1078505993,0.030087768999999997,1.4303879739999998,0.02761677424166667,1.996850014,-0.237754405,0.890725911,0.126490101,56.60739899,359.5472107,998.0062256,20.58485985,20.33118057,20.01651955,21.39315987,23.51169968,56.81177139,43.32720947,2.079999924,0.0558693111
0.1449702024,0.14018379450000001,0.1097254992,0.1116181016,0.10784499649999998,0.030416980399999998,1.377460957,0.02759789996666667,1.996860027,-0.237754405,0.897357881,0.108311102,56.60739899,388.6600037,998.0059204,20.58496094,20.33130074,20.01651955,21.39491081,23.5175209,56.82242966,43.3300209,2.011250019,0.0558693111
0.14496120210000002,0.1401644945,0.10983879569999999,0.11162099839999999,0.1078394055,0.0304405689,1.537677956,0.02758713616388889,1.996868968,-0.220945701,0.903989911,0.220042706,56.60739899,463.0541992,998.0056763,20.58505058,20.3314209,20.01651955,21.39665985,23.52334976,56.83309174,43.33282089,2.026249886,0.0558693171
0.14495220179999999,0.1401450992,0.1098984003,0.1116238952,0.10783380270000001,0.030310100299999997,1.5898909570000002,0.027579850091666667,1.996878982,-0.182082906,0.910621822,0.367548108,53.85639954,485.2763062,998.0053711,20.58514977,20.33152962,19.85180092,21.39842033,23.52916908,56.84375,43.33563995,2.24000001,0.0558693171
0.1449432015,0.1402529001,0.1099073052,0.11162680389999999,0.1078281999,0.0302893311,1.430389977,0.027567102644444445,1.998662949,-0.224641204,0.916301012,0.473006904,52.93939972,521.4110107,998.005127,20.58525085,20.33164978,19.7968998,21.40016937,23.53499031,56.85440826,43.33845139,2.11500001,0.055869329
0.1449342012,0.1400254011,0.1099192023,0.1116297007,0.107822597,0.030305141200000003,1.510499001,0.02755253685833333,2.001038074,0.038219269,0.921662629,0.515923619,52.93939972,571.6303101,998.0048218,20.58535004,20.33176994,19.7968998,21.40192032,23.54080963,56.86507034,43.33113098,2.170000076,0.055869340899999995
0.1447675943,0.139901197,0.10968970060000001,0.1116327047,0.10781149860000001,0.030320939400000003,0.9833497046999999,0.02753100925,2.003413916,-0.044870909,0.927024186,0.615922511,52.93939972,629.166687,998.0045166,20.58544922,20.33189011,19.7968998,21.4036808,23.54663086,56.88840866,43.32044983,2.168750048,0.05586935280000001
0.1448374033,0.1400982022,0.10970159770000001,0.1115833044,0.10779860020000001,0.0302353203,1.0205459590000001,0.027516604530555558,2.005789042,-0.210335895,0.932385921,0.705426276,52.93939972,675.6204834,998.0042114,20.58554077,20.33200073,19.7968998,21.40542984,23.55245972,56.9159584,43.30976105,2.113749981,0.055869358800000005
0.1450036049,0.1401679039,0.1098209023,0.111362505,0.1077857018,0.0302892715,1.2723179820000001,0.027505346933333334,2.008164883,-0.246576101,0.937747478,0.756607115,61.0698204,733.3024902,998.0039063,20.58563995,20.3321209,20.00868988,21.40718079,23.55828094,56.94351959,43.2990799,2.025000095,0.055869358800000005
0.14491180180000002,0.1401679039,0.1095466018,0.1113749981,0.10777269599999999,0.0305624008,1.208660984,0.027487629783333335,2.010540009,-0.0129223,0.939951599,0.847083926,63.77996063,749.0280151,998.0037231,20.58573914,20.33223915,20.07928085,21.40893936,23.56410027,56.97106934,43.28839111,2.352499962,0.0558693707
0.1449427962,0.1401479959,0.10950789450000001,0.11148250099999998,0.10775979760000001,0.030637070500000002,1.1872030260000002,0.02747869067777778,2.012916088,-0.168850407,0.94110322,0.953624427,63.77996063,761.3729248,998.003418,20.58584023,20.33235931,20.07928085,21.41069031,23.56991959,56.99863052,43.27770996,2.289999962,0.055869382599999996
0.1450433016,0.14012149570000001,0.10959130530000001,0.11134719850000001,0.10774689909999999,0.030627641100000002,1.1335590359999999,0.027463457319444443,2.015290976,-0.230005696,0.942254722,1.060165048,63.77996063,771.8364258,998.0031128,20.58593941,20.33247948,20.07928085,21.41243935,23.57574081,57.02618027,43.26702118,2.117500067,0.0558693886
0.1449862003,0.1402567029,0.1093976021,0.11139429810000001,0.1077339053,0.030748871,1.334545994,0.02745683246111111,2.017667055,-0.241569206,0.943406284,1.11321795,63.77996063,789.4285278,998.0026855,20.58602905,20.3325901,20.07928085,21.41419983,23.58156967,57.05374146,43.25634003,2.305000067,0.0558693886
0.1451267004,0.1404458046,0.10929030179999999,0.1112993002,0.1077209949,0.030913650999999997,1.097074986,0.027436303033333335,2.020041943,-0.247291297,0.944557905,1.265164018,66.34710693,796.3377075,998.0025024,20.58613014,20.33271027,19.84396935,21.41595078,23.5873909,57.0812912,43.24565125,2.222500086,0.0558694005
0.14535050389999998,0.140634799,0.1092427015,0.1111276984,0.10770809649999999,0.031078431,1.263733959,0.027421733008333334,2.016196012,-0.247291297,0.945709527,1.360290051,67.20281982,796.9212036,998.0021973,20.58622932,20.33283043,19.76552963,21.41769981,23.59321022,57.10884094,43.23497009,2.327500105,0.0558694124
0.1455742955,0.1408239007,0.1091950059,0.1110834956,0.10769519809999999,0.0313432008,1.433250999,0.027411138747222223,2.010277033,-0.178268105,0.946861029,1.423508048,67.20281982,799.5856934,998.0018921,20.58633041,20.33295059,19.76552963,21.41945076,23.59902954,57.13639832,43.22428131,2.470000029,0.0558694184
0.14579809900000001,0.14101289509999998,0.1091472983,0.1110818982,0.1076822042,0.0316413194,1.3266779899999999,0.027405507830555554,2.004358053,-0.224283606,0.94801259,1.486726046,67.20281982,806.1820068,998.0015869,20.5864296,20.33307076,19.76552963,21.42120934,23.60485077,57.1639595,43.23936844,2.214999914,0.0558694184
0.14587910180000002,0.1412019968,0.1090996027,0.1110802054,0.1076295018,0.031939429000000005,1.2973520280000002,0.027421402402777777,1.998438954,-0.151087999,0.948107421,1.502555013,69.30690002,811.0504761,998.0012817,20.58651924,20.33317947,19.85964966,21.42296028,23.6037693,57.19150925,43.26303864,2.329999924,0.0558694303
0.1461405993,0.1413910031,0.10920100210000001,0.1110785007,0.1075634003,0.031997150200000005,0.9955089569,0.02743199666388889,1.992519021,0.092698723,0.947849929,1.523612976,70.00826263,822.5526733,998.0009766,20.58662033,20.33329964,19.89101982,21.42470932,23.60037041,57.21907043,43.28672028,2.130000114,0.055869442199999994
0.1461776018,0.1413112044,0.1093520045,0.11107679610000001,0.1075469017,0.0319747299,1.240845966,0.027502199808333336,1.986600041,0.29130441,0.947592378,1.654248953,70.00826263,829.0604858,998.0006714,20.58671951,20.3334198,19.89101982,21.4264698,23.59697914,57.24662018,43.31039047,2.347500086,0.055869448200000005
0.1461145043,0.1411416054,0.1095028996,0.1110751033,0.1075469017,0.031834951,1.258012962,0.027649226719444444,1.980680943,0.341492295,0.947334886,1.799126029,70.00826263,830.0615845,998.0004272,20.5868206,20.33353996,19.89101982,21.42822075,23.59358978,57.23926926,43.3340683,2.247499943,0.055869448200000005
0.1460474968,0.14097210170000002,0.1098268032,0.1111207008,0.1075469017,0.0313582689,1.109235001,0.027765134175,1.982066035,-0.099111959,0.947077513,1.845422029,70.00826263,824.4202271,998.0001831,20.58691978,20.33365059,19.89101982,21.42996979,23.59019089,57.22027969,43.35773849,2.157500029,0.055869460100000004
0.1459792972,0.1407088041,0.1097970009,0.1111819983,0.1075469017,0.0311318487,1.1950690270000002,0.027822750944444443,1.985887051,-0.243953407,0.946820021,1.814121008,73.30378723,820.5510254,997.9998779,20.58702087,20.33377075,19.89101982,21.43173027,23.58679962,57.20127869,43.38142014,2.037499905,0.055869471999999996
0.1455067992,0.1404142022,0.109630096,0.1112432957,0.1075469017,0.031021949599999998,1.101366997,0.027842610666666667,1.989706993,0.000190925,0.946562529,1.694597006,74.40229797,824.5032959,997.9995728,20.58711052,20.33389091,19.89101982,21.43347931,23.58341026,57.18228912,43.40509033,2.157500029,0.05586947799999999
0.1450912952,0.14011960029999998,0.10983870030000001,0.11130460499999999,0.1075469017,0.030531349800000003,1.137847996,0.027854554916666666,1.993528008,0.05943884,0.94796437,1.704537988,74.40229797,840.5529175,997.9993286,20.5872097,20.33400917,19.89101982,21.43523026,23.5800209,57.16329956,43.38980103,2.224999905,0.05586947799999999
0.1447397947,0.1398249984,0.1098059058,0.11134660240000001,0.1075469017,0.030209559200000003,1.0126749990000001,0.027845584027777776,1.998482943,-0.168492794,0.949919522,1.988983989,74.40229797,855.7194214,997.9990234,20.58731079,20.33412933,19.89101982,21.43699074,23.5766201,57.14431,43.3615303,2.049999952,0.0558694899
0.1445289016,0.1395550013,0.10965089800000001,0.111382103,0.1075469017,0.0301427901,0.9211206435999999,0.027836138416666666,2.003815889,-0.228455901,0.951874614,2.190103054,74.40229797,814.421814,997.9987183,20.58740997,20.33423996,19.89101982,21.43873978,23.57323074,57.12532043,43.33324814,2.079999924,0.0558695018
0.1443649054,0.13929300309999998,0.1095944047,0.1114176989,0.10764980319999999,0.0299665302,1.186485958,0.027828860805555557,2.009149075,-0.114132501,0.954688013,2.133388996,60.60169983,799.5081787,997.9984131,20.58750916,20.33436012,19.74983978,21.44049072,23.56983948,57.10633087,43.30496979,2.065000057,0.055869507799999996
0.1439576983,0.13903110030000002,0.1095705986,0.11145319940000001,0.10767279860000001,0.0297363788,1.39963398,0.027797249694444446,2.014482021,-0.140478194,0.957787514,2.107125998,56.00149918,771.5944824,997.99823,20.58760071,20.33448029,19.70277977,21.4422493,23.56644058,57.08734131,43.27669907,2.289999962,0.055869507799999996
0.14383779759999998,0.13898890020000002,0.1094573021,0.1114887953,0.10765769480000001,0.029506239299999997,1.3624400140000001,0.02777439541388889,2.019815922,-0.2244028,0.960887015,2.113818884,56.00149918,748.8074951,997.9979248,20.58769989,20.33460045,19.70277977,21.44400024,23.56304932,57.0942688,43.24842072,2.422499895,0.0558695197
0.1438406944,0.1390198946,0.1093142033,0.11141010520000001,0.10764269829999999,0.02961815,1.188634014,0.02775717841388889,2.018528938,-0.2178462,0.961943805,2.023168087,56.00149918,730.8308105,997.9976196,20.58779907,20.33470917,19.70277977,21.44574928,23.55965996,57.10984039,43.22013855,2.267499924,0.0558695316
0.1438436031,0.1390509009,0.10917119980000001,0.1112931967,0.10762759449999999,0.0298440814,0.7830728054,0.027744926877777777,2.015034914,0.168993905,0.962319911,2.022452116,56.00149918,730.9475708,997.9973145,20.58790016,20.33482933,19.70277977,21.44750023,23.55625916,57.12541962,43.19187164,2.127500057,0.0558695376
0.1438464999,0.1390818954,0.109197998,0.11117639539999999,0.10761250259999999,0.029775708899999996,0.7480216026,0.027727375030555557,2.011542082,0.018430229,0.962695777,2.062530994,73.03294373,738.6859131,997.9970093,20.58799934,20.33494949,19.77337074,21.44926071,23.5528698,57.14099884,43.16358948,2.377500057,0.0558695376
0.143957901,0.13923089500000002,0.10928139690000001,0.11113070249999998,0.10759739880000001,0.02977404,0.9336357117,0.027713470458333334,2.008048058,-0.138809204,0.963071883,2.007045031,78.71008301,737.8165894,997.9967041,20.5880909,20.33506966,19.79984093,21.45100975,23.54948044,57.15657043,43.1731987,2.132499933,0.055869549500000004
0.1441056013,0.1394191027,0.10921289919999999,0.11110880370000001,0.1075824022,0.0300117403,1.143927956,0.027688632541666668,2.004445076,-0.225594893,0.963447928,2.049875021,78.71008301,736.8378296,997.9963989,20.58819008,20.33518982,19.80376053,21.4527607,23.54608917,57.17214966,43.19544983,2.147500038,0.055869561400000003
0.1442531943,0.1395356059,0.10929030179999999,0.1110867977,0.10756729840000001,0.0301266998,1.2158129690000001,0.027671744027777778,2.000803947,0.021648951,0.963823915,2.061089993,78.71008301,732.9271851,997.9960938,20.58828926,20.33530045,19.80768967,21.45451927,23.54269028,57.18772888,43.21768951,2.38499999,0.0558695674
0.1444008946,0.13962819580000002,0.10905790330000001,0.11106489900000001,0.10755219460000001,0.0304300904,1.0377090450000002,0.027658941480555557,1.997164011,-0.138332397,0.964199901,2.064460993,72.45285034,724.5698242,997.9957886,20.58839035,20.33542061,19.81160927,21.45627022,23.53930092,57.20330048,43.2399292,2.472500086,0.0558695674
0.1445484996,0.1398429036,0.1091205001,0.11104290489999999,0.1075371981,0.0304470599,0.9890699386999999,0.02764613681388889,1.993523002,-0.239781007,0.963344395,2.046410084,70.36711121,715.1644897,997.9954834,20.58848953,20.33554077,19.81553078,21.45801926,23.53590965,57.2188797,43.26216888,2.127500057,0.05586957930000001
0.1446961999,0.13993450400000002,0.10932309629999999,0.1110209942,0.1075220942,0.030504751200000003,1.5426890370000002,0.02763648139166667,1.989882946,-0.246576101,0.962078393,2.038456917,70.36711121,713.0465698,997.9951782,20.58857918,20.33566093,19.81945038,21.45977974,23.53251076,57.23445129,43.28442001,2.160000086,0.0558695912
0.1448117018,0.1399713993,0.10905200239999999,0.1109990001,0.1075070024,0.0308160692,1.116388988,0.027627868652777776,1.98624301,-0.224641204,0.96081239,1.985743999,70.36711121,713.3579712,997.994873,20.58868027,20.33577919,19.82337952,21.46153069,23.52911949,57.25003052,43.3066597,2.089999914,0.055869597199999996
0.1449166059,0.14005279539999999,0.10921289919999999,0.1109771013,0.1074918985,0.0307363987,1.102085972,0.027605853611111113,1.982602,-0.237992898,0.959546387,1.983677983,70.36711121,730.3695068,997.9946899,20.58877945,20.33588982,19.82729912,21.46327972,23.52573013,57.26560974,43.32889938,2.305000067,0.055869597199999996
0.1449174047,0.1401489019,0.1092576027,0.1109822989,0.107476902,0.030795168899999996,1.66285305,0.027590289644444443,1.985303998,-0.159790307,0.955992401,1.981950998,56.99066925,741.5703735,997.9943848,20.58888054,20.33600998,19.73414993,21.51379013,23.52234077,57.28118134,43.35113907,2.232500076,0.055869609099999995
0.1448835969,0.1400920987,0.109197998,0.110996604,0.10746179819999999,0.030950918799999998,1.3738860130000001,0.027578364477777777,1.990121007,-0.169506103,0.951675773,1.911653042,52.53186035,759.071228,997.9940796,20.58897972,20.33613014,19.70277977,21.52964973,23.51893997,57.29676056,43.3733902,2.32249999,0.055869621
0.1448498011,0.1399842978,0.1094691992,0.1110108018,0.10744669440000001,0.0305535495,0.9261292458,0.02756644355,1.994936943,-0.220290005,0.947359085,2.028768063,52.53186035,764.2874146,997.9937744,20.58906937,20.33625031,19.70277977,21.52854919,23.51555061,57.31232834,43.3592186,2.099999905,0.055869632999999995
0.1446323037,0.1398766041,0.10941560269999999,0.11102509499999999,0.10743169779999999,0.0304994494,1.2801839830000001,0.0275545205,1.999753952,-0.243715003,0.943042517,2.010055065,52.53186035,768.9785156,997.9935303,20.58917046,20.33636093,19.70277977,21.52743912,23.51215935,57.32791138,43.33292007,2.160000086,0.055869632999999995
0.14462850089999998,0.1397688031,0.1092169046,0.11103940009999999,0.10742230420000001,0.0306212306,1.184342003,0.0275545205,2.004570007,0.005197801,0.938725829,1.904327035,52.53186035,773.8469238,997.9932251,20.58926964,20.33647919,19.70277977,21.52634048,23.50876045,57.34347916,43.30662155,2.127500057,0.0558696389
0.1445633054,0.1397976995,0.1090181947,0.1110535979,0.1074149013,0.0307430089,1.408932018,0.027525711058333333,2.009387016,-0.151326403,0.934409082,2.025139093,58.46821976,796.8684082,997.9929199,20.58937073,20.33659935,19.79690933,21.52523041,23.50536919,57.35905838,43.28031921,2.220000029,0.055869650800000004
0.1446748018,0.139872098,0.1091652036,0.11099679469999998,0.1074074984,0.0306425989,1.5434000019999998,0.027506175572222222,2.014204025,0.021648919,0.930092514,1.969632983,60.4469986,804.4171143,997.9926758,20.58946991,20.33671951,19.8282795,21.52412987,23.50197983,57.37464142,43.25402069,2.079999924,0.0558696628
0.14472190140000002,0.1399464011,0.10921289919999999,0.11091630459999999,0.1074000955,0.030711218699999997,1.330970001,0.027493373022222222,2.019020081,-0.00910754,0.925775826,2.001024008,60.4469986,804.7398071,997.9923706,20.58955956,20.33683968,19.8282795,21.52301979,23.49858093,57.3902092,43.22771835,2.162499905,0.0558696628
0.1447221994,0.1400207996,0.10907280450000001,0.1108940005,0.1073927045,0.0308608502,1.205084038,0.02748056623611111,2.01888299,0.064088047,0.923304319,2.032474995,60.4469986,812.2191772,997.9921265,20.58966064,20.3369503,19.8282795,21.52191925,23.49518967,57.40578842,43.20141983,2.217499971,0.0558696687
0.1448591948,0.1401764989,0.1088940024,0.1108911037,0.1073853016,0.03111718,1.005523014,0.027487299177777775,2.017095089,-0.03998322,0.921447814,1.93552196,75.32041931,812.3148804,997.9918213,20.58975983,20.33707047,19.89887047,21.52080917,23.49180031,57.42136002,43.17512131,2.400000095,0.055869680600000006
0.1450417995,0.1403594017,0.10899230239999999,0.11083110570000002,0.1073778987,0.0312195987,0.9447240829,0.027541275025,2.015305996,0.1225015,0.919591188,2.083226919,80.27822876,818.9019775,997.9915161,20.58986092,20.33719063,19.92494011,21.51971054,23.48841095,57.43693924,43.14881897,2.144999981,0.0558696926
0.1452244997,0.1405423045,0.10896849630000001,0.11075199840000001,0.1073704958,0.0314130306,0.9082460403000001,0.027669425541666667,2.013518095,-0.108410403,0.917734683,1.960484982,80.27822876,817.8121948,997.9912109,20.5899601,20.33731079,19.92832947,21.51860046,23.48501015,57.45251083,43.12252045,2.160000086,0.0558696926
0.14537760019999998,0.1406640053,0.1091593027,0.1108194947,0.1073629975,0.031386458900000004,1.471158028,0.027779055694444443,2.011729956,-0.234058902,0.915878177,1.945909023,80.27822876,819.9000244,997.9909058,20.59004974,20.33742905,19.93172073,21.51749992,23.48162079,57.45454025,43.13064957,2.079999924,0.055869698499999995
0.145520997,0.1407652974,0.10912350420000001,0.11093599800000001,0.10725560190000001,0.0315483004,1.542685032,0.027811166972222225,2.008198977,-0.245026305,0.914021671,2.03607893,80.27822876,819.3295288,997.9906006,20.59015083,20.33753967,19.93511009,21.51638985,23.47822952,57.45204926,43.15026093,1.995000005,0.05586971040000001
0.14566450120000002,0.1408666968,0.10898050070000001,0.1108252048,0.1072278976,0.0318031013,1.427528954,0.02782772275,2.004086018,0.170782,0.912165225,1.960854053,72.58611298,818.7758179,997.9904175,20.59025002,20.33765984,19.93849945,21.51528931,23.47483063,57.44955826,43.16986847,2.347500086,0.0558697224
0.1457036018,0.1407369018,0.10946329829999998,0.1108396053,0.10723799469999999,0.0314086288,1.2179590230000001,0.0278293885,1.999974012,-0.104118697,0.910308719,1.96342504,70.02207184,826.6906128,997.9901123,20.5903492,20.33778,19.94189072,21.51417923,23.47143936,57.44707108,43.18947983,2.162499905,0.0558697224
0.1455212951,0.1407418013,0.1093678951,0.11092079880000001,0.1072481036,0.0313318193,1.139280987,0.02780352697222222,1.995862007,-0.169804096,0.908452213,1.850502014,70.02207184,836.9154053,997.9896851,20.59045029,20.33790016,19.94528008,21.5130806,23.46805,57.44458008,43.20909882,2.307499886,0.0558697283
0.145450902,0.1406208038,0.10933209660000001,0.11100209949999999,0.10725810529999999,0.0314330488,1.212952995,0.027778860722222222,1.991749048,-0.218323097,0.906092584,1.947545052,70.02207184,847.0308228,997.9893799,20.59053993,20.33801079,19.94866943,21.51197052,23.46466064,57.44208908,43.22871017,2.434999943,0.0558697402
0.14521670339999998,0.1409387946,0.10940359829999999,0.11092439890000001,0.1072682023,0.031229099599999997,1.301644039,0.027757013108333332,1.987637043,-0.067997828,0.903565288,2.016988993,70.02207184,851.9874878,997.9891968,20.59063911,20.33813095,19.9520607,21.51086998,23.46125984,57.4396019,43.24832153,2.217499971,0.0558697522
0.1449084997,0.1404734015,0.10935000180000001,0.11095019580000001,0.10727820400000002,0.0315887988,1.2923460009999999,0.02774360656666667,1.987418056,-0.102449797,0.90103811,1.932961941,68.94786835,847.9979858,997.9888916,20.5907402,20.33824921,19.8123703,21.5097599,23.45787048,57.4371109,43.26792908,2.065000057,0.0558697522
0.144600296,0.1396908998,0.1097195983,0.1110280991,0.107288301,0.030757978600000003,1.1922100070000001,0.027733008066666665,1.988497019,0.099493772,0.897945821,1.993445992,68.58979797,846.3984985,997.9885864,20.59083939,20.33836937,19.76552963,21.50865936,23.45447922,57.4346199,43.28754044,1.995000005,0.0558697581
0.1442921042,0.1394708037,0.1094393969,0.11110589500000001,0.10729780200000001,0.0303179413,1.033417988,0.027714960311111113,1.989575028,0.08697661,0.894665122,1.892114997,68.58979797,844.65448,997.9882813,20.59094048,20.33848953,19.76552963,21.50754929,23.45108032,57.43212891,43.30715179,2.212500095,0.05586977010000001
0.1442069054,0.1391713977,0.1093917012,0.1110198975,0.1073070049,0.0301650912,1.014103985,0.027694430880555558,1.990653992,-0.167300597,0.891384482,1.776471972,68.58979797,846.9868774,997.9879761,20.59103012,20.33860016,19.76552963,21.50645065,23.44768906,57.42964172,43.32677078,2.214999914,0.055869782
0.14396799799999999,0.1390576005,0.1092247963,0.1110013008,0.1073163033,0.030012241000000002,1.011242962,0.027686316172222225,1.991732955,-0.156929299,0.889983475,1.965230942,68.58979797,850.8718262,997.9876709,20.5911293,20.33872032,19.76552963,21.50534058,23.4442997,57.44005966,43.34637833,2.332499981,0.0558697879
0.14397469759999998,0.1390352011,0.10921289919999999,0.1110234022,0.1073256016,0.0298593789,1.2587269779999999,0.027668929630555554,1.992810965,0.221923605,0.889209092,1.795534015,69.28349304,855.8884277,997.9874268,20.59123039,20.33884048,19.90670967,21.50424004,23.44091034,57.45478058,43.36598969,2.237499952,0.0558697879
0.14391499759999998,0.1390128016,0.1090877056,0.11104550360000001,0.1073348999,0.0299822003,1.254436016,0.02764707565277778,1.993890047,0.409561902,0.888434708,1.725010037,69.56011963,857.2368164,997.9871216,20.59132957,20.33896065,19.95376968,21.50312996,23.43750954,57.46949005,43.36470032,2.279999971,0.055869799899999996
0.1437975049,0.1389904022,0.1091472983,0.1110677004,0.10729680059999999,0.0299114287,1.229403019,0.027633664872222224,1.99496901,-0.07681945,0.887660325,1.839934945,69.62065125,869.7756958,997.9868774,20.59143066,20.33908081,19.95376968,21.50202942,23.43412018,57.48421097,43.35643005,2.257499933,0.0558698118
0.143768096,0.1389680982,0.10929030179999999,0.1109550953,0.1072428942,0.029745510200000002,1.423952961,0.027613135444444447,1.99604702,-0.1320142,0.886885881,1.687018991,69.68118286,869.9954224,997.9865723,20.59152031,20.33918953,19.95376968,21.50093079,23.43073082,57.49893188,43.34817886,2.112499952,0.055869817700000005
0.143768096,0.1389456987,0.1091650963,0.11095240120000001,0.1071889997,0.029807820899999997,1.27374897,0.027602208455555555,1.997125983,-0.169208005,0.886111498,1.831980944,69.74170685,876.947876,997.9863281,20.59161949,20.33930969,20.04789925,21.49982071,23.42733002,57.51364899,43.3399086,2.325000048,0.055869817700000005
0.143768096,0.1389232993,0.10920100210000001,0.1110012054,0.1071755052,0.029850629,1.170036983,0.027595583597222223,1.998204947,-0.082780004,0.885337114,1.967954993,69.80225372,877.9534302,997.9860229,20.59172058,20.33942986,20.07928085,21.49871063,23.42394066,57.5283699,43.33164978,2.147500038,0.0558698297
0.143768096,0.1389883995,0.1090877056,0.11105010509999999,0.1071755052,0.029861560500000002,1.015536022,0.027570082347222222,1.999282956,-0.121225603,0.884562671,2.028948069,69.86277771,865.1721191,997.9857178,20.59181976,20.33955002,20.07928085,21.49761009,23.42054939,57.54309082,43.32339096,2.412499905,0.055869841600000004
0.143768096,0.1389119029,0.10911149979999998,0.1109426022,0.1071755052,0.029872500899999998,0.9354257584000001,0.027555183833333333,2.001040936,-0.2220781,0.883788288,1.961905003,69.92331696,848.9091187,997.9854126,20.59192085,20.33966064,20.07928085,21.49650955,23.41716003,57.55780029,43.31512833,2.184999943,0.0558698475
0.143768096,0.13893179890000001,0.109028101,0.1109810948,0.1071755052,0.0298834413,1.175757027,0.02755385928611111,2.003026009,-0.096370071,0.883013904,1.928140998,69.98384857,844.8433838,997.9851074,20.5920105,20.33978081,20.07928085,21.49539948,23.41375923,57.57252121,43.30686951,2.347500086,0.0558698475
0.1439123034,0.13928589819999998,0.1086346984,0.1109323025,0.1071755052,0.030297139299999998,1.083485985,0.027539289263888888,2.00500989,-0.196984202,0.882239521,1.953984022,70.04438019,850.4224854,997.9849243,20.59210968,20.33989906,20.00868034,21.49430084,23.41036987,57.58723831,43.29861069,2.402499914,0.055869859499999994
0.1441046,0.1394502997,0.10878369809999999,0.1108325005,0.1071755052,0.0305022091,1.308080006,0.027526374391666664,2.006994009,-0.247291297,0.881465077,1.901425004,70.1049118,852.5501709,997.9846191,20.59221077,20.34001923,19.97991943,21.49319077,23.40698051,57.60195923,43.29034042,2.089999914,0.05586987140000001
0.1444581985,0.1397264004,0.10860489609999999,0.1107326031,0.1070737004,0.0307930708,1.160017967,0.027520743475,2.008979082,0.256971687,0.880690694,1.956421018,70.16544342,856.5493164,997.984314,20.59230995,20.34013939,19.97294998,21.49208069,23.40357971,57.61668015,43.28208923,2.342499971,0.0558698773
0.1448655963,0.1400714993,0.10860489609999999,0.1106328011,0.10700219870000001,0.0311506391,1.09207201,0.027516771952777776,2.010962963,-0.062037282,0.87991631,1.875733972,70.22598267,864.0654907,997.9838867,20.59240913,20.34025002,19.96598053,21.49098015,23.40019035,57.63140106,43.27381897,2.257499933,0.0558698773
0.1450003982,0.1402487993,0.10893870590000002,0.11053299899999999,0.10698970560000001,0.031148278699999997,1.375314999,0.02751280042777778,2.012948036,0.0620615,0.879141927,1.869124055,70.28650665,870.1331177,997.9837036,20.59250069,20.34037018,19.95899963,21.48987961,23.39679909,57.64611053,43.26556015,2.032500029,0.055869889299999996
0.1450443029,0.1403704047,0.10887010100000001,0.11058169600000001,0.10698970560000001,0.031381169,1.4790280340000002,0.02758233812222222,2.014931917,0.122143902,0.877520025,1.826980948,52.62073135,871.465271,997.9833984,20.59259987,20.34049034,19.95203018,21.48876953,23.39516068,57.66083145,43.25730133,2.317500114,0.0558699012
0.1452051997,0.14049190279999998,0.1086436033,0.110679996,0.10697230099999999,0.0317324698,1.2057999609999999,0.027712148030555557,2.01691699,0.260190398,0.875615597,1.758038998,46.72708893,873.6959229,997.9830933,20.59269905,20.3406105,19.94506073,21.4876709,23.39410019,57.67554855,43.2490387,2.220000029,0.055869907100000005
0.1454051018,0.14061340090000002,0.1087002993,0.1106752038,0.1069491029,0.0318345487,0.8925123214999999,0.02776943418611111,2.015609026,0.107719302,0.873711228,1.830134988,46.72708893,881.4390869,997.9827881,20.59280014,20.34071922,19.93808937,21.48656082,23.3930397,57.66527176,43.24077988,2.059999943,0.055869907100000005
0.14555200340000002,0.1407822967,0.10885130169999999,0.11063599589999999,0.1069259048,0.0318535686,1.211520004,0.02777274449722222,2.013204098,0.125362605,0.8718068,1.78312099,46.72708893,881.4425049,997.9824829,20.59289932,20.34083939,19.93111038,21.48546028,23.39197922,57.64664841,43.23252106,2.262500048,0.0558699191
0.1458906054,0.1409669995,0.1090021968,0.1105968952,0.1069026947,0.0318726003,1.222249985,0.02777241388888889,2.010798931,0.071121529,0.869902372,1.680734038,46.72708893,887.0161743,997.9821777,20.59299088,20.34095955,19.92414093,21.4843502,23.39092064,57.62804031,43.22425842,2.400000095,0.055869931
0.1457777977,0.1410029054,0.10887900589999999,0.1105576992,0.10687940119999999,0.0321101189,1.366732025,0.027747908697222223,2.008394003,0.51387161,0.867998004,1.793926954,62.54697037,888.4119263,997.9818726,20.59309006,20.34107971,19.80475044,21.48324966,23.38986015,57.60942078,43.2159996,2.285000086,0.055869942900000004
0.1459825993,0.1409891009,0.10920089479999999,0.1106780052,0.10685620309999999,0.031744161199999996,0.9754817963000001,0.027729693519444442,2.005989075,-0.016737049,0.866093576,1.639812946,67.82026672,887.4503784,997.9816284,20.59318924,20.34119987,19.76552963,21.48213959,23.38879967,57.59080887,43.20772934,2.32249999,0.055869942900000004
0.1458907962,0.1409752011,0.1091472983,0.11072059869999999,0.106833005,0.0318061501,1.315948009,0.02775618659166667,2.003583908,-0.077057883,0.864189327,1.679532051,67.82026672,892.2495117,997.9813843,20.59329033,20.3413105,19.76552963,21.48103905,23.38773918,57.57218933,43.20930099,2.432499886,0.0558699489
0.1459339976,0.14096139670000002,0.1091593027,0.1107195973,0.1068097949,0.0316951096,1.102081966,0.027822750944444443,2.00117898,0.056458559,0.86228478,1.721186042,67.82026672,897.1939697,997.9810791,20.59338951,20.34143066,19.76552963,21.47993088,23.3866806,57.55356979,43.21414185,2.257499933,0.05586996079999999
0.14577610489999998,0.14084529880000002,0.1094691992,0.110718596,0.1068271995,0.0314537913,1.7100580220000001,0.027903221972222222,1.998774052,0.068975732,0.860380471,1.679918051,60.59350967,895.4276733,997.9807739,20.59347916,20.34155083,19.88318062,21.47883034,23.38562965,57.53495026,43.21897888,2.234999895,0.055869972700000006
0.1457941055,0.1406950951,0.10906389949999999,0.11083379980000001,0.10685820580000001,0.0317466795,1.158588982,0.027970445416666666,1.996369004,-0.110675402,0.858475983,1.662340045,58.18458939,897.614502,997.9805298,20.59358025,20.34166908,19.92239952,21.47772026,23.38456917,57.51633835,43.22381973,2.400000095,0.055869972700000006
0.1456143975,0.1405449986,0.10917119980000001,0.11079059840000001,0.1068891048,0.0315890312,1.1550149920000001,0.028044611611111114,1.993963003,-0.184824705,0.856571674,1.658154964,58.18458939,901.7988892,997.9802246,20.59367943,20.34178925,19.92239952,21.47661972,23.38351059,57.49771881,43.22866058,2.247499943,0.0558699787
0.1453382015,0.1403946996,0.1095366955,0.11085560320000001,0.10692009929999999,0.0310720891,1.652124023,0.028122776888888888,1.991557956,0.047756132,0.854667306,1.702607989,58.18458939,902.8449707,997.9799194,20.59378052,20.34189987,19.92239952,21.47550964,23.3824501,57.44367981,43.23350143,2.194999933,0.055869990599999995
0.1450621009,0.1400709987,0.1099022985,0.11097860340000001,0.10695110560000001,0.030505231,2.198587036,0.028192971555555554,1.989153028,-0.150849596,0.852762878,1.763273001,58.18458939,901.7495728,997.9796143,20.5938797,20.34202003,19.92239952,21.4744091,23.38138962,57.37783051,43.23833847,2.095000029,0.0558700025
0.1447859049,0.1396893024,0.1095288038,0.1111016035,0.1069820046,0.030509549400000002,1.408220005,0.02827838897222222,1.988746047,-0.229171202,0.85085851,1.793447018,46.21805954,898.3668823,997.9793701,20.59398079,20.3421402,19.94593048,21.47330093,23.38032913,57.31198883,43.24317932,2.352499962,0.0558700025
0.144509697,0.13959330320000002,0.10932910440000002,0.11122460370000001,0.10701299909999999,0.0303582788,1.185056973,0.028337999972222222,1.989006042,0.039530601,0.848954082,1.70620501,42.2292099,894.3433838,997.979126,20.59407043,20.34226036,19.95738983,21.47220039,23.37927055,57.24613953,43.24802017,2.224999905,0.0558700085
0.1443078995,0.1395923972,0.1092694998,0.1112239003,0.10704389809999999,0.03030999,1.7823009490000001,0.028394944944444445,1.989264965,0.330644101,0.848321378,1.721997976,42.2292099,894.5220947,997.9788208,20.59416962,20.34236908,19.96221924,21.47109032,23.37821007,57.18029022,43.25286102,2.037499905,0.0558700204
0.1443228006,0.1395915031,0.1093798041,0.1111819983,0.1070749044,0.0301508188,1.624225998,0.028454555944444442,1.989524007,0.316815615,0.848112524,1.784052014,42.2292099,892.7581177,997.9785156,20.59427071,20.34248924,19.96703911,21.46998978,23.37715912,57.11444092,43.25770187,2.285000086,0.055870032300000004
0.14440170530000002,0.13959070440000002,0.1095466971,0.11114009620000001,0.1071058989,0.029930439599999997,1.469729042,0.028490333555555556,1.989784002,0.133349702,0.847903728,1.801969051,42.2292099,892.0383911,997.9782104,20.59436989,20.34260941,19.97187042,21.4688797,23.37610054,57.04859924,43.26253891,2.410000086,0.055870032300000004
0.1444805026,0.1395897985,0.1097136021,0.11109819409999999,0.1071367979,0.029931479700000003,1.607057953,0.02849530538888889,1.990043044,-0.055361461,0.847694814,1.697008014,41.93746948,890.9998169,997.9779053,20.59446907,20.34272957,19.97669983,21.46777916,23.37504005,56.98274994,43.26737976,2.194999933,0.0558700383
0.1443423986,0.13947370050000002,0.10961229800000001,0.11111470459999999,0.10716780420000001,0.030006331200000003,1.532672024,0.028417138,1.990301967,-0.201037407,0.847486019,1.774580002,41.84022903,894.2888184,997.9776001,20.59456062,20.34284973,19.9815197,21.46666908,23.37397957,56.91690063,43.27222061,2.397500038,0.0558700502
0.1444023967,0.139319098,0.1096987009,0.11115080120000001,0.1071864009,0.029775008600000003,1.150004005,0.028306861444444446,1.990561008,-0.09493953,0.847276986,1.837043047,41.84022903,894.3851929,997.9772949,20.59465981,20.34296036,19.98634911,21.46557045,23.37291908,56.89089966,43.27706146,2.414999962,0.05587006209999999
0.14409120079999999,0.1391144991,0.10987750290000001,0.1111868024,0.10722210409999999,0.0294416308,1.748682022,0.028181362138888888,1.990821004,-0.196865097,0.847068191,1.771754026,41.84022903,889.460083,997.9771118,20.59476089,20.34308052,19.99118042,21.46446037,23.3718605,56.87817001,43.2818985,2.150000095,0.05587006209999999
0.1438959956,0.138893199,0.10976129770000001,0.1113847017,0.10726490019999999,0.0292830497,1.436828995,0.028138972388888888,1.991080046,-0.194123194,0.846859276,1.827057958,41.84022903,888.7808228,997.9766846,20.59486008,20.34320068,19.99600983,21.46335983,23.37080002,56.86544037,43.28673935,2.002500057,0.0558700681
0.1437908053,0.1389261007,0.10938580040000001,0.11139249799999999,0.1073076963,0.0294840693,1.208660984,0.028178388805555555,1.991338968,-0.227144703,0.846650481,1.890588999,57.35097885,884.257019,997.9763794,20.59495926,20.34332085,20.0008297,21.46224976,23.36973953,56.85271072,43.2915802,2.19749999,0.05587008
0.1438233018,0.13904360529999998,0.10939470529999999,0.1113188982,0.1073505044,0.0295188397,1.148579025,0.02826116561111111,1.991598964,-0.245205104,0.846441627,1.808138013,62.52122116,882.6558228,997.9760742,20.59505081,20.3434391,20.0056591,21.46114922,23.36867905,56.83998108,43.29642105,2.067500114,0.055870091899999995
0.1439015985,0.139161098,0.1095497012,0.11124540570000001,0.10736119749999999,0.0294647306,1.8159179689999998,0.02829891627777778,1.991858006,-0.246874094,0.846022725,1.725468993,62.52122116,881.3510132,997.9758911,20.59514999,20.34354973,20.01049042,21.46003914,23.36763,56.80371094,43.3012619,2.24000001,0.055870091899999995
0.1441421986,0.13938720229999998,0.109355998,0.11131019589999999,0.10736119749999999,0.0297968507,1.72793808,0.028369443694444444,1.992117047,-0.234058902,0.845533729,1.786916018,62.52122116,885.5701904,997.9755859,20.59524918,20.34366989,20.01531029,21.45894051,23.36656952,56.75959015,43.30609894,2.207499981,0.055870097900000006
0.14443680050000002,0.1396494985,0.10937680009999999,0.1112895966,0.10736119749999999,0.030019271400000002,1.49190197,0.028438000138888888,1.992377043,-0.096250862,0.845044672,1.751598001,62.55747986,886.7473145,997.9752808,20.59535027,20.34379005,19.9070797,21.45783043,23.36551094,56.71546936,43.31093979,2.335000038,0.0558701098
0.1445224047,0.1397953987,0.10950789450000001,0.11122499699999999,0.10736119749999999,0.0301622093,1.5984749790000001,0.02839794372222222,1.992635965,-0.195553705,0.844555676,1.732561946,62.60583115,889.0336914,997.9749756,20.59544945,20.34391022,19.87059975,21.45672989,23.36445045,56.67136002,43.31578064,2.202500105,0.0558701217
0.1445382953,0.139902401,0.10950490239999999,0.1112421036,0.10736119749999999,0.030305141200000003,1.028411007,0.02836747275,1.992895007,-0.1651548,0.844066679,1.70342505,62.65417862,892.2484131,997.9746704,20.59553909,20.34402084,19.87059975,21.45562935,23.36338997,56.62723923,43.32062149,2.170000076,0.0558701217
0.14486119749999998,0.1400972009,0.1094571948,0.11128629450000001,0.10736119749999999,0.030448079099999997,1.263733006,0.028312833583333332,1.993155003,0.478585213,0.843577683,1.663928986,62.70251846,897.6094971,997.9744263,20.59564018,20.3441391,19.87059975,21.45451927,23.36232948,56.58311844,43.32545853,2.24000001,0.05587012770000001
0.1451308966,0.14032109980000002,0.10950789450000001,0.1112462997,0.10736119749999999,0.030624848599999997,1.4368269919999999,0.028208527027777777,1.993414044,0.003171254,0.843088686,1.652557015,62.75086975,899.1286011,997.9741211,20.59573936,20.34425926,19.87059975,21.45340919,23.3612709,56.53900146,43.33029938,2.132499933,0.0558701396
0.1453488946,0.1405451059,0.10959130530000001,0.1111781001,0.10736119749999999,0.030812910199999998,1.537677956,0.02815652847222222,1.993672967,-0.181009904,0.84259969,1.608044028,68.61624146,901.4246826,997.973877,20.59584045,20.34437943,19.90945053,21.45231056,23.36021042,56.52941132,43.33514023,2.337500095,0.0558701515
0.1455667973,0.1407690048,0.1095585942,0.1111099005,0.10736119749999999,0.0310009688,1.358148956,0.028126082944444443,1.993932009,-0.227144599,0.842110813,1.567072034,70.56733704,905.1262207,997.9735718,20.59593964,20.34449959,19.92239952,21.45120049,23.35914993,56.53133011,43.33998108,2.217499971,0.0558701515
0.1456619978,0.14099299910000002,0.1094751,0.11114259959999999,0.10736119749999999,0.0312396109,1.3931960110000001,0.028095612000000002,1.994192004,-0.2344165,0.841621816,1.580911994,70.56733704,909.0410767,997.9733276,20.59604073,20.34461021,19.92239952,21.45009995,23.35810089,56.5332489,43.34481812,2.412499905,0.055870157499999996
0.1458927035,0.14121689799999998,0.1093878031,0.1112089992,0.10736119749999999,0.0314951211,1.408932018,0.028066139222222224,1.994451046,-0.198474407,0.84113282,1.56308198,70.56733704,911.0120239,997.9730225,20.59613037,20.34473038,19.92239952,21.4489994,23.35704041,56.53517914,43.34965897,2.454999924,0.0558701694
0.1461822987,0.1415465951,0.1093003988,0.11119760270000001,0.10736119749999999,0.0318855792,1.1879179949999998,0.028054887972222223,1.994709969,-0.156273693,0.841125786,1.540364981,70.56733704,913.5532837,997.9727173,20.59622955,20.34485054,19.92239952,21.44788933,23.35597992,56.53710175,43.35449982,2.162499905,0.0558701813
0.1464717984,0.141911602,0.1094393969,0.1111601949,0.10736119749999999,0.032116168699999996,1.189348984,0.02804261102777778,1.994969964,-0.221899301,0.841279685,1.521348953,58.44578934,916.5009155,997.9724121,20.59633064,20.3449707,20.01652908,21.44677925,23.35491943,56.53902054,43.35934067,1.995000005,0.0558701813
0.1467612982,0.14214049580000002,0.1096539974,0.11112279890000001,0.1073547006,0.0322784811,1.389620018,0.02801711188888889,1.995229006,-0.2467549,0.841433525,1.440526009,54.40526962,917.237793,997.9721069,20.59642982,20.34509087,20.04789925,21.44568062,23.35386086,56.54093933,43.36418152,2.359999895,0.0558701873
0.14686629769999998,0.1418998957,0.109868598,0.1110854983,0.1073559999,0.0322779208,1.343128014,0.02799791761111111,1.995488048,-0.246039599,0.841587186,1.415614009,54.40526962,920.3969727,997.9718018,20.59653091,20.34519958,20.04789925,21.44458008,23.35280037,56.54285812,43.36901855,2.49000001,0.055870199200000005
0.1465294957,0.1415179014,0.110226202,0.1112306952,0.1073606014,0.0317441791,1.6900329589999998,0.02796713936111111,1.99801302,-0.210097507,0.841741085,1.465214014,54.40526962,923.526123,997.9716187,20.59662056,20.34531975,20.04789925,21.44347,23.35173988,56.54478073,43.35774994,2.287499905,0.0558702111
0.1464136004,0.1411357999,0.1103811979,0.11153529879999999,0.1073652983,0.0312325895,1.62530098,0.02790552775,2.001292944,-0.233582094,0.841894925,1.499277949,54.70407867,923.6226196,997.9713135,20.59671974,20.34543991,20.00083923,21.44236946,23.3506794,56.54669952,43.34111023,1.995000005,0.0558702111
0.14598089460000002,0.1407538056,0.1104526997,0.1116423965,0.1073698997,0.0307815909,1.369235992,0.02782936097222222,2.004573107,-0.246099293,0.842048705,1.368424058,54.80368042,922.8284912,997.9708862,20.59682083,20.34556007,19.98925018,21.44125938,23.34962082,56.54862976,43.32445908,2.295000076,0.055870217099999994
0.1454694033,0.1405596018,0.1100592971,0.1118556976,0.1073745012,0.0307008088,1.483318996,0.02777902813888889,2.007853985,-0.228456005,0.842202485,1.37817502,54.80368042,925.1137695,997.9705811,20.59692001,20.3456707,19.99473,21.44016075,23.34856987,56.55054855,43.30781937,2.157500029,0.05587022900000001
0.145263195,0.140428102,0.10976129770000001,0.11188130380000001,0.10743989940000001,0.030743441,1.6263700490000002,0.02774592293611111,2.011133909,-0.187804997,0.84506619,1.394719005,54.80368042,928.4257202,997.9703979,20.5970192,20.34579086,20.00020027,21.4023304,23.35013008,56.55247116,43.29117966,2.265000105,0.05587022900000001
0.1451514959,0.14029649500000002,0.1097702026,0.1116677999,0.10752550359999999,0.0306351215,1.278756046,0.027721415625,2.014414072,-0.2295288,0.848833203,1.409137964,54.80368042,929.2536011,997.9700928,20.59711075,20.34590912,20.00567055,21.39081955,23.35256958,56.55438995,43.2745285,2.127500057,0.0558702528
0.1450397015,0.14032020569999998,0.10985360150000001,0.1116304994,0.1075469017,0.0304764688,1.6213689800000002,0.027698896197222222,2.017693996,-0.247291297,0.852600217,1.395745993,58.21247101,929.0042725,997.9697876,20.59720993,20.34602928,20.01114082,21.39216042,23.35500908,56.56914139,43.25788879,2.210000038,0.0558702528
0.1452636957,0.1403956056,0.1099370956,0.1116693974,0.1075469017,0.0303936213,1.474738026,0.02769922680277778,2.020973921,-0.247291297,0.856680214,1.285765052,59.34873962,928.671814,997.9694824,20.59730911,20.34614944,20.01660919,21.39351082,23.35744095,56.5881691,43.24124908,2.095000029,0.0558702588
0.1452177048,0.1402436018,0.1100204945,0.1115463018,0.1075469017,0.0303360403,1.6056270600000002,0.027682342530555553,2.018616915,-0.207951605,0.86086458,1.378137946,59.34873962,933.0889282,997.9691772,20.5974102,20.34626007,20.02209091,21.39484978,23.35988045,56.60720062,43.22460938,2.055000067,0.0558702588
0.1450443029,0.14024749990000002,0.1098984003,0.11167730090000001,0.1075469017,0.0302784503,1.414653969,0.02766562143888889,2.014379978,0.017953379,0.865048885,1.281291962,59.34873962,933.4047241,997.9688721,20.59749985,20.34638023,20.02755928,21.39619064,23.36231995,56.6262207,43.20795822,2.210000038,0.0558702826
0.1451159954,0.1403285027,0.11002949479999999,0.11163280010000001,0.1075469017,0.0302208692,1.20079298,0.02765171475,2.010143042,-0.097442932,0.86923331,1.353376985,59.34873962,935.286377,997.9686279,20.59760094,20.3465004,20.03302956,21.39753914,23.36475945,56.64524841,43.21171951,2.230000019,0.0558702826
0.1452694058,0.1404095054,0.1099907041,0.11149569749999999,0.1075469017,0.030355161400000004,1.094929981,0.027632342444444444,2.005907059,-0.139882103,0.872301698,1.318761945,66.59546661,935.7797852,997.9683228,20.59770012,20.34662056,20.03849983,21.39888,23.36720085,56.66427994,43.22229004,2.220000029,0.0558702886
0.14526339770000002,0.1403359056,0.1098595977,0.1114881992,0.1075469017,0.0305534095,1.1550149920000001,0.027603200277777778,2.001669884,0.274018914,0.874998271,1.282014966,69.01103973,935.4260254,997.9680786,20.5977993,20.34674072,20.04397964,21.40022087,23.36963081,56.68330002,43.23284912,2.332499981,0.0558702886
0.1452043056,0.1402107954,0.1102380991,0.11152410509999999,0.1075469017,0.0301710099,1.051299,0.027603200277777778,1.997432947,0.158026397,0.877694786,1.303182006,69.01103973,937.2241821,997.9677734,20.59790039,20.34684944,20.04944992,21.40156937,23.37207031,56.70233154,43.2434082,2.339999914,0.0558703125
0.1450801015,0.1402132034,0.1102643013,0.11155990360000001,0.1075469017,0.030003011200000002,1.048435974,0.027598898147222224,1.993196964,-0.137617096,0.880391419,1.21439898,69.01103973,938.057373,997.9675293,20.59799004,20.3469696,20.0549202,21.40291023,23.37450981,56.72135925,43.2539711,2.224999905,0.0558703125
0.14493429659999998,0.1401183009,0.1101165056,0.1115957022,0.1075469017,0.030153909299999997,1.458998013,0.02757273356111111,1.988960028,-0.234654993,0.883825004,1.257197976,69.01103973,940.1503906,997.9672241,20.59808922,20.34708977,20.06039047,21.40426064,23.37694931,56.74039078,43.26454163,2.332499981,0.055870318399999994
0.14493969680000002,0.1399768949,0.109968698,0.11163150070000001,0.1075469017,0.030190178800000002,1.1578720089999999,0.027557169597222222,1.989184976,0.276879787,0.88750428,1.279397011,61.33248138,940.6951294,997.9669189,20.59819031,20.34720993,19.91375923,21.40559959,23.37937927,56.75941086,43.27510071,2.387500048,0.055870318399999994
0.14468220469999998,0.1399803996,0.1098209023,0.1116672993,0.1075469017,0.0301679194,1.247282982,0.027547016144444443,1.990898013,0.005078595,0.891183615,1.209918022,58.77296066,940.5214844,997.9666138,20.59828949,20.34732056,19.86442947,21.40694046,23.38182068,56.77843857,43.28567123,2.217499971,0.0558703423
0.1447450995,0.1400321007,0.1096730947,0.1116366982,0.1075469017,0.030278879400000003,1.065604019,0.02753686057222222,1.992611051,-0.196626604,0.89486289,1.204872012,58.77296066,943.4381714,997.9663086,20.59839058,20.34744072,19.86442947,21.40829086,23.38426018,56.79747009,43.29623032,2.0625,0.0558703423
0.1447962999,0.1400838971,0.10983279939999999,0.1115839005,0.1075469017,0.030251520900000002,1.069184017,0.027519423166666664,1.994323015,-0.227085099,0.898542285,1.154643059,58.77296066,944.4249878,997.9661255,20.59848022,20.34756088,19.86442947,21.40962982,23.38669968,56.81650162,43.3067894,2.045000076,0.055870348199999996
0.1448567033,0.1401357055,0.1098582029,0.111531198,0.1075932026,0.0301632613,1.436112022,0.027511475880555553,1.996036053,-0.244012997,0.90222162,1.197365999,70.8311615,946.0177002,997.9658203,20.59857941,20.34767914,19.95496941,21.41098022,23.38913918,56.83552933,43.31735992,2.357500076,0.055870348199999996
0.1449372053,0.1401875019,0.10980449910000001,0.1115301967,0.1076071024,0.030261048699999998,1.43253603,0.027488625844444444,1.997748971,-0.240734696,0.905901015,1.214409947,74.85056305,945.7683105,997.9655151,20.5986805,20.3477993,19.98514938,21.41231918,23.39156914,56.85454941,43.32791901,2.295000076,0.055870372099999996
0.1450178027,0.1403077006,0.10975090270000001,0.1115465045,0.1076050043,0.0304208606,1.518365955,0.027472396427777778,1.999461055,-0.230720997,0.90958029,1.182494998,74.85056305,944.7279053,997.9650879,20.59877968,20.34790993,19.98514938,21.41366005,23.39401054,56.87358093,43.3384819,2.307499886,0.055870372099999996
0.1451421976,0.1404505968,0.1096971989,0.1115445971,0.1076030016,0.0305806696,1.220820045,0.02745153639166667,2.001173973,-0.242522895,0.913259625,1.256556988,74.85056305,945.3712158,997.9649048,20.59888077,20.34803009,19.98514938,21.41501045,23.39645004,56.89260864,43.34904861,2.457499981,0.055870378
0.14528130290000002,0.1405936003,0.1097643018,0.11153659819999999,0.1076009035,0.0307404786,1.262304974,0.027452532449999997,2.002887011,-0.166108504,0.91693902,1.166501045,74.85056305,944.7282715,997.9645996,20.59897041,20.34815025,19.98514938,21.41634941,23.39888954,56.91164017,43.35961151,2.289999962,0.0558703899
0.145420301,0.1406257987,0.1098716021,0.11152869459999999,0.10759890080000001,0.030771669699999997,1.1764739990000002,0.02743994818888889,2.004599094,-0.178923696,0.919759274,1.165480971,56.50780106,944.9282837,997.9642944,20.5990696,20.34827042,19.93808937,21.41769028,23.40133095,56.93066025,43.35242081,2.130000114,0.0558704019
0.1454486012,0.1406211019,0.1097911,0.1115206957,0.10759680270000001,0.030759990199999997,1.070611,0.02742554134722222,2.006311893,-0.232091904,0.922293425,1.216639996,50.39353943,945.6146851,997.9639893,20.59917068,20.34837914,19.92501068,21.41904068,23.40376091,56.94969177,43.33932114,2.025000095,0.0558704019
0.145439899,0.1407101989,0.1097731948,0.1115126967,0.10759479999999999,0.030748310699999996,1.02697897,0.027412959205555556,2.007744074,-0.236800805,0.924827576,1.321961999,50.39353943,944.9818726,997.9636841,20.59926987,20.3484993,19.92849922,21.42037964,23.40620041,56.96871948,43.32622147,2.202500105,0.0558704078
0.14567170140000002,0.1408306956,0.1097970009,0.11146390440000001,0.1075927019,0.0309266001,1.087780952,0.02742074118611111,2.009083986,-0.225356504,0.927361727,1.424649,50.39353943,942.1687012,997.9633789,20.59936905,20.34861946,19.93198013,21.42173004,23.40863991,56.98773956,43.31311035,2.224999905,0.05587041969999999
0.1458274961,0.140951097,0.1097314954,0.11140149829999998,0.1075906992,0.031168219400000002,1.228687954,0.027457167308333332,2.010422945,-0.128795505,0.929895818,1.425796986,50.39353943,936.348877,997.9630737,20.5994606,20.34873962,19.93547058,21.42307091,23.41107941,57.00677109,43.30001068,2.164999962,0.0558704317
0.1457190037,0.1408779025,0.10980299710000001,0.1114271045,0.10758860109999999,0.031143239099999998,1.345275021,0.02752471923888889,2.011761904,-0.2012759,0.93242991,1.417243958,68.61065674,933.1660156,997.9628296,20.59955978,20.34885979,19.93895912,21.42440987,23.41352081,57.0257988,43.28691101,2.105000019,0.0558704317
0.1457087994,0.1409428954,0.10993009810000001,0.1114820004,0.1075865984,0.0310293794,1.420376015,0.027600218455555554,2.013101101,-0.244430199,0.934963882,1.346035957,74.68302917,933.4636841,997.9625854,20.59966087,20.34897041,19.94244003,21.42576027,23.41595078,57.04483032,43.27381134,2.292500019,0.0558704376
0.1457548976,0.1409108043,0.1100572944,0.1115368962,0.1075845003,0.0309155285,1.7329490660000002,0.027631015777777778,2.01444006,0.153257996,0.9381724,1.319022059,74.68302917,934.5385742,997.9622803,20.59976006,20.34909058,19.94593048,21.42709923,23.41839027,57.0638504,43.26070023,2.232500076,0.055870449499999995
0.1457615018,0.1408238053,0.1099102974,0.11155879500000002,0.10758249760000001,0.031000569500000002,1.612781906,0.027668766444444444,2.015779018,-0.04975855,0.941605687,1.34177804,74.68302917,935.6135864,997.9619751,20.59985924,20.34921074,19.94940948,21.42844963,23.42082977,57.07106018,43.24760056,2.400000095,0.0558704615
0.1457548976,0.1410189033,0.10967179540000001,0.11156970260000001,0.1075803995,0.0311519086,1.091353035,0.027724728055555557,2.017117977,-0.05786489,0.945038974,1.324326992,74.68302917,936.6884766,997.9616699,20.59995079,20.3493309,19.95289993,21.4297905,23.42326927,57.07432175,43.23450089,2.252500057,0.0558704615
0.1460281014,0.1413079977,0.109630096,0.1114586949,0.1075783968,0.0314575702,1.321669006,0.02779825,2.014064074,-0.105787702,0.948472202,1.290446043,56.56892014,937.7634277,997.9614258,20.60004997,20.34944916,19.83612061,21.43112946,23.42569923,57.0775795,43.22140121,2.142499924,0.0558704674
0.14623069760000001,0.1413552999,0.10983279939999999,0.1113070011,0.1075762987,0.0315251708,1.248715019,0.027817777000000002,2.009546041,0.677429199,0.951905489,1.323536038,50.53087997,938.8383789,997.9611206,20.60014915,20.34955978,19.7968998,21.43247986,23.42814064,57.08084106,43.22660065,2.377500057,0.0558704793
0.1462630033,0.1413218975,0.10982689859999999,0.1113525987,0.10757429599999999,0.0314962685,1.203654003,0.027816778805555553,2.005027056,0.202372998,0.955514014,1.298684955,50.53087997,937.829895,997.9608154,20.60025024,20.34967995,19.7968998,21.43382072,23.43058014,57.08411026,43.23789978,2.444999933,0.055870491300000005
0.1462566972,0.1412884951,0.1099639058,0.11146399970000001,0.10757230520000001,0.031467381100000004,1.5133600230000002,0.027799555472222223,2.000509024,0.123097599,0.959181011,1.311146021,50.53087997,937.9260254,997.9605713,20.60034943,20.34980011,19.7968998,21.43515968,23.43301964,57.08737183,43.24919891,2.297499895,0.055870491300000005
0.1462504983,0.1412551045,0.1099460006,0.1114832044,0.1075701952,0.0314384699,1.238702011,0.027787999055555557,1.995990038,-0.104118802,0.962847888,1.368831992,69.94358826,938.6218262,997.9603271,20.60043907,20.34992027,19.8753109,21.43651009,23.43545914,57.09062958,43.26050186,2.032500029,0.0558704972
0.1459887028,0.1410007954,0.1102082968,0.111471498,0.10756820439999999,0.0310651511,1.598480034,0.027775062986111113,1.991472006,0.158980101,0.966514826,1.268610001,76.41448975,937.0465698,997.960022,20.60054016,20.3500309,19.90143967,21.43785095,23.4378891,57.09389114,43.27180099,2.282500029,0.0558705091
0.14578870530000002,0.1408975959,0.11012480259999999,0.1116145015,0.1075660944,0.030818459399999998,1.528382015,0.02774658415,1.986953974,-0.115563102,0.970181823,1.316202998,76.41448975,937.9893799,997.9597168,20.60063934,20.35014915,19.90143967,21.43919945,23.44033051,57.09716034,43.28310013,2.082499981,0.0558705211
0.1456375957,0.140634203,0.110226202,0.1116286993,0.10756410359999999,0.0306522399,1.674297905,0.027736816405555555,1.986966968,0.324325889,0.973848701,1.373245001,76.41448975,936.4406128,997.9594116,20.60074043,20.35026932,19.90143967,21.44054031,23.44277,57.10042191,43.29441071,2.182499886,0.0558705211
0.14548649789999998,0.1406326056,0.10974340440000001,0.11158289910000001,0.10756200549999999,0.0308908403,1.059883976,0.027734828524999998,1.988489985,-0.043917179,0.975905776,1.251265049,76.41448975,938.1124878,997.9591064,20.60083961,20.35038948,19.90143967,21.44187927,23.4452095,57.10367966,43.30570984,2.0625,0.055870527
0.14533540009999998,0.140467298,0.1101726055,0.1115370035,0.1075978994,0.0304600686,1.746536064,0.027708502875,1.990013957,-0.242999703,0.977426171,1.32399404,70.32431793,938.3594971,997.9588013,20.60092926,20.35050964,19.90065956,21.44322968,23.44765091,57.10694122,43.31700897,1.977499962,0.0558705389
0.1453178048,0.1403609991,0.1101070046,0.111491096,0.1076465011,0.03035326,1.414655972,0.027688963147222224,1.991538048,-0.206521198,0.978946686,1.450330019,68.29425812,937.6411133,997.9584961,20.60103035,20.35062027,19.89962006,21.44457054,23.45008087,57.11021042,43.32830811,2.210000038,0.0558705389
0.1452162027,0.1403051019,0.10998179910000001,0.1114452958,0.10769519809999999,0.0304438114,1.0863470080000002,0.027679364947222222,1.993060946,-0.233701199,0.980467081,1.46102798,68.29425812,932.7050781,997.958313,20.60112953,20.35074043,19.89856911,21.44592094,23.45252037,57.11346817,43.33961105,2.132499933,0.0558705509
0.14507180449999998,0.1402493,0.10970159770000001,0.111440897,0.10770449639999999,0.0306764513,1.024118042,0.027664958105555557,1.994585037,0.007343601,0.981987596,1.45203495,68.29425812,930.0651855,997.9578857,20.60123062,20.3508606,19.8975296,21.4472599,23.45495987,57.11672974,43.35091019,2.049999952,0.0558705628
0.145262599,0.14043719770000002,0.10989830490000001,0.1114503026,0.1077007055,0.030421480499999997,0.8381457328999999,0.0276484002,1.997671962,-0.149180606,0.98350811,1.474403977,68.29425812,928.6593018,997.9575806,20.6013298,20.35098076,19.8964901,21.44860077,23.45739937,57.1199913,43.34270096,2.182499886,0.0558705688
0.1451315045,0.1402346015,0.1102797985,0.1113634944,0.1076969981,0.030200511200000002,1.740097046,0.02763184441388889,2.001279116,-0.242880493,0.985028505,1.394863009,48.89199829,927.253418,997.9572754,20.60143089,20.35110092,19.89545059,21.44994926,23.45984077,57.12324905,43.32799149,2.147500038,0.0558705688
0.1448557019,0.13987480400000002,0.1102202058,0.11144390109999999,0.10769319530000002,0.0300503105,1.315944958,0.027615286508333333,2.004885912,-0.205805898,0.984918118,1.468703032,42.42457962,927.4799194,997.9570923,20.60152054,20.35120964,19.89440918,21.45129013,23.46227074,57.13618088,43.31327057,2.24000001,0.055870580700000005
0.1446939945,0.139843297,0.11001360419999999,0.11159080269999999,0.10768949990000001,0.0299001187,1.001229,0.027602208455555555,2.0084939,-0.232032299,0.984264076,1.586349964,42.42457962,923.5963745,997.9567871,20.60161972,20.3513298,19.89336014,21.45262909,23.46471024,57.15232849,43.2985611,2.085000038,0.055870592600000005
0.144570303,0.1399212956,0.1098070025,0.11152199510000001,0.1076856971,0.030060130400000003,1.1635970119999999,0.027598232694444443,2.012100935,-0.243059397,0.983610213,1.511775017,42.42457962,922.237793,997.9564819,20.60172081,20.35144997,19.89232063,21.45397949,23.46714973,57.16847992,43.28385162,2.244999886,0.0558705986
0.1447005033,0.1399314046,0.10970519780000001,0.1115586996,0.10768200160000001,0.0301714212,1.345273972,0.02758200751388889,2.015708923,-0.239959896,0.982956171,1.516868949,42.42457962,921.046814,997.9561768,20.60181999,20.35157013,19.89127922,21.45532036,23.46958923,57.18463898,43.26913071,2.222500086,0.0558705986
0.14464260339999999,0.1399188995,0.10963850020000002,0.11144380570000001,0.1076781988,0.030232000399999997,1.434681034,0.02756578021666667,2.019315958,-0.216654107,0.982302189,1.623200059,59.86114883,920.8635254,997.9558716,20.60191917,20.35168076,20.05574036,21.45667076,23.4720192,57.20079041,43.25442123,2.032500029,0.055870610499999994
0.1447620988,0.13990629910000002,0.1095716953,0.1114879012,0.10767450329999999,0.0302925915,1.391051006,0.027551210191666668,2.018357992,-0.223449096,0.981648326,1.358136058,65.67333984,915.5023193,997.9556274,20.60201073,20.35180092,20.11064911,21.45800972,23.4744606,57.21694183,43.23970032,2.295000076,0.0558706224
0.1447523952,0.1398937941,0.1095049977,0.1114539981,0.10767070059999999,0.0303531706,1.345273972,0.02754061381111111,2.015877962,-0.242522895,0.980994284,1.542461991,65.67333984,917.8032227,997.9553223,20.60210991,20.35191917,20.11064911,21.45935059,23.4769001,57.23308945,43.22499084,2.392499924,0.0558706284
0.14485440249999998,0.1400171995,0.1094382048,0.11136859660000001,0.1076670051,0.030413758800000003,1.184342003,0.02752140468888889,2.013397932,-0.2451455,0.977554917,1.679957986,65.67333984,919.1738281,997.9550171,20.60220909,20.35203934,20.11064911,21.46069908,23.4793396,57.24924088,43.21026993,2.097500086,0.0558706284
0.1450180054,0.14018590449999999,0.10956460240000002,0.11128319499999999,0.1076632023,0.0304743409,1.219390011,0.027518761952777776,2.010917902,-0.218323007,0.973187029,1.787814021,51.89826965,906.3292236,997.9547729,20.60231018,20.3521595,19.96945953,21.46203995,23.4817791,57.26538849,43.19556046,2.262500048,0.055870640299999996
0.1451169014,0.1402752042,0.10975530149999999,0.111314702,0.1076594949,0.0304412097,1.805904961,0.027527698941666665,2.006705999,-0.237873599,0.968819082,1.773502946,47.30657959,902.0476074,997.9545288,20.60240936,20.35227013,19.92239952,21.46338081,23.48420906,57.28153992,43.20497894,2.132499933,0.0558706522
0.1451943994,0.1403378963,0.10969569679999999,0.11138499980000001,0.10765570399999999,0.0306027502,1.479028988,0.027571080525000003,2.001915932,0.321703315,0.964451313,1.712877989,47.30657959,897.7307739,997.9542236,20.60250092,20.35239029,19.92239952,21.46487045,23.48665047,57.29769135,43.22245026,2.1875,0.0558706582
0.1452718019,0.1405056,0.10955270530000001,0.1113469958,0.1076519966,0.0308396012,1.1857729909999999,0.02767505857777778,1.997127056,0.034642931,0.960083425,1.810292006,47.30657959,898.4022217,997.9539185,20.6026001,20.35251045,19.92239952,21.46640968,23.48908997,57.31383896,43.23992157,2.305000067,0.0558706582
0.1453683972,0.14070830350000002,0.1094810963,0.11127279999999999,0.10764820580000001,0.0310764611,1.372453976,0.027730028363888888,1.992336988,-0.2161773,0.955715477,1.679975033,47.30657959,895.4213257,997.9536133,20.60269928,20.35263062,19.92239952,21.46793938,23.49152946,57.30878067,43.25738907,2.105000019,0.055870682000000005
0.1457555056,0.1409108996,0.1094334006,0.1111986041,0.1076444983,0.0313133091,1.0083840370000001,0.027755192650000003,1.987547994,-0.247172102,0.951347589,1.619132042,72.46090698,896.3157959,997.9533081,20.60280037,20.35275078,19.86838913,21.46948051,23.49397087,57.29664993,43.27486038,2.194999933,0.055870682000000005
0.1457337976,0.14094979759999998,0.10955259799999999,0.1111243963,0.1076406956,0.0313405603,1.490474987,0.027807528166666668,1.982758045,-0.193288699,0.946979821,1.612604022,80.84568024,903.4949951,997.9530029,20.60289955,20.3528595,19.84839058,21.47101021,23.49640083,57.2845192,43.2923317,2.11500001,0.055870688
0.1457144022,0.1409340978,0.1097275019,0.1111601949,0.1076372981,0.03129794,1.457571983,0.027879721333333333,1.983245015,-0.202289104,0.942611873,1.660387039,80.84568024,905.6522217,997.9528198,20.6029892,20.35297966,19.84573936,21.47254944,23.49884033,57.27238083,43.30979919,2.227499962,0.055870688
0.1457517028,0.1409183979,0.1099022985,0.11123269799999999,0.1076339006,0.031094411,1.6063430790000002,0.02792638991666667,1.985489964,-0.238290906,0.938724995,1.597440958,80.84568024,905.2653809,997.9525146,20.60309029,20.35309982,19.84309006,21.47407913,23.50127983,57.26025009,43.32725906,2.257499933,0.05587071179999999
0.1457890034,0.14079339500000002,0.10989240410000001,0.1113051057,0.1076305032,0.031037509400000003,1.41894598,0.027928723222222222,1.987735033,-0.247291297,0.934998512,1.527611017,80.84568024,906.4249878,997.9520874,20.60318947,20.35321999,19.84044075,21.47562027,23.50371933,57.24811935,43.34473038,2.257499933,0.05587071179999999
0.1456756949,0.1406319976,0.1100890994,0.1113775015,0.1076271057,0.0307138413,1.376031017,0.027919417499999998,1.989979982,-0.247291297,0.931271911,1.469800949,65.57656097,911.6115723,997.9517822,20.60329056,20.35333061,19.83778954,21.4771595,23.50616074,57.23598862,43.36220169,2.200000048,0.055870717800000004
0.1455122948,0.1404705048,0.11019639969999999,0.11145000460000001,0.10762369629999999,0.0304697603,1.624943924,0.027897249861111112,1.99386704,-0.247291297,0.927545309,1.325698972,60.48685074,915.9204712,997.9515991,20.60338974,20.35345078,19.83513069,21.47868919,23.5085907,57.22386169,43.34864044,2.352499962,0.055870717800000004
0.1453487992,0.1403090954,0.10999369619999999,0.11152240040000001,0.1076202989,0.0305281997,1.340268993,0.027870750416666666,1.998301983,0.325994909,0.923154712,1.347584009,60.48685074,926.0938721,997.9512939,20.60349083,20.35357094,19.83247948,21.48023033,23.5110302,57.21173096,43.32472992,2.349999905,0.055870741599999996
0.1451853991,0.1403393984,0.109868598,0.1115502,0.1076159954,0.030427610900000002,1.0756179810000002,0.027858666305555554,2.002737999,0.117971502,0.918542624,1.326625943,60.48685074,930.0480957,997.9509888,20.60358047,20.35368919,19.82983017,21.48176003,23.5134697,57.19960022,43.3008194,2.105000019,0.055870741599999996
0.1451279044,0.1402744055,0.1100831032,0.11141200069999999,0.10761140579999999,0.0302474707,1.175757027,0.02785138872222222,2.007173061,1.000967979,0.913930595,1.242092967,60.48685074,934.5375977,997.9506836,20.60367966,20.35380936,19.82718086,21.48329926,23.51590919,57.18746948,43.27690887,2.359999895,0.055870747600000006
0.145105803,0.140318799,0.10980299710000001,0.11147919889999999,0.10760680439999999,0.0304713696,1.070611,0.02782672247222222,2.011607885,0.259236693,0.909318626,1.360643983,66.47048187,935.9379272,997.9503784,20.60378075,20.35391998,19.82452965,21.48483086,23.51833916,57.17533112,43.25299072,2.424999952,0.055870747600000006
0.14526679520000002,0.1404175043,0.1100592971,0.1113355041,0.1076022029,0.030326971400000003,1.401062965,0.027804194555555557,2.016042948,-0.210693493,0.904706478,1.336776018,68.46502686,934.9342041,997.9500732,20.60387993,20.35404015,19.8218708,21.48637009,23.52078056,57.16320038,43.2290802,2.184999943,0.0558707714
0.145322299,0.1405161023,0.10985369679999998,0.1113800049,0.1075976014,0.030630379899999997,1.333115005,0.027784332694444445,2.02047801,-0.156094804,0.901287496,1.257169008,68.46502686,933.06427,997.9498291,20.60397911,20.35416031,19.81921959,21.48790932,23.52322006,57.1754303,43.20516968,2.035000086,0.0558707714
0.1453842998,0.1406147957,0.10941259860000001,0.1113492012,0.1075929999,0.0311389297,0.9783429146,0.027765456305555554,2.018522024,-0.2129585,0.898266196,1.28650403,68.46502686,936.6384277,997.9495239,20.60407066,20.35428047,19.81657028,21.48944092,23.52565956,57.19578934,43.18125916,2.017499924,0.0558707774
0.1456254005,0.14115920070000001,0.1095883965,0.1112614036,0.10758839849999999,0.0310333014,0.8860731124999999,0.027746914758333335,2.014435053,-0.1765991,0.895244896,1.221428037,60.27000046,938.0004272,997.9492798,20.60416985,20.35438919,19.81391907,21.49098015,23.52809906,57.2161293,43.15734863,2.357500076,0.0558707774
0.1456946015,0.14120049480000002,0.109630096,0.1111734986,0.1075837016,0.0315290511,1.3145159720000001,0.027728373208333334,2.010346889,-0.220587999,0.892223597,1.183665037,57.53831863,942.0756836,997.9489746,20.60427094,20.35450935,19.81126976,21.49250984,23.53053093,57.23648071,43.16704941,2.410000086,0.0558708012
0.14592380519999998,0.14102469680000002,0.10982689859999999,0.111205101,0.1075791001,0.0313619107,1.413938999,0.02771181318611111,2.006259918,-0.159909606,0.889202297,1.148112059,57.53831863,943.4342041,997.9487305,20.60437012,20.35462952,19.80862045,21.49404907,23.53297043,57.25682831,43.18796158,2.412499905,0.0558708012
0.145767796,0.14084889890000002,0.1097911,0.11127640009999999,0.10757449869999999,0.031210809900000004,1.414653969,0.027711817422222222,2.002172947,-0.205329001,0.886324584,1.212630033,57.53831863,944.1539917,997.9484253,20.6044693,20.35474968,19.80596924,21.49558067,23.53540993,57.27717972,43.20886993,2.442500114,0.0558708072
0.145766902,0.1410159945,0.1096480012,0.11134779450000001,0.10756989720000001,0.031168571099999997,1.22010498,0.0276982371,1.998085976,-0.241807595,0.883494675,1.224331021,57.53831863,945.1898193,997.9481201,20.60456085,20.35486984,19.80331039,21.4971199,23.53784943,57.29753113,43.22977829,2.127500057,0.0558708191
0.1458691955,0.14096839430000002,0.10989830490000001,0.11125730279999999,0.1075652957,0.031126329299999998,1.5698710439999999,0.027678366766666667,1.993999004,0.072790504,0.880664885,1.186985016,57.19678879,944.1204224,997.9478149,20.60466003,20.35498047,19.80065918,21.49865913,23.54029083,57.31787872,43.25069046,1.967499971,0.055870830999999996
0.1457826018,0.14081120490000001,0.10999369619999999,0.11125730279999999,0.1075606942,0.0310840905,1.35672102,0.02766545189722222,1.989912033,0.334935695,0.877834976,1.20560801,57.08295059,944.3571167,997.9475098,20.60475922,20.35510063,19.79800987,21.50019073,23.54272079,57.33823013,43.27159882,1.950000048,0.055870830999999996
0.1456329942,0.1406538963,0.10999369619999999,0.1113054037,0.10755610470000002,0.030859550800000003,1.344559002,0.02765485763611111,1.985824943,0.496705204,0.875005186,1.177742004,57.08295059,945.265686,997.9473267,20.60486031,20.35522079,19.79536057,21.50172997,23.54516029,57.35858154,43.29251099,2.220000029,0.055870842899999995
0.1454833984,0.1404965997,0.110136795,0.11135360000000001,0.1075513959,0.030574250200000003,1.3710240360000001,0.027625386980555555,1.986039042,0.283674985,0.872175276,1.225656033,57.08295059,946.1744995,997.9470215,20.60495949,20.35533905,19.79270935,21.50325966,23.54759979,57.37892914,43.31341934,2.099999905,0.055870848900000006
0.14533369540000002,0.1404356003,0.1100146055,0.11140170099999999,0.10754679439999999,0.0304913312,1.1879179949999998,0.02760551876388889,1.987687945,-0.129987597,0.869345486,1.237208009,57.08295059,946.5941772,997.9467163,20.60504913,20.35545921,19.79006004,21.5048008,23.55003929,57.39928055,43.33432007,2.015000105,0.055870848900000006
0.14518409969999999,0.1402171969,0.1097880006,0.1114498019,0.1075422049,0.030644539,1.1213999749999999,0.027604855430555558,1.989336967,0.1003282,0.866515577,1.254492044,48.1199913,945.739624,997.9464111,20.60515022,20.35556984,19.78741074,21.50633049,23.55246925,57.41962814,43.35523987,2.160000086,0.0558708608
0.1451102018,0.14020780319999998,0.10970009570000001,0.11149799819999999,0.1075376034,0.0305215091,0.8875055313000001,0.02759293238333333,1.990985036,0.056458559,0.863685727,1.346117973,45.13233185,944.5147095,997.946106,20.6052494,20.35569,19.78474998,21.50786972,23.55491066,57.43997955,43.37614059,2.13499999,0.0558708727
0.1450616002,0.1402889967,0.1096583962,0.1114480019,0.1075330019,0.0304718286,1.284475994,0.027569751738888888,1.992634058,-0.090767153,0.860855877,1.251662016,45.13233185,941.1176147,997.9458008,20.60535049,20.35581017,19.78210068,21.50939941,23.55735016,57.46033096,43.37250137,2.095000029,0.0558708787
0.1451866031,0.1403702974,0.1096166968,0.11136529449999999,0.1075284004,0.0307349712,1.335260963,0.027560484144444446,1.994282007,-0.212839305,0.858026028,1.254914045,45.13233185,942.1917725,997.9454956,20.60544968,20.35593033,19.77944946,21.51094055,23.55978966,57.48067856,43.36067963,2.022500038,0.0558708787
0.1453695059,0.1404515982,0.10957499740000001,0.111282599,0.1075237989,0.030773338700000003,1.338121986,0.02754657321388889,1.995931029,0.52877301,0.856891811,1.263226986,58.73353958,943.0504761,997.9451904,20.60553932,20.35603905,19.77680016,21.51247025,23.56222916,57.50102997,43.34885025,2.375,0.0558708906
0.1452471018,0.14045389889999998,0.1097254992,0.11123960020000001,0.1075191021,0.0307088494,1.7715719220000001,0.027535315619444445,1.997580051,0.125124097,0.856322825,1.213961959,63.26728058,943.2601929,997.9448853,20.60564041,20.35615921,19.77415085,21.51400948,23.56465912,57.52138138,43.33702087,2.267499924,0.0558709025
0.1452119946,0.1404299974,0.10999369619999999,0.1112990975,0.10751450060000001,0.0304362506,1.8366619109999998,0.027518094380555556,1.999228001,-0.209262997,0.85575372,1.257248998,63.26728058,943.4697876,997.9445801,20.60573959,20.35627937,19.77149963,21.51555061,23.56710052,57.54172897,43.32519913,2.152499914,0.055870908500000004
0.1452399015,0.1403413057,0.1098863959,0.11122449640000001,0.1075098991,0.0304601908,1.2429889680000001,0.027520084380555556,2.000876904,0.376778811,0.855184674,1.268437982,63.26728058,943.6793823,997.9442749,20.60584068,20.35639954,19.76884079,21.51708031,23.56954002,57.56208038,43.31336975,2.282500029,0.055870908500000004
0.14502149820000002,0.1402310014,0.1096480012,0.11125529999999999,0.10750529769999999,0.030606091000000002,1.278754044,0.027509485880555556,2.002526045,0.198915899,0.854615688,1.28085494,63.26728058,943.4188843,997.9439697,20.60593987,20.3565197,19.76618958,21.51861954,23.57197952,57.58243179,43.30155182,2.472500086,0.0558709204
0.1450389028,0.1402358055,0.1099460006,0.11133949759999999,0.1075006962,0.0302642614,1.703623009,0.02747637218888889,2.004173994,-0.167896703,0.854046583,1.280907989,70.66349792,943.0015869,997.9437866,20.60602951,20.35663033,19.85964966,21.52014923,23.57442093,57.60277939,43.28971863,2.122499943,0.055870932299999995
0.1451622963,0.14027889970000001,0.1099221945,0.1113155007,0.10749609470000002,0.030349790999999997,1.7322349549999998,0.027460810344444444,2.005822897,-0.001597229,0.853477597,1.213875055,73.12889862,942.5842896,997.9434814,20.6061306,20.35675049,19.89101982,21.52169037,23.57685089,57.6231308,43.2779007,1.982499957,0.05587093829999999
0.1451359987,0.1404943943,0.1094810963,0.1112555027,0.10749150510000001,0.030809909099999998,1.4497039790000001,0.027432992722222223,2.007471085,-0.125338301,0.852908611,1.208451986,73.12889862,944.6481934,997.9431763,20.60622978,20.35687065,19.89101982,21.52322006,23.57929039,57.64347839,43.26607132,2.287499905,0.05587093829999999
0.1453204989,0.1405109048,0.1098863959,0.11119539739999999,0.1074671984,0.030607920900000002,1.3374070169999999,0.027424384222222223,2.009119987,0.25816381,0.852339625,1.21468997,73.12889862,945.4296875,997.9428711,20.60633087,20.35699081,19.89101982,21.52475929,23.57605934,57.6638298,43.25424957,2.112499952,0.055870950200000005
0.1451776981,0.1404420018,0.1097254992,0.1111353993,0.10743629930000001,0.030736950000000002,1.154300976,0.027419416638888888,2.01076889,0.02081445,0.85177052,1.215734005,73.12889862,945.5081787,997.942627,20.60643005,20.35710907,19.89101982,21.52629089,23.57094002,57.68418121,43.2424202,2.019999981,0.0558709621
0.145155704,0.14037300349999998,0.1096122026,0.11111580130000001,0.10740549559999998,0.0308050096,1.5963339810000001,0.02740583843611111,2.012417078,-0.212243304,0.851201475,1.202041984,64.42519379,945.5866699,997.9423218,20.6065197,20.3572197,19.67926025,21.52783012,23.56582069,57.6993103,43.23059082,2.3125,0.055870968099999994
0.1452198982,0.1403041005,0.10954070090000001,0.11110969779999999,0.1073747039,0.0307892591,1.563430023,0.02739789115,2.014065981,-0.246099204,0.850632429,1.183439016,61.52394867,945.6652222,997.9420166,20.60662079,20.35733986,19.60866928,21.52936935,23.56069946,57.71268082,43.21876907,2.222500086,0.055870968099999994
0.14517090319999998,0.1402351022,0.1094452977,0.11110359430000001,0.1073439002,0.030773499599999997,1.170746994,0.027392590841666665,2.012274027,-0.138928398,0.850063384,1.250926971,61.52394867,946.8137817,997.9417725,20.60671997,20.35746002,19.60866928,21.53089905,23.55558014,57.72605896,43.2069397,2.099999905,0.05587098
0.1450839996,0.1401661992,0.10956449509999999,0.1110975027,0.10731300120000001,0.0306488186,1.6392490389999999,0.027383323244444445,2.009334087,-0.209143698,0.849494398,1.225715041,61.52394867,945.3334961,997.9415283,20.60681915,20.35758018,19.60866928,21.53244019,23.55046082,57.73944092,43.19512177,2.267499924,0.0558709919
0.1449972034,0.1400972009,0.10941560269999999,0.1110913992,0.10728219750000001,0.0307486802,1.445411968,0.02743133968888889,2.006395102,-0.245503098,0.848925412,1.160037041,61.52394867,944.9492798,997.9412231,20.60692024,20.35769081,19.60866928,21.53396988,23.54534912,57.75281906,43.20109177,2.262500048,0.0558709979
0.1449754953,0.1401986003,0.1094393969,0.11108520029999999,0.1072514057,0.0306569904,1.8166330339999999,0.027498889500000002,2.003456116,-0.246933699,0.848356307,1.257891059,53.07513046,945.262207,997.940918,20.60700989,20.35780907,19.65571976,21.53550911,23.5402298,57.76620102,43.21298981,2.217499971,0.0558709979
0.1451686978,0.1409772992,0.1094691992,0.11107909680000001,0.10722049469999999,0.030801031,1.7644210820000001,0.027661810980555555,2.000515938,-0.139285997,0.847787321,1.348744988,50.25886154,945.5750732,997.9406128,20.60710907,20.35792923,19.68022919,21.53704071,23.53511047,57.77957916,43.22489929,2.142499924,0.0558710098
0.1453762054,0.1408089042,0.1094691992,0.1109866977,0.107189703,0.031531900200000004,1.1829079630000001,0.02784061008333333,1.997576952,-0.184824705,0.847218275,1.343770981,50.25886154,942.958374,997.9403076,20.60721016,20.35804939,19.69199944,21.53857994,23.52998924,57.72938919,43.23680115,2.307499886,0.0558710217
0.1453243017,0.1405156016,0.1097195983,0.11096680160000001,0.1072396994,0.0310893714,1.210805035,0.027964471194444448,1.994637966,-0.236323893,0.847575724,1.347705007,50.25886154,940.0930176,997.9400024,20.60730934,20.35816956,19.70376015,21.54011917,23.52486992,57.65800095,43.24871063,2.242500067,0.0558710277
0.1453348041,0.1405300021,0.1094810963,0.1109807014,0.10731660130000001,0.0310344785,1.092068958,0.028045917083333333,1.991698027,0.06384965,0.848241925,1.362979054,63.2098999,939.0134277,997.9396973,20.60741043,20.35828018,19.7155304,21.54165077,23.5197506,57.58662033,43.26060867,2.184999943,0.0558710277
0.1453930974,0.1406182051,0.10942740440000001,0.1109945059,0.10731890200000001,0.031095188899999997,1.13141098,0.02813369538888889,1.988759041,-0.085164197,0.848908126,1.378252983,67.5269165,938.4481812,997.9395142,20.60750008,20.35840034,19.7272892,21.54319,23.51462936,57.51522827,43.27251053,2.089999914,0.055871039600000005
0.1454514027,0.1404425979,0.1097494006,0.11100840569999999,0.10729639529999999,0.0308663905,1.585606003,0.028201584277777778,1.985820055,-0.227740705,0.849574327,1.374696016,67.5269165,937.8828735,997.9390869,20.60759926,20.35852051,19.73905945,21.5447197,23.50951004,57.44385147,43.28442001,2.337500095,0.055871051500000005
0.1453626037,0.1404252052,0.1095466018,0.1110223055,0.1072739005,0.0308959901,1.273036003,0.02826813802777778,1.986538053,-0.176122293,0.850240588,1.267307997,67.5269165,937.317688,997.9387817,20.60770035,20.35864067,19.75082016,21.54626083,23.50439072,57.37245941,43.29632187,2.362499952,0.0558710575
0.1453353047,0.1404898047,0.1095883965,0.111036098,0.10708110330000001,0.030839029,1.499769974,0.028336999694444445,1.988476038,0.581464291,0.850906789,1.310053945,67.5269165,939.3671875,997.9384766,20.60779953,20.35876083,19.76259041,21.54779053,23.49926949,57.30107117,43.30821991,2.122499943,0.0558710575
0.1453449011,0.1405544043,0.1094393969,0.1110499978,0.1070261955,0.0310136199,1.608488083,0.028396943416666667,1.990412951,0.242785498,0.85157311,1.314090014,62.11978912,939.8452148,997.9382935,20.60790062,20.35886955,19.68084908,21.54932976,23.49415016,57.22969055,43.32012939,2.372499943,0.055871069399999994
0.1453544021,0.14045850040000002,0.1099639058,0.11106389759999999,0.10703630449999998,0.030577969599999998,1.9074710849999998,0.02845888986111111,1.992349982,0.214651704,0.852158785,1.254974008,60.31740952,939.5089111,997.9379883,20.60799026,20.35898972,19.65262032,21.5508709,23.48903084,57.15830994,43.33203125,2.464999914,0.0558710814
0.1453639984,0.1405565977,0.10955259799999999,0.111077702,0.1070462942,0.03090581,1.195781994,0.028542304555555557,1.994287968,0.360923707,0.852717817,1.228224993,60.31740952,941.416687,997.9376831,20.60808945,20.35910988,19.65262032,21.55240059,23.48390961,57.08692169,43.34394073,2.174999952,0.0558710873
0.1453735948,0.1405740023,0.1097254992,0.11107679610000001,0.10705629590000001,0.0308310896,1.263733959,0.028616500444444443,1.996224999,-0.086594783,0.853276789,1.215594053,60.31740952,944.0725708,997.9373779,20.60819054,20.35923004,19.65262032,21.55393982,23.47879028,57.01552963,43.35583878,2.387500048,0.0558710873
0.1456393957,0.140636301,0.10971659419999999,0.11107079980000001,0.1070664048,0.0309363604,1.325247002,0.028669471749999998,1.998162985,0.289873898,0.853835821,1.253723979,60.31740952,944.7365723,997.9370728,20.60828972,20.35934067,19.65262032,21.55348969,23.47366905,56.94414902,43.36774063,2.174999952,0.055871111200000004
0.1456972003,0.14073179959999998,0.1095376968,0.11106489900000001,0.1070763946,0.031183379900000002,1.597764969,0.02865358352777778,2.000099897,0.032139551,0.854394913,1.171300054,55.32149887,944.1652222,997.9368286,20.60839081,20.35946083,19.69024086,21.55237961,23.46854973,56.87276077,43.36180115,2.204999924,0.055871111200000004
0.1456570983,0.1407724977,0.1095108986,0.1110589981,0.10704540010000001,0.03123689,1.275895977,0.02844958411111111,2.002038002,0.1213094,0.854953825,1.180299997,53.65618896,945.472229,997.9365234,20.60848045,20.35957909,19.69396019,21.55127907,23.4634304,56.80138016,43.34989929,2.055000067,0.0558711171
0.1456169963,0.14079500439999998,0.1095347047,0.1110530972,0.10700089930000001,0.0312258989,1.039855003,0.028253555305555556,2.003320932,0.54856199,0.855512917,1.158385992,53.65618896,947.4686279,997.9362183,20.60857964,20.35969925,19.68218994,21.5501709,23.45830917,56.7846489,43.33800125,2.327500105,0.0558711171
0.1455770016,0.1407058001,0.1095585942,0.1110471964,0.1070593953,0.031214910699999997,1.2458519940000001,0.028199916416666665,2.004386902,0.122382298,0.85607183,1.110916018,53.65618896,948.1948853,997.9359741,20.60868073,20.35981941,19.67042923,21.54906082,23.45319939,56.786129,43.3260994,2.477499962,0.055871129
0.1455368996,0.1405792952,0.1095824003,0.1110412955,0.10715229509999999,0.0310930192,1.582738972,0.028195612166666665,2.005451918,-0.048804838,0.856630921,1.181864977,53.65618896,948.4978027,997.93573,20.60877991,20.35993004,19.65866089,21.54795074,23.44808006,56.78762054,43.31420135,2.369999886,0.055871141
0.1454097033,0.1404528022,0.1096061945,0.11104849580000001,0.1071755052,0.030934169900000003,1.84238205,0.028237999805555556,2.006517887,-0.092793733,0.857189775,1.138633966,55.98516083,948.8007202,997.9354248,20.60887909,20.3600502,19.64690018,21.5468502,23.44296074,56.78910828,43.3022995,2.367500067,0.0558711529
0.1452535033,0.1403264046,0.1095585942,0.11106009480000001,0.1071755052,0.03088606,1.7157810210000002,0.02830786175,2.007582903,-0.035930041,0.857748806,1.166092992,56.76148987,949.1035767,997.9351196,20.60897064,20.36017036,19.63513947,21.54574013,23.43783951,56.73350906,43.29040909,2.402499914,0.0558711529
0.1450973034,0.1401998997,0.1098626018,0.1110717058,0.1071755052,0.030418819200000002,1.469729996,0.0283820555,2.008649111,-0.156929299,0.858307779,1.130674958,56.76148987,949.4066162,997.9348145,20.60906982,20.36029053,19.62336922,21.54463005,23.43272018,56.65887833,43.27851105,2.3125,0.0558711588
0.1449321985,0.1400735021,0.1100772023,0.1110833049,0.10718580479999999,0.030039718700000002,1.435039043,0.028438332888888886,2.009713888,0.0618231,0.858866811,1.09236002,56.76148987,949.7094727,997.9345093,20.60917091,20.36039925,19.61161041,21.54352951,23.42760086,56.5842514,43.26660919,2.317500114,0.0558711708
0.1447643042,0.13994699719999998,0.1097373962,0.1110949993,0.1071995974,0.0303012997,1.4708020210000001,0.02850855508333333,2.010780096,-0.036883719,0.860818624,1.158077002,68.59731293,951.5183105,997.9342041,20.6092701,20.36051941,19.72631073,21.54241943,23.42247963,56.50962067,43.25471115,2.112499952,0.0558711827
0.1448735952,0.13990180489999998,0.10963610409999999,0.11110659839999999,0.10721340180000001,0.0303529292,1.149289036,0.0285337215,2.011845112,-0.209620699,0.86323458,1.104006052,72.54257965,951.8969116,997.934021,20.60936928,20.36063957,19.76552963,21.54130936,23.41736031,56.43498993,43.2428093,2.369999886,0.0558711827
0.1448469043,0.1398836017,0.1096678019,0.1111181974,0.10727089640000001,0.0302722812,1.334185982,0.028489000527777777,2.012911081,-0.186612904,0.865650713,1.165052056,72.54257965,951.6314697,997.9337158,20.60946083,20.36075974,19.76552963,21.54021072,23.4179306,56.36037064,43.23091888,2.1875,0.055871188599999996
0.1447440982,0.1398157001,0.1096997023,0.11112979650000002,0.1073431015,0.0301916391,1.727584076,0.028281722611111112,2.010381937,-0.224283606,0.868066728,1.186282992,72.54257965,948.9047852,997.9332886,20.60956001,20.3608799,19.76552963,21.53910065,23.42038918,56.3529892,43.21902084,2.269999981,0.055871200600000004
0.144641304,0.13973109720000002,0.1095108986,0.1111413956,0.10736119749999999,0.0302332103,1.2873410220000001,0.028096610166666668,2.006654978,0.113441497,0.870482683,1.099154949,72.54257965,950.439209,997.9329834,20.60965919,20.36099052,19.76552963,21.53799057,23.42285919,56.36803055,43.2233696,2.337500095,0.0558712125
0.1445371985,0.13973180059999998,0.1096151948,0.11115299460000001,0.10736119749999999,0.030098870399999998,1.571300983,0.02800552791666667,2.002928019,-0.097681351,0.872898698,1.085842013,76.23922729,951.2462769,997.9328003,20.60976028,20.36111069,19.85964966,21.53689003,23.42532921,56.38307953,43.23313904,2.242500067,0.0558712125
0.1444326997,0.1394696951,0.1098417997,0.1110977054,0.10736119749999999,0.0298923105,1.702194023,0.027960832388888888,1.999202013,0.06086937,0.875314713,1.105656981,77.47144318,951.2387695,997.9324951,20.60985947,20.36123085,19.89101982,21.53577995,23.42778969,56.39812088,43.24290085,2.1875,0.0558712184
0.14432079790000002,0.1394304991,0.1095585942,0.1112035036,0.10736119749999999,0.0299110711,1.35099802,0.02793269475,1.995475054,0.385361999,0.877730727,1.12547195,77.47144318,951.2288208,997.9321899,20.60994911,20.36134911,19.89101982,21.53466988,23.4302597,56.41315842,43.25267029,2.390000105,0.055871230400000006
0.14420640469999998,0.1392477036,0.10978510379999999,0.1111543059,0.10736119749999999,0.029708001,1.4060709949999999,0.02791644413888889,1.991747975,0.523050785,0.880146682,1.145287037,77.47144318,951.218811,997.9318848,20.6100502,20.36146927,19.89101982,21.53356934,23.43272972,56.42819977,43.26243973,2.220000029,0.0558712423
0.1440919995,0.1392169952,0.1098626018,0.11112860440000001,0.10736119749999999,0.029405939599999997,1.211522007,0.027898250166666666,1.988021016,-0.0111341,0.881031871,1.165102005,77.47144318,951.03479,997.9315796,20.61014938,20.3615799,19.89101982,21.53245926,23.4351902,56.44324112,43.27220917,2.297499895,0.0558712423
0.1440487027,0.13926490549999998,0.10956460240000002,0.1111348033,0.10736119749999999,0.0295362204,1.063457966,0.027878388305555554,1.984295011,-0.036645301,0.881406724,1.160874009,57.16799927,950.7927856,997.9312744,20.61025047,20.36170006,19.78293037,21.53134918,23.43766022,56.4582901,43.28197861,2.154999971,0.0558712482
0.14402910470000002,0.139162004,0.10942449569999999,0.11111559870000001,0.10736119749999999,0.0298106104,1.318807983,0.027858528555555557,1.985916972,-0.132729501,0.881781518,1.148630977,50.40018082,950.5507813,997.9310303,20.61034966,20.36182022,19.74690056,21.53023911,23.4401207,56.47333145,43.29175186,2.067500114,0.055871260199999995
0.1440096021,0.13910219669999999,0.10936490299999999,0.1110878944,0.10736119749999999,0.0297519803,1.005523014,0.027850555833333332,1.98932302,-0.231078595,0.882156312,1.060453057,50.40018082,950.3087769,997.9307251,20.61045074,20.36194038,19.74690056,21.52914047,23.44259071,56.48836899,43.3015213,2.292500019,0.0558712721
0.1439900041,0.1390735984,0.10956460240000002,0.1110602021,0.10736119749999999,0.0295823514,1.56557703,0.027836638555555557,1.992728949,0.145747706,0.882530987,1.194509983,50.40018082,952.4998779,997.930481,20.61054039,20.3620491,19.74690056,21.5280304,23.44506073,56.50651169,43.31129074,2.339999914,0.055871278
0.1439703941,0.1392853022,0.10926059480000001,0.1110324979,0.10736119749999999,0.0298321187,1.514076996,0.02781944486111111,1.996134996,0.197366104,0.8829059,1.328989029,65.99812317,951.6082764,997.9301758,20.61063957,20.36216927,19.83146095,21.52692032,23.4475193,56.5256691,43.32106018,2.089999914,0.055871278
0.1442306995,0.13957719799999999,0.1090548992,0.1110049009,0.10736119749999999,0.0302217007,1.035562992,0.027794250916666666,1.999539971,-0.131656602,0.883280694,1.272876024,71.1974411,945.8286743,997.9298706,20.61074066,20.36228943,19.85964966,21.52581978,23.44998932,56.54484177,43.31108093,2.377500057,0.05587129
0.1445842981,0.1398691058,0.10894759890000001,0.11097719669999999,0.10736119749999999,0.0306112885,1.025547981,0.02777489132222222,2.0029459,-0.083018437,0.883655488,1.326974988,71.1974411,943.2918701,997.9296265,20.61083984,20.36240959,19.85964966,21.5247097,23.4524498,56.56401062,43.29452133,2.222500086,0.0558713019
0.14493789669999999,0.14016089439999999,0.10901019569999999,0.1109495044,0.10736119749999999,0.0308935314,1.0605959889999999,0.027758339775,2.006351948,-0.193765506,0.884030282,1.264744997,71.1974411,942.2346802,997.9293213,20.61094093,20.36252975,19.85964966,21.52359962,23.45491982,56.58317947,43.27796173,2.107500076,0.055871307800000006
0.1449375987,0.14007929560000001,0.10954070090000001,0.110897994,0.10736119749999999,0.030633500200000004,1.6900310520000001,0.027748239305555554,2.009757996,-0.246218398,0.884405077,1.316544056,71.1974411,941.1774902,997.9290161,20.61103058,20.36264038,19.85964966,21.52249908,23.45738029,56.60234833,43.26139832,2.00999999,0.055871307800000006
0.145076704,0.1402482033,0.1095466971,0.1110213041,0.10736119749999999,0.030532661100000004,1.8895910260000002,0.027730358972222223,2.01316309,-0.1171128,0.884403408,1.260962009,52.41862869,940.913208,997.9287109,20.61112976,20.36276054,19.88318062,21.52139091,23.45985031,56.621521,43.24483109,2.160000086,0.0558713198
0.1451396942,0.1401998043,0.1095466971,0.1109536052,0.10736119749999999,0.030701538900000002,2.02334404,0.02772108713888889,2.016568899,-0.203302503,0.884276211,1.230615973,46.15903091,940.5977783,997.9285278,20.61123085,20.36288071,19.89101982,21.52028084,23.46232033,56.64067841,43.22827911,2.047499895,0.055871331700000006
0.1451488018,0.14039540290000002,0.10906389949999999,0.1110311031,0.10736119749999999,0.031135919699999997,1.485466003,0.027701878016666667,2.019974947,-0.245622396,0.884149075,1.308665037,46.15903091,942.6945801,997.9282227,20.61133003,20.36300087,19.89101982,21.51917076,23.46478081,56.65985107,43.21171188,2.267499924,0.0558713377
0.145402503,0.1407102942,0.1091474056,0.1109945059,0.10736119749999999,0.0312480092,1.651408958,0.027672076755555556,2.017199039,0.007105149,0.884021878,1.176959991,46.15903091,941.7202759,997.9279175,20.61142921,20.36311913,19.89101982,21.51807022,23.46725082,56.67901993,43.19514847,2.345000029,0.0558713377
0.1456789017,0.1410251975,0.1091055989,0.11089440580000001,0.10736119749999999,0.031553489000000004,1.932506943,0.027649226719444444,2.012362003,0.096990347,0.883894682,1.232311964,46.15903091,943.2393799,997.9276123,20.61152077,20.36322975,19.89101982,21.51696014,23.4697094,56.69818878,43.17858887,2.107500076,0.055871349599999995
0.1459357977,0.1411509037,0.10949310059999999,0.11079419850000001,0.107346499,0.031515049899999995,1.8187810899999999,0.027623396980555555,2.007525921,-0.160743997,0.883767605,1.209872961,64.38123322,943.9356079,997.9273071,20.61161995,20.36334991,19.77337074,21.51585007,23.47217941,56.71736145,43.19036865,2.183749914,0.05587136150000001
0.1460396051,0.1412135005,0.1095466971,0.11079080100000001,0.1073300004,0.0315939009,1.6578430180000001,0.02761545181388889,2.002688885,0.320272803,0.883640409,1.209817052,70.45529175,944.0733032,997.927002,20.61171913,20.36347008,19.73415947,21.51474953,23.47464943,56.73651886,43.21160126,2.388750076,0.055871367500000005
0.1460922956,0.1412760973,0.1094274998,0.1108194947,0.1073143959,0.031762081399999996,1.264451027,0.0276091618,1.997853041,0.06349203,0.883513272,1.199985981,70.45529175,944.256897,997.9266968,20.61182022,20.36359024,19.73415947,21.51363945,23.47710991,56.75569153,43.23283005,2.184999943,0.055871367500000005
0.14614499809999998,0.1412297964,0.10954070090000001,0.11084829570000002,0.1072988987,0.03167274,1.271603012,0.027594261169444446,1.993016005,0.02963607,0.883386075,1.138036966,70.45529175,944.4404907,997.9263916,20.6119194,20.36370087,19.73415947,21.51252937,23.47957993,56.77486038,43.25405884,2.144999981,0.0558713794
0.14596209529999998,0.14101749660000001,0.1097314954,0.110918498,0.1072834015,0.031497559,1.440404034,0.027577039930555554,1.988180041,-0.119497098,0.884096682,1.177487969,70.45529175,946.9866943,997.9260864,20.61200905,20.36381912,19.73415947,21.51143074,23.48204041,56.79402924,43.27529144,2.4375,0.055871391299999996
0.1457005978,0.1407621026,0.1099221945,0.1110025048,0.1072679043,0.031051749,1.561997032,0.02757273356111111,1.983343005,-0.227025405,0.885086715,1.109169006,62.90929031,947.838623,997.9257813,20.61211014,20.36393929,19.68709946,21.51032066,23.48451042,56.8132019,43.29652023,2.511250019,0.0558713973
0.14543919560000002,0.1405066967,0.10996990200000001,0.1110864997,0.1072811007,0.030818170299999996,2.032640076,0.027559818691666665,1.983826995,-0.243834198,0.886076629,1.130002022,60.39395905,949.2122803,997.9254761,20.61220932,20.36405945,19.67140961,21.50921059,23.4869709,56.83237076,43.31774902,2.486249924,0.0558713973
0.1453343987,0.1404286981,0.1096480012,0.11117049459999999,0.1073040009,0.0308728307,1.963978004,0.027544585333333333,1.986083031,-0.246218398,0.887066603,1.079200029,60.39395905,951.0358276,997.9251709,20.61231041,20.36417961,19.67140961,21.50811005,23.48944092,56.85152817,43.33898163,2.404999971,0.0558714092
0.1452816963,0.14024280309999998,0.10970170500000001,0.11117780209999999,0.1073268056,0.0307556987,1.8745710370000002,0.027533991072222222,1.98834002,0.004244098,0.888056517,1.082162023,60.39395905,952.8590698,997.9249878,20.61240959,20.36429024,19.67140961,21.50699997,23.49191093,56.87070084,43.36021042,2.417500019,0.0558714211
0.1449149013,0.1400012016,0.109630096,0.11115950349999999,0.10734970569999999,0.030560478600000003,1.6800159449999998,0.02751478407222222,1.99059701,0.1068848,0.89056021,1.083006024,62.66191864,953.3150024,997.9246826,20.61249924,20.3644104,19.78906059,21.50588989,23.49436951,56.88986969,43.38143921,2.25,0.0558714271
0.144788003,0.1400202036,0.10946320300000001,0.1111412048,0.1073724985,0.0305173486,1.290915012,0.027495744494444443,1.992853999,0.141098395,0.893568277,0.983150482,63.41791153,953.065979,997.9243774,20.61260033,20.36453056,19.8282795,21.50478935,23.49683952,56.90903854,43.37176895,2.309999943,0.0558714271
0.1447761059,0.1399384022,0.10976129770000001,0.1111230016,0.1073953986,0.0302589506,1.229403019,0.02747786203888889,1.99594295,-0.037360579,0.896576583,1.045356989,63.41791153,955.5776978,997.9240723,20.61269951,20.36465073,19.8282795,21.50367928,23.49930954,56.92821121,43.35179901,2.087500095,0.055871439
0.1445955992,0.139794004,0.1097136021,0.1111047029,0.1074182034,0.030242711300000003,1.333115005,0.027472396427777778,1.999308944,0.388938308,0.89958477,0.99255389,63.41791153,956.6115723,997.9238281,20.6128006,20.36477089,19.8282795,21.5025692,23.50177002,56.94738007,43.33182144,2.292500019,0.055871450899999994
0.1445327044,0.1397886992,0.1094990015,0.1111752033,0.1074411035,0.030336740600000002,1.059881973,0.027479021283333332,2.002675056,0.736796319,0.902593017,1.02363801,63.41791153,956.8366699,997.9235229,20.61289978,20.36487961,19.8282795,21.50145912,23.50424004,56.96654129,43.3118515,2.13499999,0.05587146280000001
0.1445276976,0.13982980250000002,0.1092844009,0.11113690140000002,0.1074638963,0.0305490911,1.510501957,0.027473392486111112,2.006042004,0.289158612,0.905601084,1.102571964,60.31063843,957.0620117,997.9232178,20.61298943,20.36499977,19.71418953,21.50036049,23.50670052,56.98571014,43.29187012,2.049999952,0.05587146280000001
0.1446336031,0.1398707986,0.109445405,0.11105250120000001,0.1074867964,0.030322670899999998,1.359580994,0.027456338669444445,2.009407997,0.322180092,0.90860939,1.101398945,59.27487946,954.8328247,997.9229736,20.61309052,20.36511993,19.67616081,21.49925041,23.50917053,57.004879,43.27190018,2.027499914,0.055871468800000004
0.1447764993,0.139911902,0.1097314954,0.11096810100000001,0.1075096011,0.0301734895,1.27374897,0.02743713378888889,2.012773991,-0.071931772,0.908996582,1.143344045,59.27487946,954.0709839,997.9227295,20.6131897,20.3652401,19.67616081,21.49814034,23.5116291,57.02405167,43.25193024,2.154999971,0.0558714807
0.14478770489999998,0.139952898,0.1096778035,0.11100310090000001,0.10753250119999999,0.0302876294,1.4904709820000002,0.02742934968611111,2.016139984,-0.241926804,0.908510327,1.103976011,59.27487946,952.4370117,997.9224243,20.61329079,20.36535072,19.67616081,21.49703979,23.51409912,57.02325821,43.2319603,2.224999905,0.055871492599999996
0.14475510119999999,0.1397135019,0.1096719027,0.11107779739999998,0.10753849740000002,0.0302944094,1.8559719090000002,0.027432327269444445,2.015362024,-0.246576101,0.908023775,1.133303046,59.27487946,952.057373,997.9221191,20.61338997,20.36547089,19.67616081,21.49592972,23.51656914,57.01581955,43.21197891,2.258332968,0.055871492599999996
0.14448360200000002,0.13968700169999998,0.1094691992,0.1111525059,0.1075389981,0.0302449197,1.8688489910000001,0.027462463377777777,2.013200998,0.0208144,0.90753752,1.110358,59.93941879,952.2775269,997.921814,20.61347961,20.36558914,19.83731079,21.49481964,23.51902962,57.00838089,43.19200897,2.291666985,0.0558714986
0.1444751978,0.1397626996,0.10934400559999999,0.11116230490000001,0.10753940340000001,0.0302432299,1.891736984,0.02758233812222222,2.011040926,0.201061696,0.907051086,1.075968981,60.16093063,952.4976196,997.9215088,20.6135807,20.3657093,19.89101982,21.4937191,23.52149963,57.00094986,43.17203903,2.390000105,0.0558715105
0.1445811987,0.1398383975,0.10954070090000001,0.1111503959,0.1075397968,0.030257469399999997,1.8638420100000002,0.02776114993611111,2.008881092,0.088049524,0.905513287,1.168462038,60.16093063,951.1682129,997.9212036,20.61367989,20.36582947,19.89101982,21.49261093,23.52396011,56.9935112,43.17556,2.180000067,0.0558715224
0.1446871042,0.139864397,0.10944230559999998,0.1111384988,0.1075402975,0.030428469200000002,1.172894001,0.027858193722222223,2.006720066,0.069571793,0.903625011,1.120689988,60.16093063,951.0366821,997.9208984,20.61377907,20.36594009,19.89101982,21.49150085,23.52643013,56.99367142,43.18690872,2.00999999,0.0558715224
0.1447929978,0.1401355982,0.109215796,0.1111266017,0.10754070280000001,0.030651721399999998,1.099940014,0.027878693472222223,2.004559994,-0.132729396,0.901736677,1.17869103,60.16093063,951.4768066,997.9207153,20.61388016,20.36606026,19.89101982,21.49040031,23.52890015,56.99634933,43.19826126,2.160000086,0.0558715284
0.14511120319999998,0.1402415037,0.1096063018,0.11111470459999999,0.1075410962,0.030529299399999998,1.453277969,0.0278740565,2.002398968,0.085546128,0.899848402,1.105448961,64.62236786,950.5618896,997.9202881,20.6139698,20.36618042,19.7968998,21.48929024,23.53136063,56.9990387,43.20960999,2.227499962,0.0558715403
0.14521659609999998,0.140389502,0.1094513059,0.1111029029,0.10754159690000001,0.030790188899999998,1.354572964,0.027855194944444443,2.000238895,0.07135997,0.897960126,1.122866988,66.10951233,950.8300171,997.9199829,20.61407089,20.36630058,19.76552963,21.48818016,23.53383064,57.00173187,43.22097015,2.109999895,0.055871552199999994
0.14539610149999999,0.1405796051,0.1096359968,0.1110910058,0.10754200220000001,0.030833891000000002,1.3159489629999999,0.02784161038888889,1.998078942,-0.121762,0.896071792,1.107825994,66.10951233,951.6428833,997.9196777,20.61417007,20.36642075,19.76552963,21.48707962,23.53628922,57.00442123,43.23231888,2.339999914,0.055871552199999994
0.14545429940000001,0.1406321049,0.10985670089999999,0.11107909680000001,0.10754239560000001,0.030749809700000002,1.587030983,0.02781911213888889,1.995918036,-0.04761273,0.895088971,1.06498301,66.10951233,953.5814819,997.9194946,20.61426926,20.36652946,19.76552963,21.48596954,23.53875923,57.0071106,43.24367142,2.407500029,0.055871558200000004
0.1454532027,0.1408833027,0.1094691992,0.1111093044,0.1075428963,0.0311628491,1.225821018,0.027792610583333332,1.993757963,-0.107099101,0.894408107,1.092434049,74.1140213,953.8253784,997.9191895,20.61437035,20.36664963,19.90670967,21.48485947,23.54122925,57.00979996,43.25502014,2.122499943,0.055871570100000004
0.1457620025,0.1412160993,0.1093798041,0.1110795975,0.1075433016,0.0314394712,0.9819173813000001,0.02777407116388889,1.99159801,-0.167419896,0.893727183,0.997883022,76.78218842,953.3793945,997.9188843,20.61445999,20.36676979,19.95376968,21.48376083,23.54368973,57.01248169,43.26638031,2.262500048,0.055871581999999996
0.1461742043,0.14154889580000002,0.1092188001,0.11102509499999999,0.10754369500000001,0.0319468588,1.022332001,0.027763637966666664,1.989436984,-0.228813604,0.893046319,1.078835011,76.78218842,955.4666138,997.9185791,20.61455917,20.36688995,19.95376968,21.48265076,23.54615974,57.01517105,43.27772903,2.144999981,0.055871581999999996
0.1464964986,0.1416986942,0.1093796968,0.1109706998,0.1075441957,0.0321832508,1.1181799890000002,0.02775502734722222,1.987277031,0.238613099,0.892365277,1.010434031,76.78218842,956.0255127,997.9182739,20.61466026,20.36700058,19.95376968,21.48154068,23.54862022,57.01786041,43.28908157,2.184999943,0.05587158800000001
0.146510005,0.1417876005,0.1096737981,0.11103630069999999,0.107544601,0.032029891,1.948955917,0.027736979591666665,1.985116005,-0.065375149,0.891684413,0.98733449,76.78218842,955.7937012,997.9180298,20.61475945,20.36712074,19.95376968,21.4804306,23.55109024,57.02054977,43.3004303,2.107500076,0.0558715999
0.1464305997,0.1415709019,0.10996789929999999,0.1111418009,0.1075451016,0.031788989899999995,1.9904420850000002,0.027715788947222222,1.982956052,-0.202348799,0.89100337,1.058020949,76.34951782,957.3444214,997.9177246,20.61486053,20.36724091,19.82258987,21.47933006,23.55355072,57.02323914,43.31179047,2.272500038,0.0558716118
0.1462324977,0.1412523985,0.1100234985,0.1112473965,0.10754549499999999,0.0315480888,1.957541084,0.027694596183333333,1.986366034,-0.075031303,0.890322506,1.031640053,76.20529938,956.8422241,997.9174194,20.61495018,20.36735916,19.77886963,21.47821999,23.55602074,57.02592087,43.32313919,2.242500067,0.0558716118
0.1459949017,0.14101170300000002,0.1099997044,0.111353004,0.1075459003,0.0313071996,1.75941391,0.027681350708333333,1.991631985,-0.183751807,0.889641583,1.069748044,76.20529938,956.3588867,997.9171753,20.61504936,20.36747932,19.77886963,21.47710991,23.55849075,57.02861023,43.33449173,2.375,0.055871617799999995
0.1457571983,0.1407968998,0.1100651979,0.11136430500000001,0.10754640099999999,0.031066301499999997,1.6006219860000002,0.027670752208333333,1.996898055,-0.037837401,0.888960719,1.051167011,76.20529938,956.1760864,997.9168701,20.61515045,20.36758995,19.77886963,21.47600937,23.56094933,57.03129959,43.32368088,2.309999943,0.0558716297
0.1455196023,0.1405822039,0.1099639058,0.11134430170000001,0.10754679439999999,0.0308254004,1.3803219800000002,0.027648237016666664,2.002163887,-0.145365804,0.887903512,1.070247054,76.20529938,955.9932861,997.916626,20.61524963,20.36771011,19.77886963,21.47489929,23.56341934,57.03398895,43.30546951,2.337500095,0.0558716416
0.1454056978,0.1403674006,0.110136795,0.11132420300000001,0.1076360941,0.030451008699999997,1.3917659759999998,0.02763465881388889,2.007430077,-0.236204699,0.886720896,1.091511965,72.38455963,955.8104248,997.9163208,20.61535072,20.36783028,19.83945084,21.47378922,23.56587982,57.05028152,43.28726959,2.255000114,0.0558716416
0.1451313019,0.1402495027,0.1101606011,0.11141799690000001,0.1077039957,0.0303034991,1.551982975,0.027619427575,2.012696028,-0.247291297,0.88553828,1.154456019,71.11097717,955.6276245,997.9160156,20.61544037,20.36795044,19.85783958,21.47267914,23.56834984,57.07110977,43.26906967,2.339999914,0.0558716476
0.1449630022,0.1401638985,0.1100970984,0.1115496993,0.1077178955,0.030246448500000002,1.803043938,0.027602206336111112,2.017961979,-0.102807499,0.884355724,1.095803976,71.11097717,953.6166992,997.9157104,20.61553955,20.36805916,19.8554306,21.47158051,23.57081985,57.09193039,43.25086975,2.432499886,0.055871659500000004
0.14485249520000001,0.1399585009,0.1100335002,0.11148129700000001,0.1077195048,0.030189389,1.361011982,0.027591942680555554,2.018188953,0.02117208,0.883173227,1.185719013,71.11097717,953.5421753,997.9154053,20.61564064,20.36817932,19.85301018,21.47047043,23.57328033,57.11275864,43.23265839,2.375,0.0558716714
0.14474190469999998,0.1399875998,0.10983870030000001,0.11152869459999999,0.1077211022,0.030132341400000002,1.158592987,0.027570082347222222,2.016735077,-0.173857301,0.881990612,1.115550041,71.11097717,952.4628906,997.9152222,20.61573982,20.36829948,19.85059929,21.46936035,23.57575035,57.13357925,43.21445847,2.214999914,0.0558716714
0.1447278976,0.1398260951,0.1102797985,0.1114207983,0.1077226996,0.0297077388,1.308796978,0.027559488083333333,2.015281916,-0.241211593,0.881938994,1.086254001,64.80142975,952.6868286,997.914917,20.61584091,20.36841965,19.84819031,21.46825981,23.57821083,57.15441132,43.19625092,2.402499914,0.0558716774
0.1447460055,0.1398319006,0.10980299710000001,0.1113749981,0.107724297,0.0300231308,1.126401043,0.027546738519444443,2.013828039,-0.173022896,0.882264376,1.19798398,62.69824982,953.5510254,997.9146118,20.61593056,20.36853981,19.84576988,21.46714973,23.58068085,57.17523956,43.17805099,2.390000105,0.055871689300000006
0.14476410150000002,0.1399248004,0.1096063018,0.1113739014,0.1077258945,0.030148130699999998,1.397486019,0.027531507280555555,2.010840893,0.130846202,0.882589877,1.144227028,62.69824982,950.8618774,997.9141846,20.61602974,20.36865044,19.8433609,21.46603966,23.58315086,57.19606018,43.18458176,2.150000095,0.0558717012
0.1447823048,0.14001770019999998,0.109630096,0.11119559999999999,0.1077275038,0.030346310100000003,1.237271023,0.027516276041666666,2.0073421,0.57168889,0.882915318,1.208058,62.69824982,950.3735962,997.9140015,20.61613083,20.3687706,19.84095001,21.46493912,23.58560944,57.2168808,43.19935989,2.335000038,0.055871707199999995
0.1450469971,0.1402596951,0.10942150349999999,0.11123750210000001,0.10772910120000001,0.0306219906,1.033417988,0.027501042683333334,2.003843069,0.370818198,0.883240819,1.114367008,63.9046402,948.2573242,997.9136963,20.61623001,20.36889076,19.83853912,21.46383095,23.58807945,57.23770905,43.21414185,2.359999895,0.055871707199999995
0.1451269031,0.1404257059,0.1095824003,0.11117219920000002,0.1077306986,0.030673021099999996,1.77085495,0.027492266761111113,2.000344038,-0.043678802,0.88356632,1.169175982,64.30677032,948.9271851,997.9133911,20.61632919,20.36901093,19.83612061,21.46272087,23.59053993,57.25854111,43.22891998,2.242500067,0.055871719099999995
0.14511779549999998,0.14054969550000002,0.10964200500000001,0.1112475038,0.107732296,0.030649161299999998,1.743674088,0.027480678558333332,1.996845007,-0.216773301,0.883891702,1.118337035,64.30677032,949.4019165,997.9130859,20.61642075,20.36912918,19.83370972,21.46162033,23.58691025,57.27936935,43.24369049,2.345000029,0.055871731
0.14529860020000002,0.1406738043,0.10961819889999999,0.1112120986,0.1076277018,0.030822938700000004,1.506921959,0.027461469438888886,1.993347049,0.207975894,0.884217083,1.044716954,64.30677032,949.3997192,997.9127808,20.61651993,20.36923981,19.83130074,21.46132088,23.58124924,57.30018997,43.25846863,2.408750057,0.055871742999999995
0.1455428004,0.1409644008,0.1093976021,0.11111680269999999,0.10755829809999999,0.0312546998,1.318095016,0.027445242138888888,1.989848018,-0.084687367,0.884230971,1.099334002,64.30677032,952.0103149,997.9124756,20.61661911,20.36935997,19.82888031,21.46129036,23.5755806,57.32101059,43.27325058,2.433749914,0.055871742999999995
0.1459172964,0.14109029769999998,0.1094751,0.11102149489999999,0.1075469017,0.031349349,1.2215350150000002,0.027447564866666666,1.988281012,-0.243476495,0.884141088,1.009606004,62.93869019,952.8806152,997.9121704,20.6167202,20.36948013,19.73414993,21.46125984,23.56991005,57.34183884,43.28802872,2.147500038,0.0558717489
0.14602179529999998,0.1411427021,0.1096737981,0.1110070944,0.1075469017,0.031310299,1.127836037,0.027435641819444443,1.987359047,-0.074554443,0.884051204,1.054188967,62.48266983,955.0595093,997.9119263,20.61681938,20.3696003,19.70277977,21.46122932,23.56425095,57.3626709,43.30281067,2.019999981,0.0558717489
0.1460973978,0.14119520189999998,0.10987249610000001,0.11101959939999999,0.1075469017,0.0312712401,1.333829975,0.02745782852222222,1.986436963,-0.188639507,0.88396132,0.986657977,62.48266983,956.5115967,997.9116821,20.61691093,20.36971092,19.70277977,21.46118927,23.5585804,57.38349152,43.31758118,2.0625,0.0558717728
0.1461841941,0.1414248943,0.10961819889999999,0.1110321045,0.1075083017,0.0315757096,1.518365955,0.027532335916666668,1.985514045,-0.246933699,0.883871377,0.974533916,62.48266983,957.4793701,997.911377,20.61701012,20.36982918,19.70277977,21.46116066,23.55291939,57.40431976,43.33235931,2.3125,0.0558717728
0.14626630540000002,0.1414791942,0.10945429799999999,0.1110445976,0.10746190550000001,0.0319946885,1.41894598,0.027613796658333335,1.984591961,0.33064419,0.883781374,0.974107623,62.48266983,958.4470825,997.9110718,20.6171093,20.36994934,19.70277977,21.46113014,23.54725075,57.42514038,43.34714127,2.247499943,0.0558717787
0.1463485003,0.14170609709999998,0.10937089920000001,0.1110571027,0.10741709470000001,0.0321172506,1.461861992,0.027712148030555557,1.983669996,0.675998688,0.88369149,0.916812718,66.47605896,960.324585,997.9108276,20.61721039,20.3700695,19.85481071,21.46109962,23.54158974,57.43257904,43.3619194,2.282500029,0.0558717787
0.1464305997,0.14176620239999999,0.1098507047,0.11094419959999999,0.1073724031,0.0318554014,1.8109109879999998,0.02777505450833333,1.982748032,0.008774105,0.883059621,0.905777872,67.80718994,960.869873,997.9105225,20.61730957,20.37018967,19.90549088,21.46106911,23.53591919,57.43555069,43.37670135,2.430000067,0.0558718026
0.14651279450000002,0.1417428017,0.1098744988,0.1109694958,0.10736119749999999,0.0318980396,1.574158001,0.02779624938888889,1.985702991,-0.223091498,0.88224709,0.915502012,67.80718994,961.9025879,997.9102173,20.61739922,20.37030029,19.90549088,21.4610405,23.53026009,57.43852997,43.39147949,2.424999952,0.0558718026
0.14649319649999998,0.1417194009,0.1096837997,0.11105480190000001,0.10736119749999999,0.032073909,1.479026985,0.027770421769444442,1.989951015,-0.240257904,0.881434619,0.9603194,67.80718994,962.369812,997.9099121,20.61750031,20.37042046,19.90549088,21.46100998,23.52458954,57.44150162,43.38138962,2.162499905,0.055871808499999995
0.1464396954,0.1416960001,0.11002949479999999,0.11107610459999999,0.10736119749999999,0.031702160800000004,1.6485479349999999,0.027757843866666666,1.994199038,-0.247529805,0.880622089,0.905319929,67.80718994,962.5338135,997.909729,20.61759949,20.37054062,19.90549088,21.46097946,23.5189209,57.44446945,43.36302948,2.035000086,0.055871808499999995
0.1463863015,0.1415328026,0.1098209023,0.11107610459999999,0.10736119749999999,0.03187778,1.6964719769999999,0.027747908697222223,1.998446941,-0.166227698,0.879809618,0.8852126,55.13613892,962.6975708,997.9094238,20.61770058,20.37066078,19.90278053,21.46095085,23.51325989,57.4474411,43.34466934,2.17750001,0.0558718324
0.1461585045,0.1411146998,0.11006530519999999,0.11107610459999999,0.10736119749999999,0.0314675987,1.415371037,0.027732512155555555,2.002693892,-0.217369303,0.880074918,0.889126599,50.91246033,962.8615723,997.9091187,20.61779976,20.3707695,19.89916039,21.46092033,23.50758934,57.45042038,43.32630157,2.244999886,0.0558718324
0.1458726048,0.14082670209999998,0.1100950003,0.1112203002,0.10736119749999999,0.031038281299999998,1.839521027,0.027715952130555555,2.006942034,-0.130822107,0.880699575,0.893040597,50.91246033,963.0255127,997.9088135,20.61790085,20.37088966,19.89554024,21.46088982,23.50193024,57.45338821,43.30794144,2.137500048,0.0558718383
0.1455867052,0.14060519929999998,0.1101366997,0.11127710340000001,0.10736119749999999,0.030694711200000002,1.6320940019999999,0.027705853780555557,2.011189938,-0.150849596,0.881324172,0.883684397,50.91246033,963.1893921,997.9085083,20.61799049,20.37100983,19.89192009,21.4608593,23.49625969,57.45635986,43.28956985,2.287499905,0.055871850300000005
0.1453009009,0.1403836966,0.1102321982,0.1112887025,0.10736119749999999,0.0303511292,1.672867012,0.027697906494444445,2.01543808,-0.227621496,0.881948829,0.907747686,64.39792633,963.3532715,997.9082031,20.61808968,20.37112999,19.7968998,21.46083069,23.49060059,57.45933914,43.27120972,2.327500105,0.0558718622
0.1451380014,0.1401623011,0.1101129055,0.1113003016,0.10736119749999999,0.030330929200000002,1.473307037,0.02768598556388889,2.014643908,-0.246635705,0.882573485,0.874510229,68.89308929,963.5172119,997.9078979,20.61819077,20.37125015,19.76552963,21.46080017,23.48493004,57.46231079,43.25283813,2.357500076,0.0558718622
0.14489279989999998,0.139814198,0.1099221945,0.1113119006,0.10736119749999999,0.030313280199999997,1.637104034,0.027672737969444444,2.012168884,-0.246397302,0.883198082,0.855336428,68.89308929,963.6812134,997.9075928,20.61828995,20.37136078,19.76552963,21.46076965,23.47927094,57.46527863,43.23448181,2.122499943,0.0558718681
0.1446066022,0.1397513032,0.10957050319999999,0.11137249469999999,0.10736119749999999,0.030260551000000004,1.823073006,0.027659494611111113,2.009695053,0.007224362,0.885530114,0.848618925,68.89308929,964.3928833,997.9072876,20.61838913,20.37148094,19.76552963,21.46073914,23.47360039,57.46825027,43.21611023,1.987499952,0.05587188010000001
0.14459060429999998,0.1397974968,0.1094691992,0.1113028049,0.10736119749999999,0.030366820100000004,1.919631958,0.027636313969444444,2.00722003,-0.1103177,0.888431311,0.841901302,68.89308929,965.2874146,997.9069824,20.61848068,20.3715992,19.76552963,21.46069908,23.46793938,57.47122955,43.21710968,2.037499905,0.055871892
0.1446645975,0.1398437977,0.10934400559999999,0.111184299,0.10736119749999999,0.030526089699999998,1.63567009,0.027620750002777777,2.00474596,-0.135650098,0.891332388,0.78790319,52.0805397,966.1818237,997.9066772,20.61857986,20.37171936,19.76552963,21.46067047,23.46227074,57.48683929,43.22455978,2.255000114,0.055871892
0.1447386026,0.1398900032,0.10954370499999999,0.111065805,0.10736119749999999,0.030337020799999996,1.197216034,0.02760237163888889,2.002270937,-0.079620913,0.894233525,0.77992332,46.47634888,967.0762939,997.9063721,20.61867905,20.37183952,19.76552963,21.46063995,23.45660019,57.50666046,43.23200989,2.342499971,0.0558718979
0.1446074009,0.13978400230000002,0.1098654985,0.11103910210000001,0.10736119749999999,0.030031838999999998,1.928214073,0.027581842211111113,1.999796987,-0.187924206,0.897134602,0.745270312,46.47634888,967.9707031,997.906189,20.61878014,20.37195015,19.76552963,21.46060944,23.45093918,57.52648163,43.23945999,2.184999943,0.0558719099
0.1446261048,0.1398018003,0.10955259799999999,0.1110430956,0.10736119749999999,0.030231389400000003,1.2930569650000001,0.027579689025,1.997321963,-0.231734306,0.899440587,0.734202981,46.47634888,968.8651733,997.9058838,20.61887932,20.37207031,19.76552963,21.46058083,23.44527054,57.54629898,43.2469101,2.085000038,0.0558719218
0.1445407033,0.13987779620000002,0.10935000180000001,0.11104700569999999,0.10736119749999999,0.0304438502,1.333113003,0.027577699025,1.994847059,-0.235787407,0.901548326,0.842579722,46.47634888,969.7595825,997.9055786,20.61897087,20.37219048,19.76552963,21.46055031,23.43960953,57.56612015,43.2543602,2.227499962,0.0558719218
0.1445857048,0.1399538994,0.1094334006,0.1110509038,0.10736119749999999,0.030415371099999998,1.8430980680000002,0.027546903822222222,1.99237299,-0.202825502,0.903656006,0.936345279,65.79508209,967.6190186,997.9052734,20.61907005,20.37231064,19.81258965,21.46051979,23.43394089,57.58594894,43.2618103,2.25,0.055871927700000004
0.14469380380000002,0.1400298953,0.1092188001,0.11105480190000001,0.1073459983,0.0306629598,1.7172100069999998,0.027528029547222225,1.992216945,-0.176479995,0.904415905,0.898052275,72.23465729,964.4667969,997.9050293,20.61916924,20.37241936,19.82304955,21.46048927,23.42827988,57.60577011,43.26926041,2.082499981,0.0558719397
0.1447307944,0.1399459958,0.10949300529999999,0.1109171033,0.1072950959,0.030515751200000003,1.567004013,0.027521078322222222,1.992835045,0.177934706,0.904726505,0.962079406,72.23465729,963.678772,997.9047241,20.61927032,20.37253952,19.81608009,21.46046066,23.42260933,57.62559128,43.27671051,2.292500019,0.055871951600000004
0.1447440982,0.14000370499999998,0.1093976021,0.1108896971,0.1072340012,0.030548349000000002,1.481173038,0.02749789767777778,1.993451953,-0.066448092,0.905037105,0.885720789,72.23465729,962.2346191,997.9044189,20.61936951,20.37265968,19.80911064,21.46043015,23.41695023,57.64540863,43.28416061,2.380000114,0.055871951600000004
0.1447574019,0.139971602,0.1097195983,0.1109148026,0.1071728945,0.0302841812,1.8695619579999998,0.027491605547222225,1.994070053,0.190928698,0.905347824,0.905488789,66.74482727,962.7089844,997.9041748,20.61945915,20.37277985,19.80212975,21.46039963,23.41127968,57.6652298,43.29161072,2.335000038,0.0558719575
0.14463249439999998,0.1398877978,0.1096539974,0.11094000340000001,0.1071117997,0.0302102596,1.911763954,0.027487964630555556,1.994688034,0.159814596,0.905658424,0.978111386,64.91487885,962.4063721,997.9038696,20.61956024,20.37290001,19.79516029,21.46036911,23.40560913,57.68505096,43.29906082,2.305000067,0.05587196949999999
0.14446150060000001,0.1396540046,0.1096063018,0.11096509699999998,0.107050705,0.030245670699999998,1.455426025,0.027474717033333332,1.995304942,-0.087071583,0.905969024,0.912584007,64.91487885,961.578186,997.9036255,20.61965942,20.37301064,19.78819084,21.4603405,23.39995003,57.70487976,43.30651093,2.127500057,0.055871981400000006
0.1442903996,0.1395666957,0.10938869710000002,0.1109902978,0.10707039830000001,0.030220559200000004,1.253722,0.027472727033333335,1.995923042,0.04048432,0.906279624,0.973617375,64.91487885,961.3237305,997.9033203,20.61976051,20.3731308,19.78121948,21.46030998,23.39427948,57.72470093,43.31396103,2.0625,0.055871981400000006
0.1444630027,0.1397200942,0.1090906978,0.1110154033,0.1071171045,0.0304593414,1.107089043,0.027468424902777774,1.99653995,-0.157883003,0.90579319,0.946657479,64.91487885,961.2612305,997.9030151,20.6198597,20.37324905,19.77424049,21.46027946,23.38862038,57.74451828,43.32141113,2.292500019,0.0558719873
0.14474999900000002,0.1392832994,0.1089447021,0.11088470219999999,0.1071637988,0.030792799599999997,1.195783997,0.027468757630555556,1.997158051,0.01246966,0.905041218,0.931517124,76.71705627,961.1989136,997.90271,20.61996078,20.37336922,19.76726913,21.46025085,23.38294983,57.76433945,43.32886887,2.430000067,0.055871999299999996
0.1449048996,0.1400429964,0.108849299,0.1107020974,0.1071575046,0.0304400593,1.790884972,0.027533991072222222,1.997776031,0.192478493,0.904289126,0.95723033,80.65112305,961.1364746,997.9024048,20.62005043,20.37347984,19.76029968,21.4602108,23.37729073,57.78416061,43.33631897,2.164999962,0.0558720112
0.14535499810000002,0.1411206961,0.1091652036,0.1105195045,0.1071362972,0.0308778614,1.575588989,0.027657835219444447,1.998393059,-0.118066497,0.903537095,0.881487012,80.65112305,961.0742188,997.9020996,20.62014961,20.37360001,19.75333023,21.46018028,23.37162018,57.80398941,43.34376907,2.077500105,0.0558720112
0.1455306053,0.1411373973,0.10917119980000001,0.11054929490000001,0.10711599590000001,0.0319316804,1.528380013,0.027782361777777775,1.99901104,-0.237218007,0.902785003,0.908150971,80.65112305,961.5761108,997.9019165,20.6202507,20.37372017,19.74636078,21.46014977,23.36595917,57.75315857,43.35121918,2.305000067,0.055872017100000004
0.14578759670000002,0.1412631035,0.109028101,0.1106498003,0.1070956945,0.0320311397,1.355288029,0.02790288925,1.999627948,-0.244132206,0.902032971,0.866855621,80.65112305,962.2661743,997.9016113,20.62034988,20.37384033,19.73937988,21.46011925,23.36029053,57.6787796,43.35866928,2.424999952,0.0558720291
0.14611480240000002,0.1412505984,0.1094571948,0.11055630450000001,0.1069867015,0.0317817688,1.5755869869999999,0.02800155638888889,2.000246048,-0.246576101,0.90128088,0.869359374,79.74237823,962.9561768,997.9011841,20.62044907,20.37396049,19.73241043,21.46009064,23.35462952,57.60440063,43.36611938,2.515000105,0.055872041
0.14616639609999998,0.1413025022,0.10948699710000001,0.1107164025,0.1068480015,0.0317635298,2.0598199839999998,0.028066139222222224,2.000864029,-0.127722606,0.90129137,0.864918709,79.43946075,963.6461792,997.9008789,20.62054062,20.37406921,19.72543907,21.46006012,23.34896088,57.5300293,43.37356949,2.157500029,0.055872041
0.1461261988,0.141051805,0.1096778035,0.1107215047,0.10690259929999998,0.0315629512,2.026205063,0.02814958361111111,2.001481056,-0.193169504,0.901556075,0.896925926,79.43946075,964.3363037,997.9006958,20.6206398,20.37418938,19.71846962,21.4600296,23.34329033,57.45565033,43.38101959,2.292500019,0.055872052900000004
0.1459367037,0.1408465028,0.10975530149999999,0.11090459820000001,0.1068972945,0.0312759101,1.6285179140000001,0.028234361000000003,2.002099037,0.694476426,0.901820719,0.97489351,79.43946075,964.4398193,997.9003906,20.62074089,20.37430954,19.71149063,21.45999908,23.33762932,57.38127136,43.37393188,2.394999981,0.0558720589
0.145697403,0.14069590569999998,0.1096480012,0.1110232949,0.1068505049,0.0311982602,1.486180019,0.0283095275,2.003010988,0.198439002,0.902085423,0.969002724,79.43946075,962.2619019,997.9000854,20.62084007,20.3744297,19.70451927,21.45997047,23.33196068,57.30688858,43.36199951,2.190000057,0.0558720589
0.1454581976,0.1402452946,0.11048840280000001,0.11109119649999999,0.1069993019,0.030207449199999997,1.918914986,0.028374445166666665,2.004023075,-0.161340103,0.902350128,1.028748989,86.95517731,961.1566162,997.8997803,20.62093925,20.37454987,19.84395981,21.45993996,23.32629967,57.23250961,43.35007095,2.082499981,0.05587207079999999
0.1452188969,0.1401227951,0.1100651979,0.11115909809999999,0.1070484996,0.0301800787,1.5727270130000002,0.02844597286111111,2.00503397,-0.229171202,0.902614713,0.965789199,89.4604187,960.640625,997.8994751,20.62103081,20.37466049,19.89101982,21.45990944,23.32062912,57.15813065,43.33813858,2.032500029,0.055872082700000006
0.1448053002,0.1398787022,0.1100592971,0.11122699979999999,0.1070426941,0.0300635904,2.515448952,0.02852055655555556,2.006045103,-0.244787902,0.902879417,0.946874499,89.4604187,960.1245728,997.8991699,20.62112999,20.37478065,19.89101982,21.45988083,23.31497002,57.08375931,43.32621002,2.297499895,0.0558720887
0.144827795,0.1397601008,0.10976129770000001,0.11129490140000001,0.1072224021,0.0300597191,2.11633091,0.028595195333333333,2.007055998,0.390726507,0.903144121,0.943310976,89.4604187,959.6085815,997.8989258,20.62122917,20.37490082,19.89101982,21.45985031,23.31530952,57.00938034,43.31428146,2.285000086,0.0558720887
0.1446269989,0.13971259590000001,0.1096093059,0.1111469984,0.1072563052,0.030151119799999997,1.617789078,0.02865955563888889,2.008066893,0.53532958,0.903524876,0.917807877,77.98042297,959.9813232,997.8986206,20.62133026,20.37501907,19.77337074,21.45981979,23.31765938,56.93500137,43.30234909,2.107500076,0.055872100599999995
0.1444645047,0.1396651983,0.10957349540000001,0.1112074018,0.1072209954,0.0301297486,1.2365559579999998,0.028697639027777777,2.009078026,0.175550506,0.903944492,0.907743871,74.15374756,960.9152222,997.8983765,20.62142944,20.3751297,19.73415947,21.45978928,23.32000923,56.86061859,43.29042053,2.262500048,0.0558721125
0.14482369420000002,0.13997830149999999,0.10978809599999999,0.11114770169999999,0.1071856976,0.0298629403,0.9797734261000001,0.028584026749999998,2.010088921,0.218704894,0.904364109,0.982296526,74.15374756,961.9373169,997.8980713,20.62151909,20.37524986,19.73415947,21.45974922,23.32235909,56.78623962,43.27848816,2.232500076,0.0558721185
0.1447651029,0.1399427056,0.11008609529999999,0.1110167027,0.1072530985,0.029934680499999998,1.811624908,0.028325110527777777,2.011101007,0.111057296,0.905491829,0.869403005,74.15374756,961.114624,997.8978271,20.62162018,20.37537003,19.73415947,21.45972061,23.32471085,56.7895813,43.2665596,2.170000076,0.0558721185
0.1446692944,0.1397508025,0.1097493052,0.11114619969999999,0.1072595,0.030142360899999998,1.559138012,0.028213500972222222,2.012111902,-0.111986697,0.906855583,0.921321273,74.15374756,961.4691772,997.897522,20.62171936,20.37549019,19.73415947,21.45969009,23.32704926,56.81880951,43.25463104,2.377500057,0.055872142300000004
0.1446248055,0.139736104,0.1096122026,0.1111770988,0.1072340012,0.0301331788,1.350996017,0.028217472500000004,2.013123035,-0.2236875,0.908219397,0.971238792,69.30780029,962.4213867,997.8972168,20.62182045,20.37561035,19.6635704,21.45965958,23.32939911,56.84804916,43.24269867,2.097500086,0.055872142300000004
0.1445803046,0.1397804976,0.1096658945,0.11114619969999999,0.10720870490000001,0.030051711199999998,1.5419690129999999,0.028276415944444445,2.01413393,-0.243834198,0.909583211,0.994275808,67.69248962,961.4802856,997.8969116,20.62191963,20.37571907,19.64003944,21.45962906,23.33175087,56.81045914,43.23077011,2.347500086,0.0558721483
0.1447296977,0.1398249984,0.1099877954,0.111115396,0.10722359420000001,0.029835089999999998,1.868131065,0.028347500694444444,2.015145063,-0.246218398,0.910947025,0.981579781,67.69248962,959.6876221,997.8966064,20.62200928,20.37583923,19.64003944,21.45960045,23.33410072,56.75059128,43.21884155,2.282500029,0.0558721483
0.14478319879999998,0.1398694038,0.1099460959,0.111084497,0.10725200180000001,0.029958438900000002,1.7315139769999999,0.028418583333333334,2.016155958,-0.0172139,0.912310779,0.988489926,67.69248962,959.2583008,997.8964233,20.62211037,20.3759594,19.64003944,21.45956993,23.33643913,56.6907196,43.20690918,2.339999914,0.05587217209999999
0.1446264982,0.1397755027,0.1098865032,0.1111994982,0.10728030200000001,0.0299452186,1.798752022,0.02847805658333333,2.017167091,-0.150253505,0.912175417,1.005905986,67.69248962,959.3078003,997.8961182,20.62220955,20.37607956,19.64003944,21.45953941,23.33879089,56.63085175,43.19498062,2.184999943,0.05587217209999999
0.1446424007,0.1398455024,0.10987060070000002,0.1113631964,0.1073086977,0.0298436999,1.781587982,0.02850488875,2.014064074,-0.240496293,0.91154021,1.023321033,54.55157852,958.7169189,997.895813,20.62231064,20.37619019,19.6635704,21.4595108,23.34114075,56.57098007,43.18304825,2.269999981,0.0558721781
0.1447334051,0.1399855971,0.1098546982,0.1112859964,0.1073371053,0.029994869200000003,1.5391099929999998,0.028483388694444445,2.009589911,-0.247291297,0.910905004,0.95797658,50.17127991,957.9125977,997.8953857,20.62240982,20.37631035,19.67140961,21.45948029,23.3434906,56.51111984,43.19470978,2.109999895,0.0558721781
0.1448243022,0.1399312973,0.1097344995,0.11112860440000001,0.10736550090000001,0.0302302599,1.491187,0.028307889305555556,2.005115986,-0.131060496,0.910269916,0.981783211,50.17127991,958.6256714,997.8952026,20.62249947,20.37643051,19.67140961,21.45944977,23.34584045,56.45124817,43.21422958,1.995000005,0.055872201899999994
0.14476269479999998,0.1399618983,0.10957950350000001,0.11109830140000002,0.1073938012,0.0303429306,1.439688015,0.028107221388888888,2.000641108,0.02892079,0.909634709,0.957423806,50.17127991,959.4760132,997.8948975,20.62260056,20.37655067,19.67140961,21.45941925,23.34819031,56.45103836,43.23374939,2.055000067,0.055872201899999994
0.144897294,0.14004230499999998,0.1098984003,0.1111103058,0.10742219690000002,0.0301000893,1.574155998,0.02800522275,1.996166945,0.163748607,0.908199191,0.90403831,50.17127991,960.203186,997.8945923,20.62269974,20.37667084,19.67140961,21.45939064,23.35053062,56.47072983,43.2532692,2.402499914,0.055872207900000005
0.1449602008,0.1401226997,0.1098656058,0.11112240550000001,0.10745060440000001,0.030097129900000002,1.670721054,0.027949583277777777,1.991691947,0.069691002,0.906496823,0.928325176,64.3598175,960.930481,997.8942871,20.62280083,20.37677956,19.86936951,21.45936012,23.35288048,56.49040985,43.272789,2.352499962,0.055872207900000005
0.1449718952,0.1402032018,0.10966290240000001,0.1111222029,0.1074591041,0.030390319199999998,1.209372044,0.02793997236111111,1.987218022,-0.166346997,0.904794514,0.870510519,69.08933258,961.6578979,997.8939819,20.62290001,20.37689972,19.93535995,21.45932961,23.35523033,56.51010132,43.29230881,2.420000076,0.0558722317
0.1450482965,0.1402835965,0.10975530149999999,0.1111179948,0.10746099950000002,0.0305433601,1.462574005,0.027932027194444445,1.982743979,-0.231793895,0.903092086,0.909363329,69.08933258,962.3851929,997.8936768,20.62298965,20.37701988,19.93535995,21.45929909,23.35758018,56.52978897,43.31182861,2.272500038,0.0558722317
0.145146203,0.1403640032,0.1096598983,0.1111137033,0.1074627995,0.030629539500000004,1.739385033,0.027900250749999998,1.983901978,-0.150491893,0.901389778,0.864687622,69.08933258,963.1124878,997.8933716,20.62309074,20.37714005,19.93535995,21.45926094,23.35993004,56.54946899,43.33134842,2.359999895,0.05587223770000001
0.1453434944,0.1407335043,0.1094691992,0.11110949519999999,0.107464695,0.03088471,1.584171963,0.02788566588888889,1.986938,-0.152280107,0.899687529,0.777428389,67.57167053,963.0183105,998.4893188,20.62318993,20.37726021,19.5727005,21.45923042,23.36227036,56.56916046,43.35086823,2.117500067,0.05587223770000001
0.1455737948,0.140811801,0.1098863959,0.11110529899999999,0.1074666023,0.03084701,1.845243073,0.027871083166666668,1.989974022,0.04584875,0.89798522,0.825186789,67.06578827,965.1760254,998.6876831,20.62328911,20.37737083,19.45181084,21.45919991,23.36462021,56.58884048,43.37039185,2.184999943,0.0558722615
0.1456944942,0.14087870119999998,0.10995199680000001,0.11110099550000001,0.1074684978,0.030932641,1.420378017,0.027853861916666667,1.993010044,0.214890093,0.896282792,0.765198529,67.06578827,966.6168823,998.6873169,20.6233902,20.37748909,19.45181084,21.45916939,23.36697006,56.60852814,43.36352158,2.089999914,0.0558722615
0.14577870369999998,0.1409849048,0.10983279939999999,0.11109679939999999,0.10747029779999999,0.031098181000000003,1.263735962,0.02782672247222222,1.996044993,0.242785603,0.895648003,0.733459592,67.06578827,967.538208,998.6868286,20.62347984,20.37760925,19.45181084,21.45914078,23.36931992,56.6282196,43.34785843,2.279999971,0.055872267499999996
0.1458629012,0.1410910964,0.1097136021,0.1112066984,0.10746059420000001,0.031263721,1.609925079,0.027810166666666667,1.999081016,-0.110913903,0.895369112,0.80157572,67.06578827,968.4594727,998.6864014,20.62358093,20.37772942,19.45181084,21.45911026,23.37166977,56.64789963,43.3321991,2.375,0.0558722794
0.14618760349999999,0.141376698,0.1095944047,0.1112192988,0.10744709969999999,0.031429261,1.345275974,0.027788306333333332,2.002116919,-0.1649165,0.895090103,0.776215971,61.65462112,968.223877,998.6859741,20.62368011,20.37784004,19.73415947,21.45907974,23.37401009,56.66759109,43.31653976,2.36500001,0.0558722913
0.1463595033,0.1415377021,0.1097702026,0.11118689779999999,0.10743349790000001,0.031594789,1.6442560199999998,0.027729367150000003,2.005152941,-0.221422493,0.894811213,0.782873213,59.85089111,967.6027222,998.6854858,20.6237793,20.37796021,19.8282795,21.45904922,23.37635994,56.68727112,43.30086899,2.345000029,0.0558722913
0.1464537978,0.1416373968,0.1100443959,0.11115440130000001,0.10742000339999999,0.0315464586,1.418947029,0.027693930730555556,2.008188963,-0.247291297,0.894532204,0.75377661,59.85089111,967.8364258,998.6851196,20.62388039,20.37808037,19.8282795,21.45902061,23.37870979,56.70695877,43.28520966,2.467499971,0.0558722973
0.1465481043,0.1417369962,0.1101397991,0.1111219049,0.10740640159999999,0.031426841,1.58416996,0.0276790301,2.011224985,-0.247291297,0.894253314,0.704835415,59.85089111,968.4182129,998.6846924,20.62397003,20.37820053,19.8282795,21.4589901,23.38105965,56.72665024,43.26953888,2.180000067,0.055872309200000005
0.1464952946,0.141720295,0.11017550229999999,0.11115080120000001,0.10739289519999999,0.0315335214,2.115609932,0.027663135527777778,2.014261007,-0.247291297,0.893974304,0.718079925,59.85089111,969.0211182,998.6843262,20.62406921,20.37832069,19.8282795,21.45895958,23.3834095,56.74633026,43.25387955,2.30250001,0.0558723211
0.1463933945,0.141664803,0.11000570059999999,0.11120020150000001,0.1074288011,0.031715649400000004,1.797318077,0.027645916408333335,2.011518002,0.235513598,0.893695414,0.697950721,66.44139862,969.6240234,998.6837769,20.6241703,20.37842941,19.89887047,21.45896912,23.38575935,56.76602173,43.23822021,2.440000057,0.0558723211
0.14636789560000002,0.141645503,0.10976719859999999,0.11124960180000001,0.1074813008,0.031897771400000004,1.38532896,0.027628695169444443,2.006848097,-0.037718229,0.89396888,0.713783205,68.638237,970.2269287,998.6834106,20.62426949,20.37854958,19.92239952,21.45899963,23.38809967,56.78570175,43.22254944,2.160000086,0.055872327099999994
0.14636820550000001,0.1416381955,0.1098863959,0.11125030520000001,0.10753380059999999,0.0318287104,1.838091087,0.027604524824999997,2.002177954,-0.203719705,0.894426584,0.700914383,68.638237,970.8297729,998.6829834,20.62437057,20.37866974,19.92239952,21.45902061,23.39044952,56.8053894,43.23495102,2.315000057,0.05587233900000001
0.1463686943,0.1416309953,0.10982079510000001,0.111234796,0.1075469017,0.031785070900000004,1.871709061,0.027593432533333333,1.997509003,-0.232091904,0.894884288,0.672479093,68.638237,970.9805298,998.6826172,20.62446022,20.3787899,19.92239952,21.45904922,23.39279938,56.82506943,43.25669861,2.077500105,0.05587233900000001
0.146369195,0.1416236997,0.10990430120000001,0.1112192988,0.1075469017,0.0317778111,2.142791939,0.027587473127777776,1.992838979,-0.131895006,0.893748403,0.644043684,75.57219696,971.5603027,998.6821289,20.6245594,20.37890053,19.80475044,21.45907974,23.39514923,56.84476089,43.27845001,1.992499948,0.0558723509
0.1462571979,0.141347599,0.11032149790000001,0.1113492966,0.1075469017,0.031325379,2.470384026,0.02757505205,1.988168955,0.114514403,0.892081201,0.634488702,77.88352966,972.333374,998.6818237,20.62466049,20.37902069,19.76552963,21.45911026,23.39749908,56.86444092,43.30020142,2.022500038,0.05587236290000001
0.14594500059999999,0.1411509991,0.1102679014,0.1115278006,0.1075469017,0.031079730399999998,1.8895870209999999,0.02755253685833333,1.98349905,-0.097442947,0.890414,0.665958285,77.88352966,973.1063843,998.6812744,20.62475967,20.37914085,19.76552963,21.45912933,23.3998394,56.88412857,43.32194901,2.029999971,0.0558723688
0.1457919002,0.14101070170000002,0.11054810289999999,0.1115574002,0.1075469017,0.030645600000000002,2.025488091,0.027536307441666668,1.982756972,-0.225833297,0.888746679,0.664118171,77.88352966,973.2194214,998.6809082,20.62486076,20.37925911,19.76552963,21.45915985,23.40218925,56.90382004,43.34370041,1.977499962,0.0558723688
0.1457098961,0.1408704996,0.11019639969999999,0.1115373969,0.1075469017,0.0307728589,1.961116982,0.027523064083333333,1.983322978,0.162198797,0.887079477,0.6473158,77.88352966,973.1121826,998.680481,20.62495041,20.37937927,19.76552963,21.45919037,23.40453911,56.92350006,43.36545181,2.275000095,0.0558723807
0.1456279993,0.1407853007,0.1101040006,0.1115172982,0.10759700539999999,0.0307467997,1.766206932,0.027522731358333333,1.983888984,0.057531461,0.885412276,0.683674216,72.26081085,973.005127,998.6801147,20.62504959,20.3794899,19.76552963,21.45922089,23.40689087,56.94319153,43.3871994,2.230000019,0.055872392699999995
0.1455459952,0.1407186031,0.1101873994,0.1114972949,0.1076203942,0.0305958897,1.587388992,0.02751577801111111,1.984454989,-0.046420619,0.883745074,0.663375616,70.38657379,972.8980103,998.6796265,20.62515068,20.37961006,19.76552963,21.45923996,23.40924072,56.96287918,43.40895081,2.082499981,0.0558723986
0.14546400310000002,0.1406517982,0.1100473046,0.1114773035,0.1076292992,0.030620589900000002,1.2165289879999999,0.02750517951111111,1.988849044,-0.196269006,0.882077873,0.67376101,70.38657379,972.7908936,998.6791992,20.62524986,20.37973022,19.76552963,21.45927048,23.41157913,56.9825592,43.3990593,2.057499886,0.0558723986
0.1454213977,0.1406829953,0.11026190520000001,0.1115594029,0.1076380968,0.030373179900000002,1.288053989,0.027487133875,1.994518995,-0.244370699,0.880410671,0.66107738,70.38657379,972.6837769,998.678772,20.62535095,20.37985039,19.76552963,21.45929909,23.41393089,57.00225067,43.37862015,2.194999933,0.055872410500000004
0.1453920007,0.14062390330000002,0.1104408026,0.11151000259999999,0.1076470017,0.030242249399999997,1.8159179689999998,0.02746660656388889,2.00019002,-0.245562807,0.878743529,0.634540319,70.38657379,972.5767212,998.6782837,20.6254406,20.37997055,19.76552963,21.45932961,23.41628075,57.02193069,43.35818863,2.277499914,0.0558724225
0.145362699,0.14070390459999998,0.110166502,0.111521399,0.1076558948,0.030457299900000002,1.7400980000000001,0.027452530330555554,2.005858898,-0.166823804,0.877076328,0.635074079,74.47811127,973.2078247,998.6779175,20.62553978,20.38007927,19.76552963,21.45935059,23.4186306,57.04161835,43.33774948,2.109999895,0.05587242839999999
0.145333302,0.1405138969,0.11028870340000001,0.1115715027,0.10766479970000001,0.030388289699999998,1.894595909,0.027440607283333335,2.011528969,-0.217369303,0.875795782,0.692429423,75.84195709,973.1088257,998.6774902,20.62564087,20.38019943,19.76552963,21.4593792,23.42098045,57.06129837,43.31731033,2.042500019,0.05587242839999999
0.145115602,0.14021379949999999,0.11058679819999999,0.1116215944,0.1076737046,0.0299608588,2.250801086,0.027428684233333334,2.017199993,-0.1163975,0.87464422,0.670279086,75.84195709,972.6845093,998.677124,20.62574005,20.3803196,19.76552963,21.45940971,23.42332077,57.08098984,43.29687881,2.190000057,0.055872440300000006
0.1448351979,0.1401064038,0.1102499962,0.1118033051,0.10768259760000001,0.0299780697,2.112037086,0.02740882025833333,2.017143965,-0.193288699,0.873492718,0.761469424,75.84195709,972.2601929,998.6765747,20.62583923,20.38043976,19.76552963,21.45943069,23.42567062,57.09563828,43.27643967,2.202500105,0.0558724523
0.1448441029,0.14006329769999998,0.11018450259999998,0.1117563009,0.1076915026,0.0299179196,1.8588350299999998,0.027409150866666666,2.015181065,-0.229409695,0.872340977,0.819138527,75.84195709,970.5465088,998.6762085,20.62593079,20.38055038,19.76552963,21.4594593,23.42802048,57.10861969,43.25600052,2.377500057,0.055872458199999996
0.1449494958,0.1402533054,0.110136795,0.11161849500000001,0.1077003956,0.0300397009,1.7765810009999998,0.027407162983333334,2.013217926,-0.224641204,0.871189475,0.871824026,63.32181168,968.071228,998.6757813,20.62602997,20.38067055,19.76552963,21.45948982,23.43037033,57.12158966,43.235569,2.327500105,0.055872458199999996
0.14505490059999998,0.14029580349999998,0.1100414038,0.111480701,0.10770930050000001,0.0302500814,1.8652730940000002,0.027418753305555557,2.011255026,-0.004577516,0.870037913,0.85437429,59.14842987,965.4852295,998.675415,20.62612915,20.38079071,19.76552963,21.45952034,23.43272018,57.13457108,43.21512985,2.222500086,0.0558724701
0.1451603055,0.1405084014,0.1097493052,0.11149619820000001,0.1077182055,0.030488708599999997,1.28590498,0.027472727033333335,2.007289886,0.074459448,0.868886292,0.888575017,59.14842987,964.5103149,998.6749268,20.62623024,20.38091087,19.76552963,21.45953941,23.43507004,57.14754105,43.22777939,2.005000114,0.055872482099999995
0.1454501987,0.1408028007,0.10975530149999999,0.1114519,0.1076769948,0.030736771200000002,1.090641022,0.027647240955555555,2.002656937,0.462372392,0.867734671,0.878334999,59.14842987,964.0723267,998.6744995,20.62632942,20.38102913,19.76552963,21.45956993,23.43741035,57.16051865,43.25144958,1.94749999,0.055872488
0.1458016038,0.1410971999,0.1098824024,0.1113706946,0.1076192021,0.0309848309,1.344559002,0.0278151385,1.99802494,-0.006961726,0.866602778,0.884334385,72.79953003,963.6343994,998.6740723,20.62641907,20.38113976,19.76552963,21.45960045,23.43976021,57.14403915,43.27513123,2.257499933,0.055872488
0.146152997,0.1413915992,0.1100095987,0.11128940579999999,0.10756139760000001,0.0312328905,1.411077976,0.027911167138888887,1.993391991,-0.220945701,0.865477383,0.871124327,77.34989929,963.1964722,998.673584,20.62652016,20.38125992,19.76552963,21.45962906,23.44211006,57.11774063,43.29880905,2.307499886,0.055872499900000004
0.1463758945,0.1415761948,0.1098894,0.1113109946,0.1075469017,0.0314809501,1.617791939,0.027917444444444443,1.988759995,-0.240496293,0.864352107,0.884512782,77.34989929,962.758606,998.6732788,20.62661934,20.38138008,19.76552963,21.45965004,23.44445992,57.09144974,43.32249069,2.109999895,0.0558725119
0.1465558052,0.14192759989999998,0.1096868038,0.1113669038,0.1075469017,0.031854099000000004,1.617787933,0.027910166833333333,1.984127998,0.222042799,0.863226712,0.852129579,77.34989929,962.3206787,998.6729126,20.62672043,20.38150024,19.76552963,21.45968056,23.44680977,57.06515121,43.34616089,1.997499943,0.0558725178
0.1468631029,0.142346704,0.10965390209999999,0.1113093972,0.1075469017,0.0322689295,1.808765984,0.02789775,1.979495049,-0.088859722,0.862101376,0.884083211,77.34989929,962.4697266,998.6724243,20.62681961,20.38162041,19.76552963,21.45970917,23.44915009,57.03886032,43.36983871,2.190000057,0.0558725178
0.1472128034,0.14276579620000002,0.10946329829999998,0.1112141013,0.1074501038,0.0329094589,1.416802025,0.02788252725,1.981711984,0.476200789,0.860975981,0.842470706,56.4245491,962.81427,998.6719971,20.62690926,20.38172913,19.76552963,21.45973015,23.45149994,57.0125618,43.39352036,2.25999999,0.05587252969999999
0.1477355957,0.1429540992,0.1097731948,0.1111188054,0.1073796988,0.0330137312,1.0863470080000002,0.027873749194444446,1.986210942,0.740730286,0.86066252,0.796423376,49.44942856,963.1589966,998.6715698,20.62701035,20.38184929,19.76552963,21.45976067,23.45104027,56.98625946,43.41719818,2.079999924,0.0558725417
0.1478387952,0.1430655003,0.1100504041,0.1111696005,0.10737509730000001,0.0329141587,1.6628519059999998,0.02786713916666667,1.990710974,0.943031371,0.860619605,0.806682289,49.44942856,965.119873,998.6710815,20.62710953,20.38196945,19.76552963,21.45978928,23.44964027,56.99211121,43.40869141,2.170000076,0.0558725476
0.14778289790000002,0.1430749059,0.1102530003,0.1112689018,0.10738589759999999,0.0328145891,1.6771549220000002,0.027853527055555556,1.995210052,0.602206886,0.860576689,0.78504622,49.44942856,965.744873,998.6707153,20.62721062,20.38208961,19.76552963,21.45981979,23.44823074,57.00867081,43.38945007,2.032500029,0.0558725476
0.147438097,0.1427703977,0.11067910190000001,0.1113682985,0.107396698,0.0324105412,2.433194923,0.027828693388888888,1.999709964,0.033570051,0.860533774,0.815523326,49.44942856,965.8082886,998.6702881,20.6273098,20.38220024,19.76552963,21.45984077,23.44683075,57.02523041,43.37022018,2.067500114,0.055872559499999995
0.1472553968,0.14237259630000001,0.1108757973,0.11146780249999999,0.1074074984,0.0319050014,2.024777985,0.027800888472222222,2.004209042,0.598272979,0.860490918,0.785355985,64.62445068,965.8928223,998.6699219,20.62741089,20.3823204,19.74493027,21.45986938,23.44543076,57.04179001,43.35097885,2.122499943,0.0558725715
0.1468351007,0.1419749022,0.1107745051,0.1115671992,0.1074182034,0.0316096604,1.692174911,0.027782999666666666,2.008708954,0.031424221,0.860447884,0.825724185,69.68279266,965.9772949,998.6693726,20.62750053,20.38244057,19.73806,21.4598999,23.44403076,57.05833817,43.33174896,2.069999933,0.0558725774
0.1464519024,0.14157710080000002,0.1106076002,0.11166650060000001,0.1074290037,0.0313843906,1.6227930069999998,0.0277594969,2.013207912,-0.242045999,0.860068083,0.787842512,69.68279266,966.0618286,998.6690063,20.62759972,20.38256073,19.73806,21.45992088,23.44263077,57.07490158,43.31251144,2.327500105,0.0558725774
0.1461169004,0.1411792994,0.11097719669999999,0.1117297053,0.10743980410000001,0.030678451099999997,2.143511009,0.027738469441666667,2.013530016,-0.226071805,0.859575987,0.772460103,69.68279266,966.1464233,998.6685791,20.62770081,20.38268089,19.73806,21.45994949,23.44121933,57.09146118,43.29327011,2.442500114,0.055872601300000005
0.1457818985,0.1409466028,0.11084610219999999,0.11178070309999999,0.10745060440000001,0.0303790092,2.185709,0.027719260322222224,2.012459993,-0.240496293,0.859083891,0.792120218,69.68279266,966.7592163,998.6682129,20.62779999,20.38278961,19.73806,21.45998001,23.43981934,57.10802078,43.27404022,2.375,0.055872601300000005
0.145619297,0.1413712025,0.110640502,0.1118317008,0.10745290519999999,0.0302684695,2.061252022,0.027706843483333334,2.011389017,-0.246218398,0.858591795,0.736613512,59.57699966,967.5480957,998.6677246,20.62789917,20.38290977,19.8998394,21.46001053,23.43841934,57.12458038,43.25479889,2.230000019,0.0558726072
0.1453295946,0.1408897996,0.1104854941,0.11181240079999999,0.1074522972,0.0308708608,1.882439041,0.02769668791111111,2.010318041,-0.176479995,0.858099699,0.748368084,56.20840836,968.3369751,998.6672974,20.62799072,20.38302994,19.95376968,21.4600296,23.43701935,57.14113998,43.23556137,2.38499999,0.0558726072
0.145241797,0.140349102,0.1104467034,0.1117696047,0.1074517965,0.0304430813,1.8724250789999999,0.027686536577777778,2.009248018,-0.02567789,0.860621393,0.694276094,56.20840836,969.1259766,998.6668701,20.6280899,20.3831501,19.95376968,21.46006012,23.43561935,57.15768814,43.21632004,2.494999886,0.0558726311
0.1449571967,0.140190196,0.1101426959,0.1117267966,0.10745120050000001,0.0302063406,1.461147022,0.02766412735,2.008177042,-0.003504617,0.864147723,0.664370716,56.20840836,969.914917,998.6663818,20.62818909,20.38326073,19.95376968,21.46009064,23.43420982,57.17425156,43.19709015,2.180000067,0.0558726311
0.14497380259999998,0.14012409450000002,0.1102918029,0.1116840005,0.1074506998,0.0299686313,1.147863007,0.027645585802777775,2.007107019,0.249699801,0.867673874,0.6836918,67.35581207,970.7037964,998.6660156,20.62829018,20.38338089,19.78906059,21.46011925,23.43280983,57.19081116,43.19686127,2.355000019,0.055872637
0.1449005008,0.1403563023,0.1100711942,0.11159759760000001,0.1074501038,0.0300918996,1.294491005,0.0276177703,2.006063938,0.054908831,0.871200323,0.634406686,71.07161713,971.4926758,998.6655884,20.62838936,20.38349915,19.73415947,21.46014023,23.43140984,57.20737076,43.2029686,2.112499952,0.055872637
0.1452963948,0.1405177951,0.1100234985,0.1114967942,0.1074496031,0.0303583205,1.177904987,0.02760783513333333,2.005029917,-0.195196003,0.875761807,0.64759922,71.07161713,972.2816772,998.6652222,20.62848091,20.38361931,19.73415947,21.46017075,23.43000984,57.22393036,43.20907974,2.375,0.055872648999999996
0.14548870330000002,0.1406226993,0.10989830490000001,0.1113958955,0.10744899510000001,0.030624750299999996,1.433965969,0.027596246930555554,2.003995895,0.287728101,0.880668521,0.630969226,71.07161713,973.0706177,998.6647949,20.62858009,20.38373947,19.73415947,21.46019936,23.42860031,57.24048996,43.21517944,2.387500048,0.0558726609
0.1455528021,0.1407274961,0.10970760580000001,0.1113932967,0.1074483991,0.030891171099999996,1.672867012,0.027581672669444446,2.002962112,0.871266723,0.882007778,0.65446651,71.07161713,973.3109741,998.6644287,20.62867928,20.3838501,19.73415947,21.46022034,23.42720032,57.25703812,43.22129059,2.380000114,0.0558726728
0.14561690089999998,0.1408324003,0.1102679014,0.1114233971,0.1074390054,0.03048096,2.161393929,0.02756213506111111,2.001929045,0.242428005,0.882157981,0.662844598,69.55135345,973.3684082,998.6638794,20.62878036,20.38397026,19.71062088,21.46025085,23.42580032,57.27360153,43.22739029,2.404999971,0.0558726728
0.1458647013,0.1411540985,0.1101129055,0.11132450099999999,0.10742659569999999,0.030729168699999997,1.6957540510000002,0.027535976833333333,2.000895023,-0.129153103,0.882308185,0.659524679,69.04459381,973.4260254,998.6635132,20.62887955,20.38409042,19.70277977,21.46027946,23.42440033,57.29016113,43.23350143,2.132499933,0.0558726788
0.1459772944,0.1410941958,0.1101724982,0.11118270159999999,0.1074141979,0.0309334397,1.538393021,0.027528029547222225,1.999861002,-0.224641204,0.882458389,0.618395627,69.04459381,973.4833984,998.6630859,20.62896919,20.38421059,19.70277977,21.46030998,23.42300034,57.30672073,43.23960876,2.30250001,0.055872690700000005
0.1458737016,0.1410678029,0.11005330090000001,0.1113332987,0.10740189550000001,0.0310248613,1.51121397,0.027511806488888887,1.998826981,0.150635302,0.882608712,0.642371178,69.04459381,973.5408936,998.6627197,20.62907028,20.38433075,19.70277977,21.46032906,23.42159081,57.32328033,43.24571991,2.075000048,0.055872702600000004
0.1459522963,0.1411030054,0.1100831032,0.1113168001,0.1073894978,0.0308895111,1.039855003,0.027513457405555556,1.997794032,-0.109244898,0.882758915,0.710851073,69.04459381,973.0983276,998.6621704,20.62916946,20.38443947,19.70277977,21.46035957,23.42019081,57.33983994,43.25181961,2.157500029,0.055872702600000004
0.1458840013,0.141138196,0.11020230049999999,0.1112118959,0.1073771,0.0308994204,1.522661972,0.027509816488888887,1.996760011,-0.245383903,0.882909119,0.78553158,64.70467377,972.4890137,998.6618042,20.62927055,20.38455963,19.86749077,21.46039009,23.41879082,57.35639191,43.25793076,2.160000086,0.0558727086
0.1459573984,0.1411733985,0.1098209023,0.11128309970000001,0.10736470220000001,0.0313000292,1.678585052,0.027495911916666668,1.995725989,-0.215819597,0.883059323,0.789475799,63.25802994,970.0599976,998.661377,20.62936974,20.38467979,19.92239952,21.46040916,23.41739082,57.37295151,43.2640419,2.057499886,0.055872720499999994
0.1461029053,0.141042304,0.1100772023,0.11117290259999998,0.1073523045,0.0310870886,1.247999954,0.027480013105555555,1.994691968,0.387984604,0.882944226,0.808056891,63.25802994,968.6040039,998.6608887,20.62945938,20.38479996,19.92239952,21.46043968,23.41599083,57.38951111,43.27014923,2.037499905,0.0558727324
0.1457800984,0.14106620549999999,0.11002949479999999,0.1111675978,0.10733989479999999,0.0310128689,2.222193909,0.02746163686111111,1.993659019,0.090076081,0.882740796,0.790205896,63.25802994,967.6746216,998.6605225,20.62956047,20.38491058,19.92239952,21.4604702,23.41457939,57.40702057,43.27624893,2.355000019,0.0558727384
0.14596350190000001,0.14116020199999998,0.1101487041,0.111223805,0.107327497,0.030858469,1.981147957,0.027442429861111114,1.992624998,-0.185301602,0.882537425,0.773682594,68.42812347,966.7451782,998.6600952,20.62965965,20.38503075,19.73415947,21.46050072,23.4131794,57.42485809,43.28236008,2.30250001,0.0558727384
0.145848,0.14103779789999998,0.11001160139999999,0.11112140420000001,0.10731519460000001,0.030991208599999997,2.285848045,0.027434643638888888,1.991590977,0.096990377,0.882333875,0.817249477,70.15148926,966.4569092,998.659729,20.62976074,20.38515091,19.67140961,21.46051979,23.4117794,57.4426918,43.28847122,2.38499999,0.055872750299999996
0.1458683014,0.1410737038,0.1097494006,0.11122850179999999,0.10730279680000002,0.0312426001,1.6528379439999998,0.02742570453333333,1.990556955,-0.131775796,0.882130384,0.829764903,70.15148926,966.3823853,998.6591797,20.62985992,20.38526917,19.67140961,21.46055031,23.41037941,57.4605217,43.29457092,2.11500001,0.0558727622
0.1458327055,0.1411864042,0.10984480379999999,0.1112367988,0.1072903991,0.0311575592,1.720074081,0.02742901696111111,1.991410971,-0.244907096,0.881927013,0.793731928,70.15148926,966.3079224,998.6588135,20.62994957,20.38538933,19.67140961,21.46058083,23.40897942,57.47835922,43.30067825,2.332499981,0.0558727682
0.14596240519999998,0.1412991047,0.1098626018,0.11118309500000001,0.10727800130000001,0.0312642992,1.546263027,0.027491605547222225,1.992892981,-0.0998272,0.881723583,0.746972978,70.15148926,966.2332764,998.6583862,20.63005066,20.38549995,19.67140961,21.46060944,23.40756989,57.49618912,43.3067894,2.36500001,0.0558727682
0.1461648941,0.14151610139999998,0.10981489419999999,0.1111294031,0.10727440120000001,0.0314723313,1.408216953,0.027601210275000003,1.994375944,-0.194719195,0.881520212,0.719997287,73.47292328,967.6481934,998.65802,20.63014984,20.38562012,19.83612061,21.46063042,23.40616989,57.51401901,43.3128891,2.362499952,0.0558727801
0.1463260055,0.1415006995,0.11012480259999999,0.11107569930000001,0.1072738051,0.0314006805,1.838091087,0.02772936291111111,1.995857954,-0.221422598,0.881316721,0.672973573,74.58006287,968.793396,998.6574707,20.63025093,20.38574028,19.89101982,21.46066093,23.4047699,57.51839066,43.31900024,2.204999924,0.055872792000000004
0.1462553024,0.1413962007,0.1102321029,0.1110780954,0.1072731018,0.0312358111,2.129916954,0.027787971499999998,1.997341037,-0.126411304,0.881484687,0.697714806,74.58006287,969.6832886,998.6572266,20.63035011,20.38586044,19.89101982,21.46068954,23.4033699,57.51826096,43.32511139,2.299999952,0.055872798
0.1461120009,0.1411105037,0.1104467034,0.11109910009999999,0.1072725058,0.0309339195,2.355942917,0.027801556055555558,1.998823047,0.017714949,0.881776512,0.696800113,74.58006287,970.5731812,998.6566772,20.63043976,20.38596916,19.89101982,21.46071053,23.40196037,57.51813889,43.33121109,2.387500048,0.055872798
0.1457605004,0.1407644033,0.11055400369999999,0.11125489470000001,0.1072718024,0.03058635,2.180347061,0.027790304833333335,2.000305891,-0.162889898,0.882068276,0.696929812,74.58006287,970.8947144,998.656311,20.63054085,20.38608932,19.89101982,21.46073914,23.40056038,57.51802063,43.33731842,2.099999905,0.0558728099
0.1456552982,0.140418303,0.11042289729999999,0.11145550010000001,0.1072711945,0.0303698599,1.867061043,0.02778302722222222,2.001787901,-0.231913105,0.882360101,0.680313706,58.56523895,971.0266724,998.6558838,20.63064003,20.38620949,19.81619072,21.46076965,23.39916039,57.51789856,43.34342957,2.202500105,0.05587282180000001
0.1453053951,0.1403949022,0.11005330090000001,0.1114701986,0.107270503,0.0303710192,1.8724250789999999,0.02776612175833333,2.003271103,-0.243118897,0.882651925,0.692171693,53.22697067,971.1586914,998.6555176,20.63073921,20.38632965,19.79125023,21.46080017,23.39776039,57.5177803,43.34954071,2.397500038,0.055872827800000004
0.1451681018,0.1401962042,0.11021430489999999,0.11142280099999999,0.1072698951,0.0301806986,2.0591070179999997,0.02775883568611111,2.004753113,-0.230124906,0.884088993,0.673588097,53.22697067,971.2907104,998.6550293,20.6308403,20.38644981,19.79125023,21.46081924,23.3963604,57.51765823,43.35564041,2.154999971,0.055872827800000004
0.14490109680000002,0.1401193023,0.10996400120000001,0.1113754988,0.1072692037,0.0302322388,2.0347879410000003,0.027734332613888888,2.006236076,-0.190427601,0.885907829,0.61461252,53.22697067,971.4227295,998.6546021,20.63092995,20.38656044,19.79125023,21.46084976,23.39495087,57.51753998,43.34777832,2.210000038,0.055872839699999996
0.1450005054,0.1401144028,0.1103870988,0.1113281012,0.1072685957,0.0297161609,1.541256046,0.027715458338888888,2.007353067,-0.2302441,0.887726605,0.626269817,53.22697067,972.0441284,998.6541748,20.63102913,20.3866806,19.79125023,21.46088028,23.39355087,57.51741028,43.33525848,2.244999886,0.055872851599999995
0.1450024962,0.1401095986,0.1102082968,0.1112735987,0.1072679043,0.0298530787,1.6900329589999998,0.02770088831666667,2.008347988,-0.240138695,0.889545381,0.635333598,64.52863312,972.8286133,998.6536865,20.63113022,20.38680077,19.91313934,21.4609108,23.39215088,57.51729965,43.32273865,2.359999895,0.055872857600000006
0.1449226022,0.1398848057,0.1100211978,0.11121660470000001,0.10726729630000001,0.029987829900000002,1.261590958,0.027679360708333337,2.009342909,-0.230601802,0.891364276,0.603641629,68.29585266,973.6132202,998.6533203,20.6312294,20.38692093,19.95376968,21.46092987,23.39075089,57.51716995,43.31021881,2.369999886,0.055872857600000006
0.1448426962,0.1398149014,0.10993059869999999,0.11146249770000001,0.10726660489999999,0.0300242811,1.2758939740000002,0.027668433719444444,2.010338068,-0.242165297,0.893183112,0.611214697,68.29585266,974.3977051,998.6528931,20.63133049,20.38703918,19.95376968,21.46096039,23.38935089,57.5170517,43.29769897,2.299999952,0.0558728695
0.14476269479999998,0.1398211956,0.1098399997,0.11135929819999998,0.10726599690000001,0.0300607204,1.494046974,0.027661810980555555,2.011332989,-0.2462423,0.895001888,0.596644223,68.29585266,974.7050781,998.6525269,20.63142014,20.38714981,19.95376968,21.46099091,23.38793945,57.51692963,43.28517914,2.355000019,0.0558728814
0.1446828008,0.13982739449999998,0.1097494006,0.11137599949999999,0.10726530549999999,0.030097159699999997,1.816987991,0.027647575802777775,2.012327909,-0.245479301,0.897864223,0.591194272,63.21818924,974.8535156,998.6519775,20.63151932,20.38726997,19.95141983,21.46101952,23.38653946,57.53100967,43.2726593,2.079999924,0.0558728874
0.1446920991,0.1400012016,0.10965880160000001,0.1113209963,0.10726469759999999,0.0302329898,2.178911018,0.02763079537222222,2.013324022,-0.244716406,0.90107429,0.593083024,61.52563858,975.0018921,998.6516113,20.63162041,20.38739014,19.94828033,21.4610405,23.38513947,57.54981995,43.26013947,2.0625,0.0558728874
0.1450083017,0.1402307034,0.1096719027,0.1112120986,0.10726399419999999,0.0304019392,1.996876907,0.02761401706388889,2.014318943,-0.243953407,0.904284477,0.594971597,61.52563858,975.1503296,998.6511841,20.63171959,20.3875103,19.94514084,21.46106911,23.38373947,57.56863022,43.24760818,2.285000086,0.0558728993
0.1452702045,0.14046020509999999,0.1095585942,0.1111032963,0.1072633982,0.0307407588,1.6335229869999999,0.027585976919444446,2.015314102,-0.243190497,0.907494724,0.59686017,61.52563858,975.298584,998.6508179,20.63182068,20.38762093,19.94201088,21.46109962,23.38233948,57.58744049,43.23508835,2.357500076,0.0558729112
0.1454831004,0.1406172037,0.1095883965,0.11107610459999999,0.10726269479999999,0.0308889091,1.443980026,0.02758001751388889,2.016309023,-0.242427498,0.910704792,0.584374189,61.52563858,975.4470215,998.6503296,20.63191032,20.38773918,19.93886948,21.46112061,23.38092995,57.60623932,43.22256851,2.434999943,0.055872917200000004
0.1456002951,0.1407498956,0.10991619829999999,0.1110694051,0.1072620988,0.0306851596,1.595613956,0.027574721441666665,2.01336503,-0.241664603,0.91158241,0.586860478,62.30418015,975.5952759,998.6499023,20.63200951,20.38785934,19.93572998,21.46114922,23.37952995,57.62504959,43.21004868,2.212500095,0.055872917200000004
0.1456855059,0.1408826947,0.10976719859999999,0.11106050009999999,0.1072613955,0.0309883386,1.47258997,0.0275601493,2.009108067,-0.240901604,0.911682487,0.571391582,62.56369019,975.7437134,998.6494751,20.6321106,20.38797951,19.93259048,21.46117973,23.37812996,57.64385986,43.21875,2.369999886,0.0558729291
0.14577059750000002,0.1408326983,0.10974340440000001,0.1110514998,0.1072607994,0.0310361296,1.38532896,0.02754337310833333,2.004851103,-0.240138695,0.911782682,0.58475852,62.56369019,975.8920898,998.6491089,20.63220978,20.38809967,19.92946053,21.46121025,23.37672997,57.66267014,43.23451996,2.359999895,0.055872940999999995
0.1458557963,0.1408573031,0.10982290509999999,0.11104259489999999,0.10726009610000001,0.0309324801,1.595613956,0.027526594797222224,2.000593901,-0.239375696,0.911882818,0.627351999,62.56369019,976.0404053,998.6486816,20.63231087,20.3882103,19.92631912,21.46122932,23.37532043,57.68148041,43.25028992,2.127500057,0.055872952899999995
0.14594099519999998,0.14092710020000002,0.1099022985,0.1110335946,0.1072595,0.0310400605,1.705054092,0.027516441344444444,1.996337056,-0.229528904,0.911983013,0.569354594,62.56369019,975.6959839,998.6483154,20.63240051,20.38833046,19.92317963,21.46125984,23.37392044,57.70029068,43.26605988,2.202500105,0.055872952899999995
0.14592720269999998,0.1409970045,0.10978510379999999,0.1110247016,0.1072587967,0.031218040000000002,1.895313072,0.027496573130555556,1.992079973,-0.242045999,0.912083089,0.567861676,66.58319092,975.1873779,998.6478271,20.63249969,20.38845062,19.80475044,21.46129036,23.37252045,57.71910095,43.28182983,2.11500001,0.055872958900000005
0.1458804011,0.1410668015,0.10960229640000001,0.1110157013,0.10725820059999999,0.0313960314,1.8838689800000001,0.027487629783333335,1.987823009,-0.247291297,0.912183225,0.597005785,67.92302704,975.178894,998.6473999,20.63260078,20.38857079,19.76552963,21.46132088,23.37112045,57.73791122,43.29759979,2.400000095,0.0558729708
0.14603519439999998,0.1412551999,0.1094195008,0.1110067964,0.1072576046,0.0315983504,1.285194016,0.02746974945,1.987931967,-0.247291297,0.912283421,0.556894481,67.92302704,975.3372192,998.6469727,20.63269997,20.38869095,19.76552963,21.46133995,23.36972046,57.7567215,43.31336975,2.142499924,0.0558729827
0.1462571979,0.1414829969,0.1094452977,0.1109977961,0.10725690130000001,0.0318087995,1.6106390000000002,0.027458655038888887,1.989495993,0.082088977,0.91317153,0.559890628,67.92302704,975.4954834,998.6464844,20.63279915,20.38879967,19.76552963,21.46137047,23.36831093,57.77553177,43.32913971,2.25999999,0.0558729827
0.1464792013,0.14171080590000001,0.10954070090000001,0.1109588981,0.1072563052,0.0320192486,1.624225998,0.027451373205555556,1.991060019,-0.017690741,0.914322317,0.559319615,67.92302704,975.6538696,998.6461182,20.6328907,20.38891983,19.76552963,21.46139908,23.36691093,57.79433823,43.34490967,2.047499895,0.0558729887
0.1464493036,0.1416468024,0.10977920290000001,0.110909903,0.10725560190000001,0.031822449,1.792314911,0.027506175572222222,1.992624998,-0.109364003,0.915472984,0.582962692,52.64691162,975.8121948,998.6456909,20.63298988,20.38903999,19.90192986,21.46142006,23.36551094,57.8131485,43.36067963,2.30250001,0.0558730006
0.1463353992,0.14148559570000002,0.11006530519999999,0.11108310219999999,0.1072550058,0.0314899087,2.071981049,0.027548891702777776,1.994189024,-0.1742149,0.916623771,0.583435595,47.55487061,975.97052,998.6453247,20.63308907,20.38916016,19.94739914,21.46145058,23.36411095,57.83195877,43.37644958,2.292500019,0.0558730125
0.1462214947,0.1413243055,0.1102082968,0.1111376047,0.10725430250000001,0.0312770188,2.119187927,0.027567765977777776,1.99575305,-0.114013299,0.917774618,0.57254529,47.55487061,976.1287842,998.6447754,20.63319016,20.38927078,19.94739914,21.46147919,23.36271095,57.85076904,43.39221954,2.347500086,0.0558730125
0.14596769810000002,0.14116300340000001,0.1098744988,0.1111276984,0.1072536945,0.0313835412,1.891021919,0.027573394775,1.997316957,0.296549797,0.918925405,0.620723784,47.55487061,976.2871704,998.6444092,20.63328934,20.38939095,19.94739914,21.4615097,23.36129951,57.86957932,43.37794113,2.282500029,0.0558730185
0.1459889054,0.1409976959,0.11034539940000002,0.11111780410000001,0.10725300310000001,0.0307938397,1.381754017,0.027587966919444446,1.999994993,0.258282989,0.920076072,0.609223723,67.04440308,975.3751221,998.6439819,20.63338089,20.3895092,19.78746986,21.46153069,23.35989952,57.88838959,43.35364914,2.227499962,0.0558730304
0.14576640130000001,0.1408310056,0.11037219760000001,0.1110859036,0.1072523952,0.030634599899999997,1.685026932,0.027581672669444446,2.003046036,-0.132967904,0.921226919,0.632069528,73.54091644,974.7698975,998.6436157,20.63348007,20.38962936,19.73415947,21.4615593,23.35849953,57.90719986,43.32934952,2.099999905,0.055873042299999995
0.1457005978,0.1406643987,0.11014569999999999,0.11113350390000001,0.10725170369999999,0.030706548700000003,1.461147022,0.027627703349999998,2.006094933,0.291900486,0.922377706,0.627318323,73.54091644,974.3859253,998.6431274,20.63357925,20.38974953,19.73415947,21.46158981,23.35709953,57.92601013,43.30506134,2.375,0.055873042299999995
0.14548729659999998,0.1404976964,0.11013079880000001,0.1112100959,0.1072510958,0.0304987311,1.8130569460000001,0.0276790301,2.009145021,-0.067044199,0.924952924,0.606612504,73.54091644,974.0018921,998.6427002,20.63368034,20.38986015,19.73415947,21.46161079,23.35569954,57.88214111,43.28076935,2.285000086,0.055873048300000006
0.1451944947,0.1403309941,0.1101865053,0.11128209829999999,0.1072787046,0.030197659100000003,1.8688489910000001,0.02776959525277778,2.012196064,-0.246695295,0.928002715,0.687634528,73.54091644,973.6179199,998.6422729,20.63377953,20.38998032,19.73415947,21.4616394,23.35429001,57.817379,43.25646973,2.107500076,0.055873060200000005
0.1451207995,0.1401643038,0.11024210450000001,0.111352706,0.1073156953,0.030032178799999996,1.8194959640000001,0.02787488936111111,2.015244961,-0.221064895,0.931052625,0.732387722,60.96794128,973.2338257,998.6417847,20.63386917,20.39010048,19.85180092,21.46166992,23.35289001,57.7526207,43.23218155,2.325000048,0.0558730721
0.14479789729999998,0.1399976969,0.1102023959,0.1114233017,0.10735269780000001,0.0299118906,1.7715740199999999,0.027973249222222222,2.018296003,-0.238946602,0.934102476,0.837166905,56.77695084,970.8250732,998.6414185,20.63397026,20.39022064,19.89101982,21.46170044,23.35149002,57.68785858,43.20788956,2.410000086,0.0558730721
0.1447618008,0.1400190949,0.1098984003,0.1114938974,0.1073897004,0.030085209,1.5255209920000001,0.028069277861111113,2.021346092,-0.247410506,0.937152386,0.875100374,56.77695084,967.7415161,998.6409912,20.63406944,20.39034081,19.89101982,21.46171951,23.35009003,57.62310028,43.18358994,2.372499943,0.055873078099999994
0.1448570967,0.14010330440000002,0.10995500090000002,0.11134660240000001,0.10742670299999998,0.030064690100000003,1.585599995,0.028159832416666666,2.018469095,-0.200441405,0.939867616,0.852988005,56.77695084,964.6577759,998.640625,20.63417053,20.39044952,19.89101982,21.46175003,23.3486805,57.55833817,43.15930176,2.097500086,0.05587309
0.1449524999,0.1401875019,0.11015759709999999,0.11126329900000001,0.10746370549999999,0.0299469292,2.0691190720000003,0.02822575038888889,2.013616085,-0.047135878,0.942471087,0.838400185,56.77695084,964.0247192,998.6401978,20.63426971,20.39056969,19.89101982,21.46178055,23.3472805,57.49357986,43.16746902,2.069999933,0.0558731019
0.1450477958,0.1402716994,0.11006530519999999,0.111225605,0.10750060079999998,0.030033710600000003,1.76656208,0.02828402836111111,2.008764029,0.125720203,0.945074677,0.798329115,71.70136261,964.2084961,998.6397705,20.6343708,20.39068985,19.77337074,21.46180916,23.34588051,57.42882156,43.18645096,1.985000014,0.0558731019
0.145143199,0.1402459025,0.11005330090000001,0.1111878037,0.1075376987,0.0301886708,1.35958004,0.028357221805555555,2.003911018,-0.120927498,0.947678208,0.836028516,76.67617035,964.3922119,998.6392822,20.63446045,20.39081001,19.73415947,21.46183014,23.35170937,57.36405945,43.20544052,2.025000095,0.055873107899999996
0.1451295018,0.1404417038,0.10974340440000001,0.11131709809999998,0.1075469017,0.030502480300000002,1.295205975,0.02843536163888889,1.999058962,-0.226548597,0.950281799,0.831295788,76.67617035,964.5759888,998.638916,20.63455963,20.39092064,19.73415947,21.46186066,23.35994911,57.29930115,43.22443008,2.275000095,0.0558731198
0.1456393957,0.1407235026,0.10987750290000001,0.11130930189999999,0.1075469017,0.030564180000000003,1.304504967,0.028503555722222223,1.994207025,-0.238946497,0.950675189,0.802623987,76.67617035,964.7598267,998.6384888,20.63466072,20.3910408,19.73415947,21.46188927,23.36819077,57.23453903,43.2434082,2.372499943,0.055873131799999996
0.1456050992,0.14070689679999998,0.1101992965,0.1112370014,0.1075469017,0.030524191299999996,2.478970909,0.028568471277777778,1.989354014,-0.231674701,0.950331926,0.803917289,70.72795105,964.9434814,998.6381226,20.6347599,20.39115906,19.73415947,21.46191025,23.37641907,57.16978073,43.26240158,2.207499981,0.055873131799999996
0.1459432006,0.1410235047,0.11004739999999999,0.11136269569999999,0.1075469017,0.0306596011,2.127775002,0.028637860611111114,1.987789035,0.286059111,0.949988484,0.752339005,68.74520874,965.1273193,998.6375732,20.63485909,20.39127922,19.94593048,21.46194077,23.38466072,57.08872986,43.2813797,2.105000019,0.0558731377
0.14602199789999998,0.1411293983,0.1104526997,0.11119400260000001,0.1075469017,0.0305707991,2.2579530720000003,0.028708722861111112,1.987319946,0.222519606,0.949645221,0.773430288,68.74520874,965.7349854,998.637207,20.63495064,20.39139938,20.01651955,21.46196938,23.39290047,57.00223923,43.30036926,2.075000048,0.055873149600000005
0.14594579940000002,0.1411170959,0.1102202058,0.1112488985,0.1075469017,0.0308678389,1.7250789640000002,0.028785054944444444,1.986850023,-0.0464206,0.947028518,0.788185418,68.74520874,966.4840088,998.6367798,20.63504982,20.39151001,20.01651955,21.46199989,23.40114021,56.91576004,43.31935883,2.174999952,0.0558731616
0.1461949944,0.1413552999,0.1100890994,0.11141829489999999,0.1075469017,0.0310142189,1.147144032,0.02879961013888889,1.986381054,0.231937394,0.943653882,0.748183012,68.74520874,967.2329712,998.6364136,20.63515091,20.39163017,20.01651955,21.46202087,23.40937996,56.82926941,43.33834076,2.194999933,0.0558731675
0.1463459015,0.1416769028,0.11019639969999999,0.11138859990000001,0.1075469017,0.0312959701,1.9160520550000002,0.028604251,1.985911012,-0.01959813,0.940279424,0.744856179,73.72122192,967.9821167,998.6359253,20.63525009,20.39175034,19.92108917,21.46204948,23.41761971,56.74279022,43.35733032,2.122499943,0.0558731675
0.146550703,0.141998601,0.11013380290000001,0.11129239799999999,0.1075469017,0.0316573799,1.6778709410000001,0.02829827838888889,1.985442042,-0.220826402,0.936904788,0.667645812,75.37989044,968.7310791,998.635498,20.63534927,20.3918705,19.88928032,21.46208,23.42585945,56.75952911,43.37630844,2.092499971,0.05587317939999999
0.1467964053,0.1421553969,0.11000269650000001,0.11125639679999999,0.1075469017,0.0320187807,1.396772957,0.028139332666666666,1.984972954,-0.000166707,0.933530271,0.665206611,75.37989044,969.4802246,998.6350708,20.63544083,20.39197922,19.88928032,21.46209908,23.4340992,56.81068039,43.39530182,2.307499886,0.0558731914
0.1470422029,0.1422572017,0.1101129055,0.11118439440000001,0.1075469017,0.032122421299999995,1.401064014,0.028055555555555556,1.984503031,-0.092316881,0.930155694,0.713664889,75.37989044,970.4227295,998.6345825,20.63554001,20.39209938,19.88928032,21.46212959,23.44234085,56.86182022,43.41427994,2.132499933,0.055873197299999997
0.1469115019,0.1423589945,0.11012480259999999,0.1112452984,0.1075469017,0.0321401387,1.596329021,0.028024417027777776,1.98843801,0.145270795,0.926781178,0.646343112,75.37989044,971.4296875,998.6342163,20.63563919,20.39221954,19.88928032,21.46216011,23.45056915,56.9129715,43.40317917,2.065000057,0.055873197299999997
0.14721590280000002,0.1422785997,0.1108818054,0.1113566995,0.1075469017,0.0314709008,1.601335907,0.028052249472222224,1.993841052,0.418025911,0.923406601,0.661559582,89.8688736,971.6815186,998.6337891,20.63574028,20.39233971,19.86705971,21.46219063,23.45881081,56.90222931,43.38204956,2.332499981,0.055873209199999996
0.1469159007,0.1421375036,0.1110309005,0.11138290170000001,0.1075469017,0.0313024789,2.582682991,0.02813036177777778,1.999243975,-0.002074048,0.920032084,0.717741787,94.6985321,971.4046021,998.6334229,20.63583946,20.39245987,19.85964966,21.4622097,23.46705055,56.87086868,43.36091995,2.367500067,0.0558732212
0.1467344046,0.1419136047,0.1110486984,0.11166859870000001,0.10766170020000002,0.0311070204,2.195009041,0.028201584277777778,2.004647017,-0.187208906,0.916657507,0.680799723,94.6985321,971.0352783,998.6328735,20.63592911,20.3925705,19.85964966,21.46224022,23.4752903,56.83950043,43.33979034,2.125,0.0558732271
0.1466802955,0.1416620016,0.1107805014,0.1117959023,0.1077219009,0.0310839206,1.574872971,0.02822972191666667,2.010050058,-0.018406,0.91328299,0.734931171,94.6985321,970.6660767,998.6326294,20.6360302,20.39269066,19.85964966,21.46227074,23.48353004,56.8081398,43.31866837,2.035000086,0.0558732271
0.1463598967,0.1414105058,0.11070300340000001,0.1118384004,0.1077512026,0.0309270114,1.647833061,0.02822177675,2.015451908,-0.1749302,0.909908414,0.653701305,94.6985321,970.296814,998.6320801,20.63612938,20.39281082,19.85964966,21.46229935,23.49176979,56.77677155,43.29753876,2.059999943,0.055873239
0.1463065982,0.1412467003,0.11072690489999999,0.1118808985,0.1077803969,0.030696320500000002,1.521228981,0.028216804916666664,2.016434908,0.005316999,0.906533778,0.690124989,80.49160004,971.4976196,998.6317139,20.63623047,20.39292908,19.85964966,21.46232033,23.50000954,56.74541092,43.27640915,2.19749999,0.055873251
0.1460942984,0.1411121011,0.11075069900000001,0.11192350390000001,0.1078096986,0.0305484891,1.508353043,0.0282045555,2.015944004,-0.01041886,0.90315932,0.756129682,75.75595856,970.2092285,998.6312866,20.63632965,20.39304924,19.85964966,21.46235085,23.50824928,56.71403885,43.25527954,2.404999971,0.0558732629
0.1457895994,0.1408782005,0.111006999,0.111966002,0.1078389049,0.030120599300000002,1.9139080050000001,0.028188667305555554,2.0154531,0.250653505,0.899784684,0.675148785,75.75595856,969.6361084,998.6309204,20.63643074,20.39315987,19.85964966,21.46237946,23.51649094,56.68267822,43.23414993,2.160000086,0.0558732629
0.14576179979999998,0.1406882048,0.1109295011,0.11205379959999999,0.1078681946,0.029948690500000003,1.678585052,0.028165804555555556,2.014961958,-0.095416397,0.896410227,0.704817176,75.75595856,970.6624756,998.6303711,20.63652039,20.39328003,19.85964966,21.46240044,23.52471924,56.65130997,43.21302032,2.164999962,0.0558732688
0.14554020169999998,0.1405238986,0.11112630370000001,0.1120489955,0.1078974009,0.02963624,1.898171997,0.028140665694444445,2.014471054,-0.03712216,0.89303571,0.705389023,61.66004944,970.7764893,998.6300049,20.63661957,20.39340019,19.85964966,21.46242905,23.53296089,56.61994934,43.19189072,2.012500048,0.0558732688
0.1454470038,0.1406062961,0.11076259610000001,0.1120082021,0.1079267025,0.029722979700000002,1.788740921,0.02811549927777778,2.011545897,0.102116399,0.889661074,0.678884208,56.96141052,970.4724731,998.6295776,20.63672066,20.39352036,19.85964966,21.46245956,23.54120064,56.58858109,43.19805145,2.272500038,0.0558732927
0.1454285026,0.1405240059,0.11061359639999999,0.111967504,0.1079558969,0.02997168,1.561999035,0.028103222305555554,2.007808924,-0.129749194,0.886286616,0.730153918,56.96141052,970.1682739,998.6292114,20.63681984,20.39362907,19.85964966,21.46249008,23.54944038,56.55722046,43.21331024,2.237499952,0.0558732927
0.1455891013,0.14067900179999998,0.1103811979,0.11192669870000001,0.10798519849999999,0.0301427901,1.253722,0.028050083583333333,2.004072905,-0.222972199,0.88420701,0.705097377,56.96141052,969.8643188,998.6287231,20.63692093,20.39374924,19.85964966,21.46250916,23.54986,56.52584839,43.2285614,2.069999933,0.055873298599999996
0.14580949540000002,0.140940702,0.1101606011,0.1118859053,0.10801440479999999,0.030530569,1.2472849849999998,0.027981861972222223,2.000335932,-0.233780697,0.882558882,0.798323214,56.96141052,969.5601807,998.6282959,20.63701057,20.3938694,19.85964966,21.46253967,23.5476799,56.52817917,43.24382019,2.299999952,0.055873310600000003
0.1460297942,0.14120240209999999,0.1103006959,0.1118518949,0.10804359910000001,0.030650150799999998,1.6835950849999999,0.027936999,1.996600032,-0.244589195,0.880910873,0.852595925,75.10568237,969.2562256,998.6279297,20.63710976,20.39398956,19.85964966,21.46257019,23.54549026,56.54174042,43.25907135,2.412499905,0.0558733225
0.1460849047,0.1413733959,0.1105509996,0.11182010170000001,0.10807290080000001,0.0306533903,1.8974590299999998,0.02790883383333333,1.992863059,-0.229409605,0.879262984,0.766501009,81.15377808,966.5734863,998.6273804,20.63721085,20.39410973,19.85964966,21.46258926,23.54331017,56.55530167,43.2743187,2.299999952,0.0558733225
0.1462738037,0.1415140986,0.11059579850000001,0.11178840400000001,0.1079926014,0.0307994306,1.6506900789999999,0.027883667416666667,1.98912704,0.142052099,0.877614975,0.763700187,81.15377808,966.4492188,998.6270142,20.63731003,20.39422035,19.85964966,21.46261978,23.54113007,56.5688591,43.2895813,2.095000029,0.0558733284
0.1463179946,0.1414834976,0.1108579993,0.1117565989,0.1079296947,0.030680060399999997,1.622079086,0.02786647161111111,1.985389948,-0.114847802,0.875587225,0.768632293,81.15377808,967.4417114,998.6265869,20.63740921,20.39434052,19.85964966,21.4626503,23.53894043,56.58242035,43.30482864,2.369999886,0.055873340400000006
0.14629310369999998,0.14139569999999999,0.11098320479999998,0.11183689830000001,0.10791840550000001,0.030456361199999997,1.7758630749999997,0.02785188886111111,1.985959053,-0.233939707,0.873432815,0.821352482,81.15377808,966.9094238,998.6262207,20.63750076,20.39446068,19.85964966,21.46268082,23.53676033,56.59597015,43.32009125,2.150000095,0.0558733523
0.1462681055,0.1413079977,0.11085200310000001,0.1119544029,0.10791840550000001,0.0304820001,2.251515961,0.027833362166666663,1.987962008,-0.241926894,0.871278524,0.840255976,59.44044876,965.8687744,998.6256714,20.63759995,20.39458084,19.85964966,21.46270943,23.53458023,56.60953903,43.33533859,2.130000114,0.0558733523
0.1461969018,0.1410905957,0.11094739440000001,0.1119125009,0.10791840550000001,0.0303454608,1.927500916,0.02782144547222222,1.989966035,-0.2178462,0.869124115,0.806299627,52.20267105,964.828186,998.6253052,20.63769913,20.3946991,19.85964966,21.46273041,23.53239059,56.62308884,43.3506012,2.272500038,0.0558733582
0.1461102009,0.14106489419999999,0.11072690489999999,0.1119730949,0.10791840550000001,0.0303165108,1.3746020319999999,0.027812139722222223,1.991968989,-0.234774202,0.866969705,0.804975688,52.20267105,965.7877197,998.6248779,20.63780022,20.39480972,19.85964966,21.46276093,23.53021049,56.63665009,43.36584854,2.347500086,0.05587337020000001
0.1460235,0.1411175013,0.11067320110000001,0.1119768023,0.10791840550000001,0.0303506792,1.667144966,0.02777805541666667,1.993973017,-0.242045999,0.864815295,0.710502386,52.20267105,967.4136963,998.6245117,20.6378994,20.39492989,19.85964966,21.46278954,23.52802086,56.65021133,43.3810997,2.472500086,0.0558733821
0.145936799,0.1411700964,0.11054209470000001,0.1119443059,0.1078711033,0.030557251,1.564144993,0.027761486899999997,1.995975971,-0.240138605,0.862660885,0.740908086,52.20267105,967.8201904,998.6240845,20.63799095,20.39505005,19.85964966,21.46281052,23.52584076,56.66376877,43.36056137,2.292500019,0.0558733821
0.14616270069999998,0.1412227988,0.11055699590000001,0.1119117975,0.10784339899999999,0.030605009199999998,1.169316006,0.02775353537777778,2.001101017,0.047517769,0.860506475,0.703520715,67.11399078,968.1522827,998.6237183,20.63809013,20.39517021,19.85964966,21.46283913,23.52366066,56.67733002,43.32807922,2.332499981,0.0558733881
0.1461969018,0.1414677024,0.1106403947,0.1118793011,0.10782749650000001,0.0305806905,2.178557014,0.027722742291666668,2.007266045,0.015926801,0.858352184,0.732137024,72.08442688,968.5952148,998.62323,20.63818932,20.39528084,19.85964966,21.46286964,23.52146912,56.69089127,43.29560089,2.077500105,0.0558734
0.14625990390000002,0.1416290998,0.1104645967,0.1118468046,0.10781160590000001,0.0310031205,1.582028008,0.02770320468611111,2.013431072,-0.192096606,0.856197774,0.731792986,72.08442688,969.0380249,998.6228027,20.63829041,20.39539909,19.85964966,21.46290016,23.51929092,56.7044487,43.26313019,2.25,0.0558734119
0.1463654041,0.14174129959999998,0.11052420140000001,0.11180050370000001,0.10779579880000001,0.0310849994,1.411793041,0.027689959208333333,2.0195961,-0.230124906,0.85522151,0.709965229,72.08442688,969.4807739,998.6223755,20.63838959,20.39551926,19.85964966,21.46291924,23.51711082,56.71800995,43.23065186,2.107500076,0.0558734119
0.1464709997,0.1418534994,0.1106910944,0.11174949409999999,0.1077798963,0.0310037315,1.518365955,0.027666778563888886,2.025760889,0.258759797,0.854637802,0.734744191,75.99520111,969.9237061,998.6218872,20.63847923,20.39563942,19.85964966,21.46294975,23.51491928,56.7315712,43.19816971,2.067500114,0.0558734179
0.1465765953,0.1420482039,0.11078649759999999,0.11169849629999999,0.1077640057,0.031105598800000002,1.721504021,0.02765220642222222,2.024091005,0.06933336,0.854054093,0.709406316,77.29878998,970.0687256,998.621521,20.63858032,20.39575958,19.85964966,21.46298027,23.51273918,56.74512863,43.16569901,2.335000038,0.0558734298
0.1466820955,0.1420009017,0.1108579993,0.1116474986,0.1077481031,0.0312685102,2.034073067,0.02762571758611111,2.019809961,-0.052500378,0.853470385,0.685426116,77.29878998,970.1143188,998.6210938,20.6386795,20.39587021,19.85964966,21.46301079,23.51055908,56.75868988,43.13322067,2.150000095,0.055873441700000005
0.146787703,0.14207210539999998,0.1105898023,0.11176970010000001,0.1077322006,0.0314314306,1.493334007,0.027624725766666667,2.015528917,-0.1915005,0.852886796,0.713271022,77.29878998,970.1599731,998.6207275,20.63878059,20.39599037,19.85964966,21.46302986,23.50836945,56.77225113,43.14023972,2.015000105,0.055873441700000005
0.146648097,0.1417737007,0.1108878016,0.1117364049,0.1077164054,0.031184330599999997,2.104887009,0.027621082730555555,2.011248112,-0.191858202,0.852760613,0.707667887,77.29878998,970.2056274,998.6201782,20.63887978,20.39611053,19.85964966,21.46306038,23.50618935,56.78580093,43.16043091,2.337500095,0.0558734477
0.1464267969,0.1416396976,0.1106255054,0.11190019849999999,0.1076650023,0.031148201199999996,1.800896072,0.027600218455555554,2.006967068,0.082208142,0.852786779,0.713303924,61.74655151,970.2512817,998.619812,20.63896942,20.3962307,19.85964966,21.4630909,23.50399971,56.79935837,43.18062973,2.105000019,0.055873459599999994
0.1463300943,0.14147670269999998,0.1108698964,0.11186339860000001,0.10760190489999999,0.0307697713,1.887443924,0.027586975097222223,2.002686024,-0.135471299,0.852813005,0.708517671,56.56246948,970.2969971,998.6193848,20.63907051,20.39635086,19.85964966,21.46310997,23.50181961,56.81291962,43.20082092,2.200000048,0.05587347150000001
0.14608730080000001,0.141269505,0.1109236002,0.1118919969,0.10759099720000001,0.0305191398,1.991157913,0.027566774155555553,1.99840498,-0.057268821,0.852839291,0.697225571,56.56246948,970.3427124,998.6190186,20.63916969,20.39645958,19.85964966,21.46314049,23.49963951,56.82648087,43.2210083,2.067500114,0.05587347150000001
0.1459939957,0.14106220009999998,0.11061359639999999,0.1119747043,0.1075974941,0.0305999786,1.7157789229999998,0.027542930180555553,1.994122982,-0.184824705,0.852865517,0.63338238,56.56246948,970.3883057,998.6185303,20.63927078,20.39657974,19.85964966,21.4631691,23.49744987,56.8400383,43.24119949,2.164999962,0.055873477500000004
0.14582489729999998,0.14085500239999998,0.1108759046,0.1119691014,0.10760409829999999,0.030189868800000002,2.2794090270000003,0.02753299501111111,1.989842057,-0.176479906,0.852891684,0.653137684,56.56246948,970.7996216,998.618103,20.63936996,20.39669991,19.85964966,21.46319962,23.49526978,56.85359955,43.26139069,2.257499933,0.0558734894
0.1456068039,0.1406478047,0.1106016994,0.11193399429999999,0.1075925946,0.030260160600000002,1.644255066,0.027527698941666665,1.985561013,-0.166823804,0.852918029,0.657631814,65.58174896,971.3325806,998.6176758,20.63945961,20.39682007,20.04789925,21.4632206,23.49308014,56.8671608,43.28158188,2.352499962,0.055873501299999996
0.1452643991,0.1403406978,0.1107208967,0.1118989944,0.1075750947,0.029927119600000003,1.477597046,0.027517433166666667,1.985317945,-0.063467823,0.852944195,0.64580369,68.58817291,971.8657227,998.6171875,20.6395607,20.39693069,20.11064911,21.46324921,23.49090004,56.88071823,43.30176926,2.380000114,0.055873501299999996
0.1451565027,0.1403329015,0.11048250200000001,0.11186079980000001,0.1075577021,0.0298582405,1.3023590090000001,0.02749259948611111,1.986421943,0.414926499,0.852970421,0.633975625,68.58817291,972.3988037,998.6168213,20.63965988,20.39705086,20.11064911,21.46327972,23.48871994,56.90129852,43.32196045,2.3125,0.0558735073
0.1451406002,0.1402557969,0.11062560079999999,0.11182160379999999,0.1075402021,0.029707399000000002,1.179335022,0.027479351891666667,1.987524986,-0.042724989,0.852996707,0.642208099,68.58817291,972.9318848,998.616394,20.63975906,20.39716911,20.11064911,21.4633007,23.4865303,56.92422104,43.34215927,2.282500029,0.0558735192
0.1451246023,0.1403162956,0.11039609909999999,0.1117825031,0.1075227022,0.0298866093,1.3467049599999998,0.027471404605555555,1.98862803,0.161125898,0.853022873,0.632326484,68.58817291,973.190918,998.6160278,20.63986015,20.39728928,20.11064911,21.46332932,23.4843502,56.94713974,43.36235046,2.107500076,0.0558735311
0.1452340961,0.1404427052,0.1099787951,0.1117432952,0.10750529769999999,0.0303909898,1.455422974,0.027463457319444443,1.989730954,-0.109602503,0.853049219,0.614178002,49.45301819,973.3585815,998.6156006,20.6399498,20.39740944,19.92239952,21.46335983,23.4821701,56.97005844,43.38254166,2.335000038,0.0558735311
0.14538559909999998,0.14056910279999998,0.1099400997,0.1116587043,0.10748779770000001,0.0305700809,1.8531120300000001,0.027450213961111112,1.990834951,-0.244907096,0.85308069,0.631254077,43.07463074,973.5261841,998.6151733,20.64005089,20.39752007,19.85964966,21.46339035,23.47998047,56.99298096,43.40272903,2.19749999,0.0558735371
0.1455368996,0.140695405,0.11002750400000001,0.11155910490000001,0.10747029779999999,0.030619791200000003,2.1048830030000003,0.027435201008333333,1.991937995,-0.245622396,0.853114128,0.626675606,43.07463074,973.6939087,998.6146851,20.64015007,20.39764023,19.85964966,21.46340942,23.47780037,57.01589966,43.39762878,2.007499933,0.055873549
0.1456882954,0.1408218026,0.1101148963,0.1114593983,0.10745290519999999,0.0306694895,2.133493996,0.027420188055555555,1.993041039,-0.01482967,0.853147507,0.610965192,43.07463074,973.8615723,998.6143188,20.64024925,20.39776039,19.85964966,21.46343994,23.47561073,57.03881836,43.38410187,2.352499962,0.055873549
0.1458397985,0.1409482002,0.1104586005,0.1114199996,0.1074354053,0.0304498494,1.9983100889999998,0.027416436936111115,1.994143963,-0.077296279,0.853180826,0.595254719,63.62760925,974.0291748,998.6138916,20.64034081,20.39788055,19.91642952,21.46347046,23.47343063,57.06174088,43.37057114,2.480000019,0.055873560899999994
0.1459910989,0.1411255956,0.1103780985,0.11140069960000001,0.1074180007,0.030667451000000002,1.4718759540000002,0.027434319388888892,1.997197032,-0.216415599,0.853214204,0.606654286,70.47860718,974.1968994,998.6135254,20.64043999,20.39798927,19.93535995,21.46349907,23.47125053,57.08465958,43.35704041,2.194999933,0.05587357280000001
0.14604589939999998,0.1413200974,0.1101277947,0.1113813043,0.1074005008,0.0310607195,1.6800189970000001,0.027457169427777775,2.000899076,-0.245503098,0.853247583,0.600068212,70.47860718,974.364624,998.6129761,20.64053917,20.39810944,19.93535995,21.46352005,23.4690609,57.10757828,43.34352112,2.025000095,0.055873578800000004
0.1462052941,0.141514504,0.1101009965,0.1113291979,0.1073830009,0.0312503487,1.438259029,0.027503528594444444,2.004601955,-0.144769803,0.853776276,0.584474623,70.47860718,974.5322266,998.6126099,20.64064026,20.3982296,19.93535995,21.46355057,23.4668808,57.13050079,43.32999039,2.029999971,0.055873578800000004
0.14641040560000002,0.141860199,0.1101487041,0.11126600499999999,0.1073655963,0.0313720912,1.597762012,0.027579686905555557,2.008304119,-0.213316098,0.854470074,0.606265724,70.47860718,974.6998901,998.6121826,20.64073944,20.39834976,19.93535995,21.46357918,23.4647007,57.15341949,43.31645966,2.160000086,0.055873590699999996
0.1466155052,0.1418226957,0.11071490049999999,0.1112028956,0.1072474957,0.0311453015,1.9725599290000002,0.027691940730555555,2.012006998,-0.247291297,0.855163872,0.574738681,54.53004074,974.8674927,998.6118164,20.64082909,20.39846992,19.80798912,21.46360016,23.46250916,57.15666962,43.30292892,2.042500019,0.0558736026
0.14659659860000002,0.1418663979,0.1103096008,0.11125769619999999,0.10721009969999999,0.0315130711,1.725075912,0.027773081461111113,2.015708923,-0.054169331,0.85585767,0.604121387,49.21385956,975.0352173,998.6113281,20.64093018,20.39858055,19.76552963,21.46363068,23.46032906,57.15335846,43.28939819,2.3125,0.0558736086
0.1465029955,0.1417747974,0.1105419993,0.1113518,0.1072108984,0.03132433,1.540538979,0.027787971499999998,2.015809059,-0.1807715,0.85796243,0.575580597,49.21385956,975.2028198,998.6109009,20.64102936,20.39870071,19.76552963,21.46365929,23.45815086,57.15005112,43.27587128,2.390000105,0.0558736086
0.1465350986,0.1419512033,0.11048840280000001,0.1114459038,0.10721160169999999,0.0313578993,1.815203094,0.027785333,2.014707088,-0.064183056,0.86053741,0.540025175,49.21385956,975.3704834,998.6104736,20.64113045,20.39882088,19.76552963,21.4636898,23.45595932,57.14673996,43.26234055,2.244999886,0.0558736324
0.1468098998,0.1422402978,0.110226202,0.11138370040000001,0.10721230509999999,0.031817719300000005,1.803045082,0.02777373843611111,2.013603926,-0.126768902,0.863112271,0.538962781,49.21385956,975.9144897,998.6099854,20.64122963,20.39893913,19.76552963,21.46371078,23.45377922,57.14344025,43.24880981,2.065000057,0.0558736324
0.1468880057,0.1421977997,0.1103572965,0.11126940249999999,0.1072129965,0.031953391399999996,1.9482419969999998,0.027769103580555555,2.012502909,0.118090697,0.865687311,0.547009528,68.0895462,976.5839233,998.6096191,20.64131927,20.3990593,19.85964966,21.46398926,23.45158958,57.14012909,43.23527908,2.335000038,0.0558736384
0.1468781948,0.14234290119999998,0.11026190520000001,0.11134799719999999,0.1072137952,0.0319516808,1.58846302,0.02774890263888889,2.011399984,-0.121046796,0.868262172,0.598980725,74.38144684,976.2883301,998.6091919,20.64142036,20.39916992,19.89101982,21.46434021,23.44940948,57.13682175,43.22174835,2.207499981,0.0558736384
0.1469671011,0.1421460986,0.11106660370000002,0.1112483025,0.1072144985,0.0312763214,1.767996025,0.027728373208333334,2.010298967,-0.01292231,0.870837212,0.633526027,74.38144684,975.6710815,998.6088257,20.64151955,20.39929008,19.89101982,21.46468925,23.44722939,57.13351059,43.20822906,2.279999971,0.05587366219999999
0.14664119479999999,0.1420344949,0.11056590079999999,0.11130570170000001,0.1072152019,0.0315802008,1.735095978,0.02771777470833333,2.007493019,-0.071335718,0.87301302,0.57622838,74.38144684,975.053894,998.6082764,20.64162064,20.39941025,19.89101982,21.46504974,23.44627953,57.13019943,43.21311951,2.412499905,0.05587366219999999
0.1465909004,0.1418138981,0.11067910190000001,0.111442399,0.10721590519999999,0.03135539,1.613496971,0.027709827422222222,2.004117966,-0.167062297,0.87505579,0.516841888,66.28295898,974.4367065,998.6079712,20.64171982,20.39953041,19.89101982,21.4654007,23.44573975,57.12689972,43.22417068,2.244999886,0.055873668200000004
0.1464014053,0.1415310979,0.1106433988,0.1114537954,0.1072167039,0.0311486304,1.8159179689999998,0.02770188013611111,2.000744104,-0.178625807,0.87709862,0.536725402,63.58346176,975.2265015,998.6074829,20.64182091,20.39963913,19.89101982,21.46575928,23.4452095,57.12358856,43.23521042,2.153749943,0.055873668200000004
0.14611819980000001,0.141248405,0.1104287982,0.11162689919999999,0.1072173953,0.031051221499999997,1.8638420100000002,0.027680021922222225,1.997370005,-0.226429403,0.87914139,0.500282884,63.58346176,976.4852905,998.6071167,20.64191055,20.39975929,19.89101982,21.46611023,23.44466972,57.13428879,43.2462616,2.118750095,0.055873691999999996
0.1458349943,0.1409656048,0.11073280569999999,0.1117027998,0.1072180986,0.0304749697,2.766506004,0.027668433719444444,1.993996024,-0.021982331,0.88118422,0.562514305,63.58346176,977.0247192,998.6066895,20.64200974,20.39987946,19.89101982,21.46645927,23.44412994,57.14966965,43.25730133,2.319999933,0.055873691999999996
0.1456958055,0.14084700349999998,0.1102977037,0.1116008997,0.107218802,0.0306592107,2.512587929,0.02763896306388889,1.990622044,-0.060427912,0.884176314,0.560994029,63.58346176,977.3242798,998.6063232,20.64211082,20.39999962,19.89101982,21.46681976,23.4435997,57.16505051,43.26834106,2.24000001,0.055873698000000006
0.1456047058,0.1407832026,0.1102113008,0.11145789619999999,0.1072196007,0.0306357086,2.195722961,0.02763267305277778,1.98724699,-0.209918603,0.887484729,0.524297476,70.83585358,977.4935303,998.6057739,20.64221001,20.40011978,19.89101982,21.46717072,23.44305992,57.18041992,43.27938843,2.039999962,0.055873698000000006
0.1455135942,0.1405789018,0.1103423953,0.11140320299999999,0.107220304,0.0304407388,2.0941539760000003,0.027618764241666666,1.989384055,-0.230840206,0.890793085,0.540349126,73.25330353,977.6193848,998.6054077,20.64230919,20.40023041,19.89101982,21.4675293,23.44252968,57.19580078,43.29042816,2.282500029,0.0558737218
0.145422399,0.1404754996,0.1101426959,0.1113777995,0.1072209954,0.0304361612,1.950387955,0.027611808777777778,1.993356943,-0.179579407,0.89410162,0.485212892,73.25330353,977.7451782,998.6049805,20.64240074,20.40035057,19.89101982,21.46788025,23.4419899,57.21118164,43.30147934,2.394999981,0.0558737218
0.1453312993,0.1404212952,0.11035130019999999,0.11135239599999999,0.10722169880000001,0.0301985204,2.061252975,0.027601210275000003,1.997331023,0.083877102,0.897409976,0.473870993,73.25330353,977.8710938,998.6046143,20.64249992,20.40047073,19.89101982,21.46824074,23.44145966,57.22655869,43.31251907,2.137500048,0.055873727799999995
0.14514030220000002,0.14036710260000002,0.11032149790000001,0.11132700440000001,0.1072224021,0.030155759999999997,2.2257610320000003,0.027587966919444446,2.001601934,0.250295788,0.90071851,0.486990601,73.25330353,978.2850952,998.604126,20.64259911,20.4005909,19.89101982,21.46858978,23.44091988,57.24193954,43.29756927,2.049999952,0.055873727799999995
0.1451370955,0.1402317047,0.11033339499999999,0.1113016009,0.1072232008,0.030044078800000002,1.6928909300000001,0.027574721441666665,2.005971909,0.03929216,0.904026926,0.48702231,79.44795227,978.795105,998.6036987,20.6427002,20.40070915,19.91455078,21.46894073,23.4403801,57.25730896,43.27396011,2.357500076,0.0558737516
0.1450441957,0.1402847052,0.10981489419999999,0.11127619740000001,0.1072239041,0.030416810500000002,1.618502045,0.02757240295277778,2.010341883,-0.191262096,0.907335281,0.519421279,81.51284027,979.3051147,998.6032715,20.64279938,20.40081978,19.92152977,21.46929932,23.43984985,57.27268982,43.25033951,2.347500086,0.0558737516
0.1450706005,0.1402016044,0.1102797985,0.1112508059,0.1072245955,0.030004859000000002,1.9747039789999998,0.02754789776388889,2.014712095,-0.2458608,0.910643816,0.485435605,81.51284027,979.354126,998.6027832,20.64289093,20.40093994,19.9203701,21.46965027,23.43931007,57.28807068,43.22673035,2.30250001,0.0558737576
0.144976294,0.1403915048,0.1100651979,0.1112254024,0.10722529890000002,0.0301363498,2.202873039,0.02751478407222222,2.019082069,-0.236204699,0.913952172,0.486438602,81.51284027,979.2493286,998.602417,20.64299011,20.4010601,19.9192009,21.47001076,23.43877983,57.30344009,43.20310974,2.089999914,0.0558737695
0.14523049589999998,0.1404512048,0.1100293994,0.11119999890000001,0.10722609759999999,0.0303758711,1.8101919169999998,0.027502532536111114,2.023452997,-0.238052502,0.917260587,0.507840872,81.51284027,979.1444702,998.6019897,20.64308929,20.40118027,19.91803932,21.4703598,23.43824005,57.31882095,43.17950058,2.184999943,0.0558737814
0.1453605056,0.1406291962,0.1099877,0.1111745954,0.1072268009,0.030555269099999997,1.579878044,0.027492266761111113,2.021672964,-0.245443493,0.918860197,0.470414609,73.60022736,979.0397949,998.6016235,20.64319038,20.40129089,19.91687965,21.47071075,23.43770027,57.33420181,43.15587997,2.232500076,0.0558737814
0.1454036951,0.14075269699999998,0.1098844051,0.1111492038,0.10722750430000001,0.0307346702,2.074840927,0.027491272819444447,2.017843008,-0.209739804,0.919890225,0.449230909,70.96269226,978.9351196,998.6010742,20.64328957,20.40140915,19.91571999,21.47106934,23.43717003,57.34957886,43.13227081,2.109999895,0.0558737874
0.14562129969999998,0.1408357978,0.10978109840000001,0.11112380029999999,0.107228303,0.0309140801,1.9232080459999998,0.027540115780555555,2.014014006,0.121071003,0.920920193,0.49006781,70.96269226,979.0618286,998.600708,20.64337921,20.40152931,19.91455078,21.47142029,23.43663025,57.36494827,43.10865021,2.00999999,0.055873799300000006
0.1457221985,0.1409188986,0.10993410349999999,0.1110983968,0.1072289944,0.0308464915,1.6986129760000002,0.02760435740277778,2.01018405,-0.118662603,0.921950221,0.51022929,70.96269226,979.265625,998.6002808,20.6434803,20.40164948,19.91338921,21.47178078,23.43610001,57.38032913,43.12002182,2.237499952,0.0558738112
0.1457648993,0.1410020947,0.10981489419999999,0.1110730052,0.10722969769999999,0.031100469800000002,1.7501150129999998,0.02765220853888889,2.006496906,-0.234476104,0.92298013,0.508924127,59.29796982,979.2689819,998.5999146,20.64357948,20.40176964,19.91222954,21.47212982,23.43556023,57.39570999,43.14305115,2.282500029,0.0558738112
0.14580750469999998,0.1410851955,0.1095764995,0.11104760170000001,0.107230401,0.0314890891,1.477598953,0.027668766444444444,2.002857924,-0.235191405,0.924010098,0.504615009,55.40972137,979.2058105,998.5994873,20.64368057,20.40188026,19.91106987,21.47248077,23.43502045,57.41107941,43.1660881,2.119999886,0.055873817199999995
0.1458502054,0.14107420440000001,0.1100711942,0.1110692024,0.10723119969999999,0.0310340911,1.539824009,0.027676713730555556,1.999217987,-0.218919098,0.925040126,0.486647993,55.40972137,979.1425171,998.5991211,20.64377975,20.40200043,19.9099102,21.47283936,23.4344902,57.42596054,43.18912125,2.279999971,0.05587382910000001
0.1458927989,0.14103169440000002,0.1103543043,0.1111063004,0.1072319031,0.0307198614,2.229342079,0.027670752208333333,1.995579004,-0.238827303,0.926070094,0.464128405,55.40972137,979.0792236,998.5985718,20.64388084,20.40212059,19.90873909,21.47319031,23.43395042,57.44067001,43.21215057,2.3125,0.055873841
0.145737505,0.1408872008,0.1104853988,0.1111433983,0.1072325945,0.030546268799999998,2.6320390700000003,0.027677044338888887,1.991938949,-0.01554494,0.927100122,0.502097011,55.40972137,979.0159302,998.5982056,20.64397049,20.40224075,19.90757942,21.4735508,23.43342018,57.45537949,43.23519135,2.082499981,0.055873841
0.14565949439999998,0.1407086968,0.10998179910000001,0.1111806035,0.10723329779999999,0.030873361199999998,1.985438919,0.027677044338888887,1.988299966,-0.060964391,0.928129971,0.507757723,48.01314926,978.9526978,998.5977783,20.64406967,20.40236092,19.90641975,21.47389984,23.4328804,57.47008896,43.25822067,2.039999962,0.055873852999999994
0.14562929870000002,0.1407542944,0.10969569679999999,0.11121770140000001,0.1072435021,0.031025889499999997,1.452565002,0.02767306857777778,1.987761021,-0.106860697,0.927617013,0.468050301,45.54761887,978.8894043,998.5974121,20.64417076,20.40246964,19.90526009,21.47425079,23.43234062,57.48479843,43.28125,2.132499933,0.0558738589
0.145599103,0.140874505,0.10973139999999999,0.1111873031,0.1072568059,0.031064608700000003,2.212174988,0.027653202480555555,1.988257051,-0.134636804,0.926589608,0.43784821,45.54761887,978.8261108,998.5969238,20.64426994,20.4025898,19.90409088,21.47460938,23.43181038,57.49951935,43.30429077,2.377500057,0.0558738589
0.145973599,0.14099479909999998,0.1100950003,0.11113430259999998,0.1072700977,0.0308352113,1.629233932,0.027648898230555555,1.988752007,0.345187813,0.925562322,0.413912088,45.54761887,979.255188,998.5964966,20.64436913,20.40270996,19.90292931,21.47496033,23.4312706,57.51422882,43.3273201,2.480000019,0.0558738708
0.1458593011,0.1410830021,0.1102082968,0.11108130220000001,0.1072654963,0.0308012187,2.13778801,0.027635154725,1.989246964,0.535925627,0.924534917,0.445328414,45.54761887,979.8483887,998.5961304,20.64446068,20.40283012,19.90176964,21.47532082,23.43074036,57.52893066,43.35034943,2.160000086,0.055873882799999997
0.1459331989,0.1411605954,0.10999369619999999,0.111084199,0.1072550058,0.0310294002,1.8137710569999999,0.027615949841666664,1.989742041,0.356751412,0.923507512,0.446247309,49.23725891,980.4417114,998.5955811,20.64455986,20.40294075,19.90060997,21.47566986,23.43020058,57.54364014,43.34943008,2.170000076,0.0558738887
0.14598089460000002,0.1411649942,0.11004739999999999,0.111105597,0.1072445035,0.0310056895,1.981858063,0.027610153622222224,1.990237951,0.143005803,0.922480106,0.450473189,50.4671402,980.4810181,998.5952148,20.64466095,20.40306091,19.8994503,21.47602081,23.4296608,57.55836105,43.3405304,2.142499924,0.0558738887
0.1459758997,0.1411450982,0.11021430489999999,0.11112699509999999,0.1072339058,0.030879429000000003,1.554131031,0.02765353308888889,1.990733027,-0.01029965,0.92145282,0.438704997,50.4671402,980.3358154,998.5947876,20.64476013,20.40317917,19.89827919,21.47637939,23.42913055,57.57307053,43.33163071,2.015000105,0.0558739007
0.1459746003,0.1411250949,0.11016659740000001,0.11114840509999999,0.10725079769999998,0.0309302002,1.673582077,0.02769293891111111,1.991227984,-0.168731198,0.920425415,0.443510294,50.4671402,980.1904297,998.5944214,20.64485931,20.40329933,19.89711952,21.47673035,23.42859077,57.58778,43.32273102,2.220000029,0.0558739126
0.1460497022,0.1411051989,0.1102530003,0.11116980309999999,0.10727679729999999,0.030760321,1.491187954,0.027702210744444445,1.991722941,-0.220111206,0.91939801,0.456344008,50.4671402,980.045105,998.5938721,20.64495087,20.40341949,19.89595985,21.47709084,23.42806053,57.60248947,43.31383133,2.089999914,0.055873918499999994
0.1457591057,0.1410271049,0.1104079962,0.11119120119999999,0.10730270150000001,0.0306637585,2.692831993,0.027691614363888888,1.992218018,0.078751028,0.918370724,0.452567101,43.53794861,979.8997803,998.5935059,20.64505005,20.40353012,19.89480019,21.47743988,23.42752075,57.61719894,43.30493164,1.997499943,0.055873918499999994
0.14586670399999999,0.1409296036,0.1099639058,0.1112542987,0.107328701,0.031021490699999998,2.2407850270000003,0.02765916188611111,1.992714047,0.2095256,0.917343318,0.443253309,41.22822189,979.7545166,998.5930786,20.64514923,20.40365028,19.89362907,21.47780037,23.42699051,57.63190842,43.29602814,2.184999943,0.0558739305
0.1457882047,0.1408321977,0.1099639058,0.1111477971,0.1073547006,0.0310293198,1.735806084,0.027650553386111113,1.993209004,0.461657107,0.915135384,0.469029814,41.22822189,979.6091919,998.5927124,20.64525032,20.40377045,19.89246941,21.47814941,23.42645073,57.6466217,43.28712845,2.11500001,0.0558739424
0.14558900589999998,0.1409319997,0.1100355029,0.1111379981,0.10736119749999999,0.0308762103,1.502630043,0.027642938824999998,1.993703961,0.240162894,0.912533998,0.487730712,41.22822189,979.4639282,998.5922241,20.6453495,20.40389061,19.89130974,21.47850037,23.42591095,57.66133118,43.27822113,2.039999962,0.0558739483
0.1455392003,0.1410977006,0.1100592971,0.1111807942,0.10736119749999999,0.0308415711,1.308796978,0.027621911366666668,1.995831966,-0.147750095,0.909932613,0.533960283,69.64547729,979.3184814,998.5917969,20.64543915,20.40401077,19.77070045,21.47886086,23.42538071,57.67604065,43.26932907,2.037499905,0.0558739483
0.1458603024,0.1412634015,0.1100831032,0.11114380360000001,0.10736119749999999,0.0310049415,1.873852921,0.027597408294444445,1.998504043,-0.075746551,0.907331228,0.527506411,79.11789703,978.3770752,998.5913696,20.64554024,20.40411949,19.73059082,21.4792099,23.42484093,57.69075012,43.26042938,2.182499886,0.055873960300000004
0.1462062955,0.141652596,0.1097136021,0.1110802054,0.10736119749999999,0.031479391499999995,1.622794914,0.027580848269444447,2.001176119,-0.190427601,0.904729784,0.499737203,79.11789703,977.5076294,998.5910034,20.64563942,20.40423965,19.73059082,21.47957039,23.42431068,57.70545959,43.25151825,2.132499933,0.0558739722
0.14636319879999998,0.1419548988,0.1095883965,0.1110165954,0.10736119749999999,0.0320399314,1.5784480090000002,0.02756693946111111,2.00384903,-0.194003999,0.902128518,0.525012374,79.11789703,977.1915283,998.5905762,20.64574051,20.40435982,19.73059082,21.47991943,23.4237709,57.72016907,43.24995041,2.355000019,0.0558739781
0.14678989650000002,0.14220340250000002,0.10976719859999999,0.1110255957,0.1073482037,0.0321339905,1.174322987,0.02756147596666667,2.006520987,-0.1898316,0.899527073,0.522123575,79.11789703,977.022583,998.5900879,20.64583969,20.40447998,19.73059082,21.48027039,23.42322922,57.73487854,43.25082016,2.357500076,0.0558739781
0.1469861984,0.1424334049,0.1101129055,0.1110587955,0.1072806954,0.032072541100000004,2.493273926,0.02753796471388889,2.009192944,-0.032711338,0.896925688,0.538404286,69.472229,976.8535767,998.5897217,20.64592934,20.40459061,19.78031921,21.48063087,23.42270088,57.74959183,43.25167847,2.450000048,0.05587399010000001
0.1473291993,0.1426571965,0.10999369619999999,0.11109210249999998,0.1071964979,0.032497060300000005,2.108462906,0.027513457405555556,2.011864901,0.250415087,0.894324422,0.524476707,66.25700378,976.6845703,998.5892944,20.64603043,20.40471077,19.7968998,21.48097992,23.42215919,57.7643013,43.25254822,2.430000067,0.055874002
0.14740040299999999,0.1424865961,0.1105123043,0.11112530229999999,0.1071755052,0.0321640611,1.652120972,0.02750385920277778,2.011715889,0.183418393,0.891722977,0.571179211,66.25700378,976.515625,998.5889282,20.64612961,20.40483093,19.7968998,21.48134041,23.42163086,57.77901077,43.25341034,2.394999981,0.0558740079
0.1473521948,0.14218449589999999,0.1108162999,0.1111585021,0.1071755052,0.0316754103,1.824501038,0.027482664319444444,2.010626078,0.019741541,0.889121592,0.612134218,66.25700378,976.3466187,998.5883789,20.6462307,20.40494919,19.7968998,21.48168945,23.42108917,57.79372025,43.25428009,2.089999914,0.0558740079
0.1468770981,0.1418823957,0.1109593034,0.1112342954,0.1071755052,0.0312370509,1.835947037,0.027476041580555555,2.009536982,0.258640587,0.886520207,0.654925406,66.25700378,974.6038208,998.5880127,20.64632988,20.40506935,19.7968998,21.48204994,23.42056084,57.80001831,43.25514984,2.035000086,0.0558740199
0.1467226982,0.1414716959,0.1109236002,0.1115288973,0.10727339979999999,0.0309801608,2.355228043,0.02746411853333333,2.008446932,-0.09482035,0.883918822,0.701727629,68.04180908,972.3361816,998.5875854,20.64641953,20.40517998,19.67925072,21.48240089,23.42001915,57.80350876,43.25601959,2.065000057,0.0558740318
0.1462072968,0.14102469680000002,0.1108281016,0.1116943955,0.10734740499999999,0.030627179100000002,1.996880913,0.027466108533333332,2.007356882,-0.176241502,0.889169514,0.646335006,68.63674164,970.0687256,998.5872192,20.64652061,20.40530014,19.64003944,21.48274994,23.41947937,57.80699921,43.25688171,1.987499952,0.055874037700000004
0.1456398964,0.1408298016,0.1106255054,0.1117941976,0.10736119749999999,0.0304739714,2.450362015,0.027535646227777776,2.006268024,0.161245093,0.899258375,0.705017686,68.63674164,969.427124,998.5866699,20.6466198,20.4054203,19.64003944,21.48311043,23.41894913,57.81048965,43.25775146,2.035000086,0.055874037700000004
0.1455255985,0.14071869850000002,0.1103870988,0.1117509007,0.1073891044,0.0304047406,1.592757988,0.02764757156388889,2.005177975,0.017714949,0.910087526,0.666045487,68.63674164,969.3275757,998.5863037,20.64672089,20.40554047,19.64003944,21.48345947,23.41840935,57.8139801,43.25860977,2.067500114,0.055874061600000004
0.1455489993,0.1406077981,0.1106315017,0.111660099,0.1074262023,0.0300339192,1.3610099789999999,0.027702210744444445,2.004089117,-0.201752707,0.911571681,0.657615483,72.0632019,969.2280273,998.5858765,20.64682007,20.40564919,19.75768089,21.48381996,23.4178791,57.81747055,43.25947952,2.279999971,0.055874061600000004
0.1455723047,0.1408167005,0.1103752017,0.1115692019,0.10746330019999999,0.030222010599999998,1.250144958,0.027712474400000003,2.002999067,-0.148226902,0.907009721,0.637713373,73.20536041,969.6796265,998.5853882,20.64690971,20.40576935,19.7968998,21.48417091,23.41733932,57.820961,43.26034927,2.222500086,0.0558740675
0.1455957055,0.1408754945,0.11052420140000001,0.11147830489999999,0.1075005054,0.030329591,1.536248016,0.027715121375,2.001909018,-0.214269802,0.901470721,0.605148017,73.20536041,970.3148804,998.585022,20.6470108,20.40588951,19.7968998,21.48451996,23.41679955,57.82445908,43.26121902,2.157500029,0.0558740675
0.1456190944,0.1408486009,0.1105330944,0.11150720119999999,0.1075376034,0.0303370506,1.7493989939999999,0.027695918613888888,2.000936031,-0.244430304,0.895931482,0.626176476,73.20536041,970.9500732,998.5845947,20.64710999,20.40600967,19.7968998,21.48488045,23.41843987,57.82794952,43.26208115,2.352499962,0.055874091400000006
0.1455971003,0.1408218026,0.1104257941,0.1115759015,0.1075469017,0.0303445101,1.583456993,0.027692277697222222,2.000000954,0.100924298,0.890392482,0.6192981,73.20536041,971.5853882,998.5842285,20.64720917,20.40612984,19.7968998,21.48522949,23.4208107,57.83143997,43.26383972,2.356250048,0.055874091400000006
0.1455600977,0.14079489709999998,0.1106673002,0.1116446972,0.1075469017,0.0300590992,2.0276330949999997,0.02771810743611111,1.999066949,0.107719302,0.884853482,0.656826079,49.33586884,972.2207031,998.5836792,20.64731026,20.40624046,19.86749077,21.48558998,23.42317009,57.83493042,43.26588821,2.27125001,0.0558740973
0.1456012964,0.14088289739999998,0.1103811979,0.1117133975,0.1075469017,0.0303900212,2.0841409680000003,0.027780028444444445,1.99813199,0.210121706,0.881176293,0.651569426,41.37937164,971.9978027,998.583374,20.6473999,20.40636063,19.89101982,21.48594093,23.42554092,57.79190063,43.26794052,2.234999895,0.0558740973
0.145668602,0.1408110976,0.1104706049,0.1117295027,0.1075469017,0.030412349100000003,1.4089340209999999,0.027858528555555557,1.997197032,-0.114967003,0.878119707,0.686446488,41.37937164,971.4887695,998.5828857,20.64749908,20.40648079,19.89101982,21.48628998,23.42790031,57.73337173,43.26998901,2.342499971,0.0558741212
0.1457358003,0.1409831047,0.1103274941,0.111728096,0.1075469017,0.0304283589,1.580599022,0.02792888852777778,1.996263027,-0.242999703,0.875063181,0.650569677,41.37937164,970.9799194,998.5825195,20.64760017,20.40660095,19.89101982,21.48665047,23.43026924,57.67483902,43.27204895,2.342499971,0.0558741212
0.1460525036,0.141258502,0.1104347944,0.1115329027,0.10755319599999999,0.030502998799999997,1.783732986,0.02799577713888889,1.99532795,-0.225833401,0.872006714,0.638217628,41.37937164,970.4708862,998.5820923,20.64769936,20.40671921,19.89101982,21.48699951,23.43263054,57.61631012,43.27410126,2.119999886,0.055874127100000004
0.1461225033,0.1413645029,0.1104943991,0.11143310070000001,0.1075615048,0.0307550997,1.965407944,0.02807061088888889,1.994392991,-0.232866794,0.868950129,0.619137526,60.05319977,971.4099121,998.5817261,20.64780045,20.40682983,19.75871086,21.48736,23.43499947,57.55776978,43.27614975,2.282500029,0.055874127100000004
0.1462785006,0.1414141059,0.11083409790000001,0.1115936995,0.10756989720000001,0.0305682689,1.61421299,0.028148110694444443,1.993458986,-0.189712405,0.865893483,0.591826975,66.27780914,972.831604,998.5811768,20.64789009,20.40695,19.71459961,21.48771095,23.43736076,57.49924088,43.27819824,2.13499999,0.055874151000000004
0.1463273048,0.141463697,0.1109295011,0.1118234038,0.1075781941,0.0305093586,2.282271004,0.028220111,1.992524028,-0.226071805,0.864366829,0.603995979,66.27780914,973.1870117,998.5808105,20.64798927,20.40707016,19.71459961,21.48806953,23.43972969,57.44070816,43.28025055,2.097500086,0.055874151000000004
0.14631849530000002,0.14138950109999998,0.11072690489999999,0.1119192004,0.10763750080000001,0.0307408601,1.98758297,0.028290305666666668,1.99158895,0.094844513,0.863349974,0.629324913,66.27780914,973.1870117,998.5803833,20.64809036,20.40719032,19.71459961,21.48842049,23.44208908,57.38217926,43.28229904,2.091249943,0.0558741629
0.1463098049,0.1415876985,0.1106433988,0.1119703054,0.10771369930000001,0.0308045089,2.171406937,0.028345610305555557,1.990654945,-0.132848695,0.862333179,0.620638072,66.27780914,973.2891846,998.5800171,20.64818954,20.40730095,19.71459961,21.48876953,23.44445992,57.32365036,43.28435898,2.066250086,0.0558741629
0.1463886976,0.1417479992,0.1108162999,0.11181659699999999,0.10773270130000001,0.0307908207,2.282267952,0.02843369377777778,1.989719987,-0.082183957,0.861316383,0.600612879,71.68031311,973.4255981,998.5795288,20.64829063,20.4074192,19.65867996,21.48913002,23.44681931,57.26512146,43.28641129,2.075000048,0.0558741689
0.14649679659999998,0.1418609977,0.11073280569999999,0.1118424058,0.10773270130000001,0.030976149400000003,1.812338066,0.028492639333333333,1.988785028,-0.165154904,0.860299587,0.595752418,73.48114014,973.5618896,998.5791016,20.64838028,20.40753937,19.64003944,21.48947906,23.44919014,57.20658112,43.28845978,2.170000076,0.05587418079999999
0.146568203,0.1419739962,0.1112393975,0.1119508982,0.10773270130000001,0.030608269599999998,2.451075935,0.02855755488888889,1.987851024,-0.236800805,0.859282911,0.577675879,73.48114014,973.6981812,998.5786743,20.64847946,20.40765953,19.64003944,21.48983955,23.45154953,57.14075089,43.29050827,2.019999981,0.055874192700000005
0.146627295,0.14208699460000002,0.11126329900000001,0.1119822979,0.10773270130000001,0.0305853188,2.290852928,0.028621139527777777,1.989207029,-0.035810839,0.858266115,0.585210323,73.48114014,973.7561035,998.578186,20.64858055,20.40777969,19.64003944,21.49019051,23.45392036,57.07247162,43.29256058,1.99000001,0.0558741987
0.1468232989,0.1420938015,0.1113348961,0.1119881988,0.10773270130000001,0.030746200699999997,1.8745710370000002,0.028632388638888888,1.991327047,-0.134756103,0.85724932,0.603311718,78.12986755,973.7877808,998.5778198,20.64867973,20.40789032,19.75768089,21.49053955,23.45627975,57.00419998,43.29460907,2.13499999,0.0558741987
0.14674659969999998,0.1420652032,0.111501801,0.111993897,0.10773270130000001,0.030596628799999998,2.265821075,0.028448248972222222,1.993448019,-0.232509196,0.856232524,0.605700672,79.67944336,973.819519,998.5773926,20.64878082,20.40801048,19.7968998,21.49090004,23.45863914,56.93592072,43.29666901,2.045000076,0.055874210599999995
0.1468011022,0.1421491027,0.11098910570000001,0.1119997978,0.10773270130000001,0.031073561300000004,1.8903089520000003,0.028212500666666664,1.995568037,-0.037122171,0.855215728,0.602852225,79.67944336,973.8513184,998.5770264,20.64887047,20.40813065,19.7968998,21.49124908,23.46100998,56.939991,43.29872131,1.992499948,0.0558742225
0.1469347954,0.1422703981,0.1107805014,0.11200549600000001,0.10773270130000001,0.0313516915,2.0483779909999997,0.028129389027777778,1.997688055,-0.177314401,0.854198873,0.568756819,79.67944336,973.8828735,998.5764771,20.64896965,20.40825081,19.7968998,21.49160957,23.46338081,56.96817017,43.29692841,2.07249999,0.0558742285
0.1470685005,0.1423918009,0.11074869629999999,0.1120061994,0.10773270130000001,0.0314824492,1.6585580830000002,0.02815686119444444,1.999807954,0.156119093,0.853182197,0.524245679,79.67944336,973.9146729,998.5761108,20.64907074,20.40836906,19.7968998,21.49196053,23.4657402,56.99634933,43.29386902,2.152499914,0.0558742285
0.1472022057,0.1426543951,0.11071690320000001,0.112005198,0.10773270130000001,0.0316132009,1.551268005,0.028192638833333332,2.001928091,-0.101734601,0.852165401,0.515961885,70.93634033,974.7045898,998.5756836,20.64916992,20.40847969,19.91455078,21.49231911,23.46810913,56.9516716,43.29079819,2.07249999,0.0558742404
0.1476132989,0.1429638982,0.1108878016,0.11191289419999999,0.10773270130000001,0.0317439586,1.506921959,0.02825274997222222,2.004049063,-0.047970369,0.851899326,0.519753814,68.02197266,975.7470703,998.5753174,20.6492691,20.40859985,19.95376968,21.49267006,23.47047043,56.8827095,43.28773117,2.077500105,0.0558742523
0.1478585958,0.1432734966,0.1107864022,0.1117902994,0.10773270130000001,0.032160690400000004,1.968268013,0.028322277055555557,2.006169081,-0.177791297,0.851883411,0.51078248,68.02197266,976.7897949,998.5748901,20.64936066,20.40872002,19.95376968,21.4930191,23.47283936,56.81373978,43.28467178,2.352499962,0.0558742583
0.1480178952,0.1432425976,0.1112334967,0.11183650490000001,0.10772290229999999,0.0320824414,2.041225052,0.02839677811111111,2.008289099,0.946488678,0.851867497,0.516260922,68.02197266,976.815918,998.5745239,20.64945984,20.40884018,19.95376968,21.49337959,23.47520065,56.74477005,43.28160095,2.305000067,0.0558742583
0.1479200959,0.1430982947,0.1114004016,0.11193900109999999,0.1076271057,0.0318074197,2.022628975,0.02847294488888889,2.008712053,0.374752194,0.851851583,0.548541129,68.02197266,976.5031128,998.5739746,20.64956093,20.40895081,19.95376968,21.49373055,23.47756004,56.67580032,43.27853012,2.477499962,0.0558742702
0.14752529860000002,0.14266979689999998,0.1117938042,0.1120416045,0.10761120319999999,0.0312875897,3.1677749630000003,0.028519806333333335,2.008569956,-0.148107693,0.851835728,0.587677002,45.74209976,976.1903076,998.5736084,20.64966011,20.40906906,19.90670967,21.49408913,23.47993088,56.60683823,43.27547073,2.38499999,0.05587428209999999
0.1473824024,0.1423784971,0.111352706,0.1121984005,0.1076310992,0.031317091000000005,2.35522995,0.028535054527777777,2.008428097,-0.076104179,0.851819813,0.54536581,38.31547928,975.8776245,998.5731812,20.64975929,20.40918922,19.88447952,21.49444008,23.48229027,56.5378685,43.2723999,2.247499943,0.0558742881
0.1469812036,0.14216439720000001,0.111412394,0.1123733044,0.1076509953,0.0310216814,2.631321907,0.028470471694444444,2.008285046,0.514467597,0.851804018,0.533077776,38.31547928,975.5648193,998.5728149,20.64985085,20.40930939,19.87577057,21.49478912,23.48465919,56.46889877,43.26934052,2.00999999,0.0558742881
0.14683459999999998,0.1420815945,0.1112275004,0.1123162985,0.10767090319999999,0.03095541,2.476110077,0.028251584361111113,2.008142948,0.42160219,0.851787984,0.539847076,38.31547928,975.7863159,998.5723267,20.64995003,20.40942955,19.86705971,21.49514961,23.48702049,56.47801971,43.26626968,1.955000043,0.0558743
0.1465626955,0.1418872952,0.11167459490000001,0.1121821046,0.10769079919999999,0.0304069608,2.581255913,0.02801711188888889,2.007999897,0.496824294,0.851772189,0.51645261,38.31547928,976.1859131,998.5718994,20.65004921,20.40954018,19.85833931,21.49550056,23.48938942,56.51316071,43.2632103,2.132499933,0.055874311899999994
0.1466146946,0.1419193983,0.11162099839999999,0.11219090220000001,0.10771069529999999,0.0302430511,1.828076935,0.027899250444444443,2.007858038,0.465471894,0.852991283,0.506092727,61.75374985,976.5853882,998.5714722,20.6501503,20.40966034,19.84963036,21.49585915,23.49175072,56.54830933,43.26013947,2.295000076,0.055874317900000005
0.1465803027,0.1418164968,0.11154350040000001,0.1120849013,0.10773060320000001,0.030275988599999998,1.776579094,0.02784097247222222,2.007714987,-0.0627525,0.854622126,0.47958231,69.56651306,976.9849854,998.5709839,20.65024948,20.4097805,19.84090996,21.4962101,23.49411964,56.58346176,43.25708008,2.05250001,0.055874317900000005
0.1464719057,0.14163759950000002,0.11154350040000001,0.1120741963,0.10773509740000001,0.0303089291,1.7401029590000001,0.027813472750000002,2.007572889,-0.1898316,0.856252909,0.474517405,69.56651306,977.3845825,998.5706177,20.65033913,20.40990067,19.8321991,21.49655914,23.49648094,56.61859894,43.25400925,2.289999962,0.0558743298
0.14636340139999998,0.14157929419999998,0.1111680031,0.11211329699999999,0.1077345014,0.0304918706,1.507639027,0.027805027444444446,2.00743103,0.664435089,0.857883692,0.458472699,69.56651306,977.7841797,998.5701904,20.65044022,20.41002083,19.82348061,21.49691963,23.49884987,56.65375137,43.25094986,2.377500057,0.055874341699999996
0.1462548971,0.1415611982,0.1110607028,0.11215250489999999,0.1077339053,0.030534398600000002,2.097019005,0.027800388333333332,2.007287979,0.0525246,0.859514475,0.462837487,77.20838165,978.1837769,998.5698242,20.6505394,20.41012955,19.81476974,21.49727058,23.50120926,56.68889999,43.24787903,2.130000114,0.05587434770000001
0.1462502956,0.141542995,0.11126329900000001,0.11214150190000001,0.107733202,0.030255201500000002,2.36882,0.02779227786111111,2.007145882,-0.204852104,0.861145318,0.447723597,79.75566864,978.583374,998.5692749,20.65064049,20.41024971,19.80604935,21.49762917,23.50358009,56.70837021,43.2448082,2.282500029,0.05587434770000001
0.146280396,0.1415755033,0.11091760399999999,0.1121137977,0.1077326059,0.030609428900000003,1.972562981,0.027773077222222223,2.007004023,-0.111390702,0.864326477,0.433998913,79.75566864,978.9829712,998.5689087,20.65073967,20.41036987,19.79734039,21.49798012,23.50593948,56.72262955,43.24174881,2.412499905,0.0558743596
0.14631040099999998,0.1416247964,0.1107447028,0.1120861053,0.107731998,0.030890590000000002,1.7293739320000001,0.02775751325833333,2.006860971,-0.068951517,0.86802429,0.423913985,79.75566864,979.3826294,998.5684814,20.65084076,20.41049004,19.78862953,21.49832916,23.50831032,56.73688889,43.23868179,2.152499914,0.0558743715
0.1463405013,0.1416741014,0.1108400941,0.11205840110000001,0.1077314019,0.030844551300000002,1.458286953,0.02773930019722222,2.006719112,-0.201395005,0.871722281,0.413828999,79.75566864,979.7822266,998.5681152,20.6509304,20.41060066,19.77990913,21.49868965,23.51066971,56.75114822,43.23561096,2.037499905,0.0558743775
0.1463704944,0.1417235017,0.11098320479999998,0.1120306969,0.1077306986,0.030724230400000004,1.5984749790000001,0.027736320494444446,2.006576061,-0.247291297,0.875420213,0.429690212,62.89292908,980.1817017,998.567627,20.65102959,20.41072083,19.77120018,21.4990406,23.51304054,56.76541138,43.23255157,2.255000114,0.0558743775
0.1463171005,0.1414921045,0.11112619640000002,0.11200300459999998,0.1077301025,0.0306039006,2.392424965,0.027725060780555554,2.006433964,-0.247291297,0.879999697,0.434544206,57.2720108,980.5812988,998.5671997,20.65113068,20.41083908,19.76247978,21.49939919,23.51539993,56.77967072,43.22948074,2.277499914,0.0558743894
0.1463039041,0.1408507943,0.11126929519999999,0.11210060120000001,0.1077294946,0.030258509500000003,1.9117620469999999,0.027702210744444445,2.006292105,-0.239423305,0.884872973,0.432846189,57.2720108,980.692688,998.5667725,20.65122986,20.41095924,19.75377083,21.49975014,23.51777077,56.79393005,43.22642136,2.207499981,0.0558744013
0.1460999012,0.14098850489999998,0.1114122987,0.11211550239999998,0.1077288985,0.029450389700000003,2.482546997,0.02768697738611111,2.006149054,-0.238767698,0.889746428,0.431148291,57.2720108,980.7078857,998.5664063,20.65133095,20.41107941,19.74505043,21.50009918,23.52013016,56.80818939,43.22335052,2.025000095,0.0558744073
0.1459473014,0.1411488056,0.11091159580000001,0.1120887041,0.10772819520000002,0.0300768286,2.010473061,0.027660155825,2.006006956,-0.241390303,0.894619823,0.396673888,57.2720108,980.7232056,998.565979,20.65142059,20.41119003,19.73633957,21.50045967,23.52249908,56.82244873,43.22029114,2.255000114,0.0558744073
0.1458353996,0.1409453034,0.11098320479999998,0.11206200120000001,0.1077275991,0.0302203089,1.999024963,0.027648237016666664,2.005863905,-0.244012997,0.899493098,0.397434205,69.90545654,980.7385254,998.5656128,20.65151978,20.4113102,19.8282795,21.50081062,23.52486038,56.83671188,43.21722031,2.267499924,0.055874419200000004
0.1457236052,0.1408782005,0.11099510189999999,0.1120352983,0.10772700310000001,0.030029028699999998,2.159242058,0.027633995480555555,2.005722046,-0.246635601,0.904366493,0.446935505,74.11660004,980.7537842,998.5651245,20.65162086,20.41143036,19.85964966,21.5011692,23.52722931,56.85097122,43.21416092,2.352499962,0.0558744311
0.14561170340000001,0.1407603979,0.1110605955,0.1120085001,0.1077263951,0.0298377603,1.763701057,0.027633664872222224,2.005578995,-0.212243304,0.907533884,0.428680301,74.11660004,980.7689819,998.5646973,20.65172005,20.41155052,19.85964966,21.50152016,23.52959061,56.86521912,43.21109009,2.420000076,0.05587443709999999
0.1454998016,0.1406003952,0.1109027028,0.11198179720000001,0.1076925993,0.0298564404,1.6056270600000002,0.027610153622222224,2.005436897,0.224665493,0.910132706,0.425871402,74.11660004,980.7880249,998.56427,20.65181923,20.41165924,19.85964966,21.5018692,23.53195953,56.87947845,43.20801926,2.212500095,0.05587443709999999
0.1453879952,0.1406211019,0.11065239909999999,0.1118978024,0.1076478004,0.0299450994,1.747967911,0.027583991155555557,2.005295038,-0.089575022,0.912731528,0.436975092,74.11660004,980.8081055,998.5637817,20.65191078,20.4117794,19.85964966,21.50222969,23.53432083,56.89374161,43.20495987,2.170000076,0.05587444900000001
0.1455407023,0.1407019973,0.110661304,0.11179480550000001,0.1076028943,0.0300337613,1.861696053,0.02756809658611111,2.005151987,-0.221184105,0.915330291,0.448078811,66.38923645,980.828186,998.5634155,20.65200996,20.41189957,19.71846962,21.50258064,23.53668976,56.90800095,43.20188904,2.075000048,0.0558744609
0.1456132054,0.1407521009,0.11018450259999998,0.11169730419999999,0.10755809549999999,0.0305424511,1.511931038,0.027563792333333337,2.00500989,-0.239065796,0.917929113,0.430584908,63.81344986,980.8483887,998.5629883,20.65210915,20.41201973,19.67140961,21.50293922,23.53904915,56.92226028,43.19882965,2.38499999,0.055874472900000006
0.14562950130000002,0.14095439910000002,0.1099997044,0.1116016984,0.1075469017,0.0307524413,1.7315179820000002,0.027548063066666666,2.004868031,-0.247291297,0.920527875,0.438314289,63.81344986,980.8685303,998.5626221,20.65221024,20.41213989,19.67140961,21.50329018,23.54141045,56.93651962,43.19575882,2.432499886,0.055874472900000006
0.1458675981,0.1412106991,0.11058379410000001,0.11150599720000001,0.1075469017,0.0303937912,2.5476369859999997,0.02752753363611111,2.004724979,-0.148942098,0.922499418,0.423440605,63.81344986,980.8886108,998.5620728,20.65230942,20.41225052,19.67140961,21.50363922,23.54377937,56.95077896,43.19269943,2.432499886,0.0558744788
0.1461796045,0.1414670944,0.1103870988,0.1114104033,0.1074908972,0.0307782203,2.7386140820000002,0.027517433166666667,2.004582882,-0.204494596,0.924261928,0.418714792,74.2385788,980.9088135,998.5617065,20.65239906,20.41237068,19.76552963,21.50399971,23.54614067,56.9650383,43.1896286,2.147500038,0.0558744907
0.14628419880000001,0.1415446997,0.1103811979,0.11131479740000001,0.10744440559999999,0.031021910899999998,2.159962082,0.027523725297222225,2.00120306,-0.071216539,0.926024318,0.421170205,77.71362305,980.928894,998.5612793,20.65250015,20.41249084,19.7968998,21.50435066,23.5485096,56.97930145,43.18656921,2.057499886,0.055874502699999995
0.1463196039,0.1415626049,0.11042289729999999,0.1113047957,0.1074072957,0.031120479099999997,2.087717056,0.027526374391666664,1.996744037,-0.176122293,0.927786708,0.399597704,77.71362305,980.9489746,998.5609131,20.65259933,20.4126091,19.7968998,21.50470924,23.54725075,56.99356079,43.20186996,2.299999952,0.055874502699999995
0.1463549018,0.1415806055,0.11042289729999999,0.11132329700000002,0.10737019779999998,0.031072428800000003,2.33877697,0.02756511688333333,1.992285013,-0.224164397,0.929549098,0.38820529,77.71362305,980.9691772,998.5604248,20.65270042,20.41272926,19.7968998,21.5050602,23.54478073,57.00782013,43.22330093,2.07249999,0.0558745086
0.1463904023,0.1415984988,0.11061949730000001,0.1112174034,0.10733309980000001,0.0309755206,1.7679939269999998,0.02765253914722222,1.98782599,0.081135273,0.930369794,0.413505107,77.71362305,981.0292969,998.5599976,20.65279961,20.41283989,19.7968998,21.50542068,23.54231071,57.02207947,43.24473953,1.977499962,0.055874520500000004
0.1464257956,0.1418269992,0.110492897,0.1111678004,0.1072960019,0.0311408311,1.70862999,0.027780693888888888,1.983366966,-0.116993599,0.930876613,0.404623508,65.64086914,981.1027832,998.5595703,20.65288925,20.41296005,19.7968998,21.50576973,23.5398407,57.01177979,43.2661705,2.152499914,0.0558745325
0.14664030079999998,0.1421254992,0.1102365971,0.11115080120000001,0.1072589993,0.0316965789,1.7644210820000001,0.027883667416666667,1.978907943,-0.239661798,0.931383371,0.380944908,61.61661911,981.1762695,998.559082,20.65299034,20.41308022,19.7968998,21.50612068,23.53737068,56.99328995,43.28760147,2.359999895,0.0558745325
0.146914506,0.14225950240000002,0.10998029709999999,0.1111557961,0.10722190140000001,0.0321452409,1.875285912,0.02792538961111111,1.974449039,0.65072602,0.93189019,0.408244789,61.61661911,981.2498169,998.5587769,20.65308952,20.41320038,19.7968998,21.50647926,23.5349102,56.97481155,43.30902863,2.087500095,0.05587453839999999
0.1470571041,0.1426619053,0.1097239971,0.1111680984,0.1071848035,0.032524541000000004,1.997595024,0.02792408413888889,1.977092028,0.228718594,0.932397127,0.398494601,61.61661911,981.3231812,998.5582886,20.65319061,20.4133091,19.7968998,21.50683022,23.53244019,56.95632935,43.33045959,2.11500001,0.055874550300000006
0.1474447966,0.1427757978,0.1103752017,0.1109884024,0.1071755052,0.032286641,2.002602005,0.027913915833333334,1.98210299,0.190332606,0.932903886,0.3913396,61.61661911,981.3967285,998.5579224,20.65328979,20.41342926,19.7968998,21.5071907,23.52997017,56.93783951,43.35189056,2.160000086,0.0558745623
0.14751490350000002,0.14275759459999998,0.1103096008,0.11097420449999999,0.1071755052,0.0324253112,1.614928055,0.02790374966666667,1.987112999,0.190809503,0.933410704,0.391054511,56.22938919,981.4702148,998.5574951,20.65337944,20.41354942,19.91455078,21.50753975,23.52750015,56.91936111,43.37332153,2.287499905,0.0558745623
0.1474470973,0.1428745031,0.110405004,0.1110365987,0.1071755052,0.032339018600000005,1.7651350019999998,0.02788533316666667,1.992123961,-0.01208782,0.932545602,0.390769303,54.43365097,981.5435791,998.5571289,20.65348053,20.41366959,19.95376968,21.5078907,23.52503014,56.90087891,43.35675049,2.269999981,0.055874568199999995
0.14753459689999998,0.14273589849999999,0.11091760399999999,0.1110990047,0.1071755052,0.0319568187,2.378832054,0.02787308375,1.995764017,-0.123609804,0.931223214,0.4053967,54.43365097,981.6171265,998.5565796,20.65357971,20.41378975,19.95376968,21.50824928,23.52256012,56.88240051,43.32751846,2.25,0.0558745801
0.1473289013,0.1424970984,0.11074479820000001,0.11116139890000001,0.1071755052,0.0320134103,2.44749794,0.027869777666666668,1.998945951,-0.192037001,0.929900706,0.424995005,54.43365097,981.6906128,998.5562134,20.6536808,20.41390038,19.95376968,21.50860023,23.52009964,56.86391068,43.29829025,2.107500076,0.055874592099999995
0.14700820450000002,0.14225840569999998,0.11047650579999999,0.111223805,0.1071755052,0.0320367396,2.468239975,0.027842610666666667,2.002129078,0.524719775,0.928578317,0.44459331,69.38733673,981.4747925,998.5557861,20.65377998,20.41402054,19.90670967,21.50896072,23.51762962,56.84542847,43.2690506,2.337500095,0.055874592099999995
0.1468230009,0.142019701,0.1106106997,0.1112861991,0.1071755052,0.0316196501,2.267963028,0.027820750333333335,2.005311012,0.853384912,0.927255809,0.447243601,74.37190247,981.1625977,998.5554199,20.65386963,20.4141407,19.89101982,21.50930977,23.51515961,56.85155106,43.23981857,2.257499933,0.055874598
0.1465103984,0.14178099630000002,0.1108610034,0.1113011003,0.1071755052,0.0310776412,2.602712059,0.027798082555555558,2.0084939,0.2251423,0.925933421,0.409696907,74.37190247,980.8502808,998.5548706,20.65397072,20.41426086,19.89101982,21.50967026,23.51268959,56.86587906,43.21057892,2.214999914,0.055874609900000004
0.14636700149999998,0.1415423036,0.1108878016,0.1113001943,0.1071575046,0.0309415191,2.581967926,0.027773573133333333,2.011676073,0.610790193,0.924610913,0.430064887,74.37190247,980.5380859,998.5545044,20.6540699,20.41437912,19.89101982,21.5100193,23.51021957,56.88021088,43.18135071,2.130000114,0.0558746219
0.1462991953,0.1412399054,0.11062560079999999,0.1112993002,0.1071521997,0.0309406996,2.126342964,0.027764466602777777,2.014858961,0.138475806,0.923288524,0.519045413,74.37190247,980.7244873,998.5540771,20.65416908,20.41448975,19.89101982,21.51037025,23.50774956,56.89453888,43.15211105,2.00999999,0.0558746219
0.14588769669999999,0.1409162998,0.11075669530000001,0.1112982988,0.1071532011,0.030626261199999998,2.290139961,0.027754035525,2.018040895,-0.206998006,0.921966016,0.534930885,69.05034637,979.5385742,998.5535889,20.65427017,20.41460991,19.77337074,21.51073074,23.50528908,56.9088707,43.12287903,2.144999981,0.0558746278
0.145578301,0.1405871987,0.110738802,0.11144289970000001,0.10715409520000001,0.030207291200000003,2.059107971,0.027741449144444444,2.013025999,-0.246933699,0.921088219,0.543239415,67.27649689,977.8399048,998.5532227,20.65435982,20.41473007,19.73415947,21.51107979,23.50281906,56.92319107,43.13845062,2.079999924,0.05587463969999999
0.14534100290000002,0.1404757023,0.1106196046,0.11140190359999999,0.10715509649999999,0.029961699200000004,1.99616394,0.02772539138888889,2.005276918,-0.086594768,0.920358717,0.54430902,67.27649689,976.1411743,998.5527954,20.65446091,20.41485023,19.73415947,21.51144028,23.50035095,56.93751907,43.16894913,2.002500057,0.0558746517
0.1452803969,0.14043719770000002,0.1103752017,0.111282897,0.1071560979,0.0301423907,2.346644974,0.02770817015,1.99752903,-0.191619694,0.919628978,0.540539086,67.27649689,975.8234863,998.5524292,20.65456009,20.41496086,19.73415947,21.51178932,23.49788094,56.95185089,43.19945908,2.275000095,0.0558746576
0.1452787042,0.1402693033,0.1106971025,0.11116390229999999,0.1071570039,0.0297541499,2.224333,0.027705853780555557,1.989781022,-0.246575996,0.918899477,0.49645561,67.27649689,975.9663086,998.5518799,20.65465927,20.41507912,19.73415947,21.51214027,23.49541092,56.96617889,43.2299614,2.152499914,0.0558746576
0.1452769995,0.1402784944,0.1103811026,0.1112336993,0.1071580052,0.0298880994,2.3158889769999997,0.02767472585,1.982031941,-0.208666906,0.917073429,0.4821648,56.93431091,976.1090088,998.5515137,20.65476036,20.41519928,19.92239952,21.51250076,23.4929409,56.98051071,43.26047134,2.049999952,0.0558746696
0.1450490952,0.1401942015,0.1101546049,0.11126689910000001,0.1071588993,0.0300343603,1.666427994,0.02765022277777778,1.981698036,-0.227979094,0.914881825,0.538198829,53.4869194,976.3173828,998.5510864,20.65485001,20.41531944,19.98514938,21.51284981,23.49047089,56.99483109,43.29096985,2.265000105,0.0558746815
0.1451758981,0.1404688001,0.1100512981,0.11126689910000001,0.1071599007,0.0301010698,1.527663994,0.0276426061,1.983836055,-0.230303705,0.912690222,0.489825696,53.4869194,976.5477295,998.5507202,20.65494919,20.41543961,19.98514938,21.5132103,23.48800087,57.00915909,43.3214798,2.25,0.0558746874
0.14544609790000002,0.140663898,0.10994800330000001,0.11119530200000001,0.10716090199999999,0.0305168003,2.293713951,0.027621743944444443,1.985973954,-0.219097897,0.910498679,0.518876672,53.4869194,976.7778931,998.550293,20.65505028,20.41555023,19.98514938,21.51355934,23.48554039,57.02349091,43.3519783,2.257499933,0.0558746874
0.1457162976,0.1407866001,0.11031559710000001,0.11109999420000001,0.10716179610000001,0.030400070499999998,1.6220819469999999,0.027618100908333332,1.988111973,-0.239542603,0.908307076,0.479323387,53.4869194,977.0081177,998.5499268,20.65514946,20.41567039,19.98514938,21.51391029,23.48307037,57.03781891,43.38248062,2.059999943,0.055874699400000005
0.14566789870000002,0.1410220981,0.1100711942,0.11107610459999999,0.10716279749999999,0.030732610799999997,2.275838089,0.027603200277777778,1.990249991,-0.2344165,0.907573223,0.475488394,64.5582962,977.2384033,998.5493774,20.65525055,20.41579056,19.77337074,21.51427078,23.48060036,57.05215073,43.36687851,2.184999943,0.055874711300000005
0.14601609710000002,0.1412953019,0.1099727988,0.11108759640000002,0.1071637034,0.031071341000000002,1.784446907,0.027594922383333335,1.994722962,-0.242999703,0.907325327,0.495568901,68.24875641,977.4686279,998.5490112,20.65534019,20.41591072,19.70277977,21.51461983,23.47813034,57.0664711,43.3359108,2.242500067,0.0558747172
0.1461897016,0.1414651036,0.11000859739999999,0.1111029983,0.1071647048,0.0313381791,1.838091087,0.027578029633333334,1.999976039,0.158980101,0.907077312,0.460756809,68.24875641,977.6989136,998.548584,20.65543938,20.41603088,19.70277977,21.51498032,23.47566032,57.0807991,43.30493164,2.382499933,0.0558747172
0.14624919890000002,0.14160039419999998,0.1098744988,0.1111184001,0.1071656942,0.0316050291,1.602769089,0.027551871405555556,2.005228043,-0.08826372,0.906829417,0.498513997,68.24875641,977.9290771,998.5482178,20.65554047,20.4161396,19.70277977,21.51532936,23.47319031,57.09513092,43.27396011,2.414999962,0.055874729199999994
0.1463086963,0.141485095,0.11047049760000001,0.1111336946,0.10716660019999999,0.0311297596,2.174982071,0.02753796471388889,2.010479927,-0.1171128,0.906581521,0.482546389,69.80610657,978.1594238,998.5477295,20.65563965,20.41625977,19.73151016,21.51568985,23.47072983,57.10945892,43.24298096,2.335000038,0.0558747411
0.146202302,0.1412863016,0.11055990460000001,0.1111490965,0.10716760160000001,0.0308476806,2.086288071,0.027528690761111113,2.015733004,-0.180056304,0.906333506,0.500409424,70.32523346,978.0610962,998.5473022,20.65574074,20.41637993,19.73527908,21.5160408,23.46825981,57.12379074,43.21200943,2.309999943,0.055874747
0.1460404992,0.1410874963,0.1106255054,0.1111644983,0.1071684957,0.0307124615,1.8023300169999998,0.027511475880555553,2.0148561,-0.237039194,0.905150414,0.504195273,70.32523346,977.8533936,998.546875,20.65583038,20.41650009,19.72753906,21.51638985,23.46578979,57.13811111,43.18104172,2.362499952,0.055874747
0.1458114982,0.1407629967,0.11053609849999999,0.1111804008,0.107169497,0.030577230500000004,2.270828056,0.02751445346388889,2.011935949,0.583610117,0.90365541,0.509698272,70.32523346,977.6456299,998.5463867,20.65592957,20.41661072,19.71980095,21.51675034,23.46331978,57.15243912,43.15005875,2.387500048,0.055874758999999996
0.1455600977,0.1406829953,0.1102082968,0.11119660140000001,0.1071704984,0.0305112004,2.103454971,0.02750815921388889,2.009016037,0.226572797,0.902160525,0.519628108,70.32523346,977.4379272,998.5460205,20.65603065,20.41673088,19.71206093,21.51709938,23.46084976,57.16677094,43.15744019,2.24000001,0.055874758999999996
0.14545220139999998,0.1406985044,0.1101487041,0.1112128019,0.10717140439999999,0.030468219499999998,1.9182010649999999,0.027511138916666667,2.005382061,0.1946242,0.900665581,0.511263311,73.50692749,977.2302246,998.5455933,20.65612984,20.41684914,19.70432091,21.51745987,23.45837975,57.18109894,43.17760849,2.392499924,0.0558747828
0.145392096,0.14071389439999998,0.11019639969999999,0.1111675978,0.1071724057,0.030425238599999998,2.162818909,0.02751908620277778,2.001508951,0.556549072,0.899170697,0.528186619,74.56749725,977.022522,998.5452271,20.65623093,20.4169693,19.69656944,21.51781082,23.45590973,57.19543076,43.19778061,2.144999981,0.0558747828
0.145332098,0.1406584978,0.11076259610000001,0.11110190150000002,0.10717329980000001,0.0299314499,2.134209061,0.027545912000000002,1.997637033,-0.01506814,0.897675812,0.519079804,74.56749725,976.8148193,998.5446777,20.65632057,20.41708946,19.68882942,21.51815987,23.45344925,57.20975113,43.21794891,2.325000048,0.0558747888
0.1452720046,0.1405794978,0.1105898023,0.1112004995,0.1071743011,0.030007270000000003,1.876000977,0.027584985097222223,1.993764043,-0.075031303,0.896180928,0.497808814,74.56749725,976.6069946,998.5443115,20.65641975,20.41720009,19.6810894,21.51852036,23.45097923,57.22407913,43.23810959,2.404999971,0.055874800700000005
0.14508639569999998,0.1402467966,0.1104884982,0.11135389799999999,0.1071753025,0.030057468999999996,2.073411942,0.027610153622222224,1.989892006,-0.080395818,0.894685924,0.511860073,74.56749725,976.399292,998.5438843,20.65652084,20.41732025,19.67334938,21.5188694,23.44850922,57.23841095,43.25828171,2.069999933,0.055874812600000004
0.144859004,0.1402449965,0.1101547003,0.1115072966,0.10727829929999999,0.030019161100000004,1.751542091,0.027610153622222224,1.986019015,-0.210574299,0.893436015,0.537685394,59.90620041,976.1915283,998.5435181,20.65662003,20.41744041,19.81258965,21.51922989,23.4460392,57.25273895,43.27843857,2.357500076,0.055874812600000004
0.1449553967,0.1403815985,0.11018439529999999,0.1113940001,0.10727829929999999,0.0299808502,2.036931992,0.02761545181388889,1.982146978,-0.247291297,0.892267704,0.551686704,55.01910019,975.9838257,998.5430298,20.65671921,20.41756058,19.85964966,21.51958084,23.44356918,57.26707077,43.29861069,2.325000048,0.0558748186
0.1451596975,0.14051820040000002,0.1098209023,0.11119190450000001,0.1072325945,0.030502820000000003,1.598476982,0.02759963989166667,1.983880997,-0.091005556,0.891099513,0.546381414,55.01910019,975.9525757,998.5426025,20.65681076,20.41768074,19.85964966,21.51992989,23.44109917,57.28139114,43.31877899,2.337500095,0.05587483049999999
0.1453641057,0.1408051968,0.109800005,0.1111202955,0.1071869016,0.030731371,1.248715019,0.027575467427777778,1.987483025,-0.186255202,0.889931202,0.520032108,55.01910019,975.9802856,998.5421753,20.65690994,20.41778946,19.85964966,21.52029037,23.43862915,57.29571915,43.33893967,2.067500114,0.0558748424
0.14582489729999998,0.1411422014,0.10995500090000002,0.1110921979,0.1071755052,0.030799859800000003,1.488325024,0.027551290725,1.99108398,-0.237754405,0.888762891,0.535122097,51.13785172,976.0078735,998.5418091,20.65700912,20.41790962,19.81258965,21.52063942,23.43617058,57.31005096,43.35911179,2.247499943,0.0558748424
0.1461616039,0.14148199560000002,0.1096719027,0.1110641956,0.1071755052,0.0314506799,1.66285305,0.02752712037777778,1.994686007,-0.240933403,0.887594581,0.520334005,49.84410095,976.0355835,998.5413818,20.65711021,20.41802979,19.80212975,21.52099991,23.43370056,57.32437897,43.35205841,2.107500076,0.055874848399999996
0.146428299,0.1418226004,0.1098863959,0.111036098,0.1071755052,0.0316849411,2.4739660260000003,0.027511141036111113,1.998288989,-0.244112402,0.885811329,0.531858921,49.84410095,976.0631714,998.5410156,20.6572094,20.41814995,19.8090992,21.52135086,23.43123055,57.33871078,43.33594131,2.255000114,0.055874860299999995
0.14669510130000002,0.1421602964,0.110136795,0.1110080004,0.1071755052,0.031715649400000004,2.594127083,0.027522731358333333,2.001889944,-0.136544198,0.883822799,0.532412708,49.84410095,976.0908813,998.5405273,20.65730095,20.41826057,19.81607056,21.52170944,23.42876053,57.35303116,43.3198204,2.217499971,0.0558748722
0.1470677018,0.1424968958,0.1100592971,0.1109799027,0.1071755052,0.032068339,2.3537990570000002,0.02753663804722222,2.005491972,0.335174114,0.881834388,0.524702191,49.84410095,976.1185303,998.5401001,20.65740013,20.41838074,19.82304955,21.52206039,23.42629051,57.36735916,43.30369949,2.345000029,0.0558748722
0.1471475005,0.14247629639999998,0.11021070479999999,0.1109518051,0.1071823001,0.0323254287,2.6627950670000002,0.027585315705555558,2.009094,0.068022028,0.879845977,0.541220903,65.23227692,976.1461792,998.5396729,20.65749931,20.4185009,19.8300209,21.52240944,23.4238205,57.38169098,43.28759003,2.220000029,0.0558748782
0.1471181989,0.1423367023,0.11046819690000001,0.111085701,0.10719139579999999,0.032062411299999996,2.405294037,0.02769095315,2.012696981,0.028205531,0.877857506,0.509337187,70.36167145,976.1738281,998.5391846,20.6576004,20.41861916,19.83699036,21.52276993,23.42135048,57.39601898,43.27146912,2.30250001,0.0558748901
0.1469344974,0.142197001,0.1107257009,0.1110903025,0.10720039610000001,0.031648549399999996,2.644911957,0.027756852044444443,2.012845039,-0.150253505,0.875869095,0.541930676,70.36167145,976.2014771,998.5388184,20.65769958,20.41873932,19.84395981,21.52312088,23.41889,57.40591812,43.25534821,2.44749999,0.055874902000000004
0.1468611002,0.1420572996,0.1109830976,0.1111889958,0.1072095037,0.0312346995,2.475394058,0.02779361088888889,2.011842966,-0.205567405,0.873880625,0.544493079,70.36167145,976.229126,998.5383911,20.65778923,20.41884995,19.85092926,21.52347946,23.41641998,57.41434097,43.23923111,2.172499895,0.055874902000000004
0.1466014981,0.1416067004,0.1112406015,0.11133960490000001,0.1072185993,0.0308208406,2.878087044,0.02779194513888889,2.010840893,0.330167204,0.871892214,0.527789116,70.36167145,976.2567749,998.5380249,20.65789032,20.41897011,19.85791016,21.52383041,23.41394997,57.42276001,43.2231102,2.309999943,0.055874908
0.1462618947,0.1414245009,0.1106076002,0.11162209510000001,0.107227695,0.030999010799999997,2.15638504,0.027786666027777778,2.009838104,0.736677229,0.870560229,0.523482382,73.10366821,976.2844849,998.5374756,20.6579895,20.41909027,19.74263954,21.52417946,23.41147995,57.43117905,43.20698929,2.097500086,0.0558749199
0.1460420012,0.1411542058,0.1106076002,0.11166529659999999,0.10723669529999999,0.0308717191,2.549066925,0.02777639812777778,2.008836031,0.828231275,0.869446993,0.495521486,74.01766205,976.3120728,998.5371094,20.65809059,20.41921043,19.70363045,21.52453995,23.40900993,57.4396019,43.20547104,2.142499924,0.055874931800000006
0.1458621025,0.1410539985,0.1106673002,0.1116140962,0.1072458029,0.0305768192,2.3559419630000002,0.02776358710277778,2.007833958,0.165536702,0.868333817,0.491371512,74.01766205,976.3397827,998.5366821,20.65818977,20.41931915,19.70363045,21.5248909,23.40653992,57.44802094,43.2088089,2.309999943,0.055874931800000006
0.1459385037,0.1410341024,0.1106433988,0.1115628004,0.1072548985,0.0304504812,2.024060059,0.027750780316666668,2.006830931,-0.196507394,0.867220521,0.461071104,74.01766205,976.7302856,998.5363159,20.65829086,20.41943932,19.70363045,21.52524948,23.40407944,57.45643997,43.21215057,2.147500038,0.0558749378
0.1459635973,0.1410140991,0.11067320110000001,0.1115116,0.10726389880000001,0.0303803414,2.591267967,0.02773714701388889,2.005829096,-0.215819597,0.866107285,0.471201688,74.01766205,977.2416992,998.5358276,20.65838051,20.41955948,19.70363045,21.52560043,23.40160942,57.46487045,43.21548843,2.005000114,0.055874949699999996
0.1459429979,0.1409942031,0.1107208967,0.11146039960000001,0.1072715044,0.0303101897,2.550497055,0.027723238202777778,2.004827023,-0.207474798,0.864994109,0.462153196,71.39454651,977.7531738,998.5354004,20.65847969,20.41967964,19.6559391,21.52596092,23.3991394,57.47328949,43.21884155,2.265000105,0.055874961599999995
0.1459223986,0.1410542011,0.11053620580000001,0.11146099570000001,0.107278502,0.030462148799999998,1.9968820569999999,0.027699892255555553,2.003823996,-0.237396806,0.863880873,0.440842509,70.52017212,978.2645874,998.5349731,20.65858078,20.4197998,19.64003944,21.52630997,23.39666939,57.48170853,43.22217941,2.127500057,0.055874961599999995
0.145975697,0.141140902,0.110738802,0.11147890090000001,0.1072855949,0.0303886414,1.930360985,0.027689791786111112,2.002821922,-0.247291297,0.862767577,0.449445486,70.52017212,978.776123,998.5344849,20.65867996,20.41991043,19.64003944,21.52666092,23.39419937,57.49013138,43.22552109,2.282500029,0.055874967600000006
0.1460536003,0.1411913037,0.1105777979,0.1114967942,0.10729260439999999,0.0305874914,2.035503006,0.027685154808333334,2.001820087,0.065280199,0.86165452,0.468019605,70.52017212,979.2874756,998.5341797,20.65877914,20.42003059,19.64003944,21.5270195,23.39172935,57.49855042,43.22885895,2.269999981,0.0558749795
0.1461313963,0.141229701,0.1105301976,0.1115146995,0.1072996974,0.030689591199999998,2.004747009,0.027655192480555556,2.00081706,-0.127007306,0.860541224,0.434923887,73.73243713,979.5377197,998.5338135,20.6588707,20.42015076,19.80475044,21.52737045,23.38925934,57.50696945,43.23220062,2.247499943,0.0558749914
0.1460224986,0.141268003,0.1110605955,0.1115326047,0.10730669500000001,0.0302020907,3.007551956,0.027616778480555555,1.999814987,-0.155379593,0.859427989,0.447331399,74.80319214,979.7006226,998.5333252,20.65896988,20.42027092,19.85964966,21.52773094,23.38680077,57.51538849,43.23554993,2.047499895,0.0558749914
0.146152699,0.1413063049,0.1106433988,0.11155049800000001,0.1073137999,0.0306403786,2.4575090410000002,0.027609661950000003,1.998813033,-0.215938807,0.858492613,0.412091196,74.80319214,979.8635864,998.5328979,20.65906906,20.42038918,19.85964966,21.52807999,23.38433075,57.52381134,43.2388916,2.152499914,0.0558749974
0.1462357998,0.14134459500000002,0.11038409469999999,0.1114554048,0.1073207974,0.030928769699999997,1.9074720379999999,0.02761297013888889,1.997810006,-0.223925903,0.857616425,0.405576408,74.80319214,980.0266113,998.5324707,20.65917015,20.4204998,19.85964966,21.52843094,23.38186073,57.53223038,43.24222946,2.24000001,0.0558750093
0.1462697983,0.1414255023,0.1103006959,0.1114467025,0.1073279023,0.0310452193,1.926069069,0.02759988784722222,1.996808052,-0.239423394,0.856740177,0.416254193,74.80319214,980.1860962,998.5319824,20.65926933,20.42061996,19.85964966,21.52878952,23.37939072,57.54066086,43.24557114,2.242500067,0.0558750212
0.14630370139999999,0.1415205002,0.1108162999,0.1114792943,0.1073348999,0.0306777388,1.8595500950000001,0.02759028540833333,1.995805979,-0.246313795,0.855863988,0.387160987,77.66364288,980.3444214,998.5316162,20.65936089,20.42074013,19.88318062,21.52914047,23.3769207,57.5490799,43.24892044,2.164999962,0.0558750212
0.1463376045,0.14161549810000001,0.1108698964,0.11151200530000001,0.1073418975,0.030671268699999997,2.9610599520000003,0.027573727502777777,1.994802952,-0.245646194,0.854987681,0.398587197,78.61712646,980.5026855,998.531189,20.65946007,20.42086029,19.89362907,21.52949905,23.37445068,57.5641098,43.2522583,2.214999914,0.0558750272
0.1463001966,0.1413607001,0.11109639410000001,0.1115445971,0.1073490024,0.0305184096,2.689258003,0.02755385928611111,1.993800998,-0.244978696,0.854111612,0.403016299,78.61712646,980.6610718,998.5308228,20.65955925,20.42097092,19.89711952,21.52985001,23.37198067,57.58134079,43.25559998,2.210000038,0.0558750391
0.1462389946,0.1413910985,0.11068509820000001,0.1117491961,0.1073559999,0.030655130699999998,2.009041023,0.027533988952777776,1.992799044,-0.244311094,0.853235424,0.430169106,78.61712646,980.819397,998.5302734,20.65966034,20.42108917,19.90060997,21.53019905,23.36952019,57.59856033,43.25894165,2.117500067,0.055875050999999995
0.1461778045,0.1415554047,0.1103929996,0.1117269039,0.1073631048,0.0309239894,2.3459299089999996,0.027511138916666667,1.991796017,-0.243643507,0.852359176,0.421362907,78.61712646,980.9777222,998.5299072,20.65975952,20.42120934,19.90409088,21.53055954,23.36705017,57.61579895,43.26227951,2.007499933,0.055875050999999995
0.1463235021,0.1416062951,0.11097719669999999,0.1116099,0.1073701024,0.030555808499999997,2.717869949,0.02749524646388889,1.990793943,-0.230959401,0.85709691,0.417377889,57.57616043,980.9290771,998.52948,20.65984917,20.4213295,19.90757942,21.53091049,23.36458015,57.63302994,43.26562881,2.287499905,0.05587506290000001
0.1465381026,0.14190499780000002,0.11089969870000001,0.1114928007,0.10737719539999999,0.0307244807,2.28083992,0.027488958569444444,1.989791989,-0.214269802,0.868802309,0.420144588,50.56251144,980.8115234,998.5291138,20.65995026,20.42144966,19.91106987,21.53126907,23.36211014,57.65026093,43.26897049,2.442500114,0.055875068900000005
0.14675279859999998,0.1421615005,0.1105183005,0.111461103,0.1073842049,0.031392771,2.240781975,0.027467100355555555,1.989748001,-0.237277597,0.88220638,0.422911286,50.56251144,980.6937866,998.5286255,20.66004944,20.42156029,19.91455078,21.53162003,23.35964012,57.6674881,43.27230835,2.190000057,0.055875068900000005
0.1469673991,0.1423722029,0.1104318023,0.11145780089999999,0.10739129780000001,0.0317145705,1.8008939739999998,0.02746809429722222,1.990023971,-0.246337697,0.890514076,0.425678015,50.56251144,980.5761719,998.5281982,20.66015053,20.42168045,19.91803932,21.53196907,23.3571701,57.68471909,43.27565002,2.347500086,0.0558750927
0.1471820951,0.142582798,0.11044369940000001,0.1113976955,0.10739829540000001,0.0318931192,1.9382270810000002,0.02747869067777778,1.990298986,-0.247052893,0.888459504,0.428444713,50.56251144,980.4586182,998.527771,20.66024971,20.42180061,19.92152977,21.53232956,23.35470009,57.70195007,43.27899933,2.152499914,0.0558750927
0.1473966956,0.1427045941,0.11071490049999999,0.1113186955,0.10740540030000001,0.0318578213,1.883153915,0.027547893525000002,1.990574956,-0.178625703,0.883517087,0.431211412,68.65673065,980.3410034,998.5272827,20.6603508,20.42192078,19.73415947,21.53268051,23.35223961,57.71918106,43.282341,2.329999924,0.0558750987
0.1474329948,0.1427968025,0.1106971025,0.1113893986,0.10741239789999998,0.03194336,2.486125946,0.02766346613611111,1.990851045,-0.2244028,0.87857461,0.410652786,74.68813324,980.2233887,998.5269165,20.66044044,20.42204094,19.67140961,21.53303909,23.34976959,57.73640823,43.28567886,2.464999914,0.0558750987
0.14758180380000002,0.14288899900000002,0.1108847976,0.11151000259999999,0.1074195027,0.031833040699999995,1.996167946,0.027782026916666664,1.991127014,-0.247291297,0.873632073,0.418263108,74.68813324,980.1057739,998.5264893,20.66053963,20.42214966,19.67140961,21.53339005,23.34729958,57.68812943,43.28902054,2.105000019,0.0558751225
0.1473497033,0.1426061988,0.11118290420000002,0.1116305947,0.1074265003,0.0316360891,2.556220055,0.027875722250000002,1.991402984,0.01843025,0.871860027,0.470649689,74.68813324,979.9882202,998.526123,20.66064072,20.42226982,19.67140961,21.53373909,23.34482956,57.61800003,43.2923584,2.309999943,0.0558751225
0.14717689750000001,0.14240009780000001,0.1111500978,0.11175119879999999,0.1074336052,0.031439140399999996,2.199300957,0.027955888111111108,1.991677999,0.289039403,0.871144712,0.475598097,73.91272736,979.8704834,998.5256958,20.6607399,20.42238998,19.67559052,21.53409958,23.34235954,57.54787827,43.29570007,2.450000048,0.0558751285
0.1470723987,0.1422611952,0.11174019580000001,0.11178389790000001,0.1074406028,0.0306873113,1.906041908,0.02802705552777778,1.991953969,0.117971502,0.870429397,0.442306399,73.65426636,979.7285156,998.5253296,20.66083908,20.42251015,19.68117905,21.53445053,23.33988953,57.47774887,43.29904938,2.355000019,0.0558751285
0.14677469729999998,0.14212239980000002,0.1113765001,0.1117872953,0.10744760040000001,0.0308626086,2.1842819209999997,0.02808997261111111,1.992230058,0.140502393,0.871373177,0.451104403,73.65426636,979.5783081,998.5247803,20.66093063,20.42262077,19.68675041,21.53480911,23.33742905,57.40763092,43.30239105,2.252500057,0.055875152299999994
0.1466837049,0.14185750479999998,0.1113109946,0.11179070470000001,0.1074547052,0.030811798600000002,1.831652069,0.028177750916666668,1.992506027,0.368314892,0.872870088,0.415853202,73.65426636,979.7404785,998.5244141,20.66102982,20.42274094,19.69234085,21.53516006,23.33496094,57.33750916,43.30572891,2.200000048,0.055875152299999994
0.1465060949,0.14181619880000002,0.1112990975,0.1119330049,0.1074617028,0.030562049200000004,1.783016014,0.028255555888888888,1.992781997,-0.062156498,0.874366879,0.421731204,73.65426636,980.007019,998.5239868,20.66113091,20.42285919,19.69791985,21.53623962,23.33889008,57.26737976,43.30907059,2.137500048,0.055875158300000005
0.1465263963,0.1418632984,0.11097719669999999,0.11197990179999999,0.1074792027,0.030791619399999998,1.8988889690000001,0.028337999972222222,1.993057966,0.05776985,0.87586391,0.448003888,66.30917358,980.2733154,998.5236206,20.66123009,20.42297935,19.86663055,21.53755951,23.34494972,57.19726181,43.31241989,2.345000029,0.055875158300000005
0.1467851996,0.1421128988,0.1108579993,0.11197949650000001,0.10750000479999999,0.030977699199999997,2.061252975,0.028390333388888887,1.993332982,-0.146200299,0.877360702,0.453254193,63.86080933,980.5396729,998.5230713,20.66132927,20.42309952,19.92239952,21.53887939,23.35102081,57.12714005,43.31576157,2.390000105,0.0558751822
0.1469323039,0.1422590017,0.1109861016,0.111818397,0.10752090219999999,0.0310960114,2.86592598,0.028456221694444447,1.993608952,-0.195255697,0.878857613,0.425030798,63.86080933,980.6063843,998.5227051,20.66142082,20.42321014,19.92239952,21.54019928,23.35708046,57.05701065,43.31909943,2.454999924,0.0558751822
0.1470252037,0.1423478961,0.11116499900000001,0.1118206024,0.10754179950000001,0.031095570300000003,2.7522039410000003,0.02853038788888889,1.99388504,-0.127782196,0.880354404,0.443527699,63.86080933,980.6066284,998.5222778,20.66152,20.42333031,19.92239952,21.54151917,23.36314964,56.98688889,43.3224411,2.502500057,0.055875188099999994
0.14722969530000002,0.142437005,0.1115136981,0.1118952036,0.1075626969,0.030818030200000002,1.977570915,0.028594139944444447,1.99416101,-0.163128302,0.881851315,0.401107013,63.86080933,980.6066895,998.5219116,20.66161919,20.42345047,19.92239952,21.54283905,23.36922073,56.91675949,43.32577896,2.285000086,0.055875188099999994
0.1471724033,0.1423527956,0.1117223024,0.1119696975,0.107583499,0.0306775689,2.481118011,0.028654416388888892,1.994436979,-0.04320192,0.883348227,0.39808321,62.97917938,980.6068115,998.5214233,20.66172028,20.42357063,19.75768089,21.54416084,23.37528038,56.84664154,43.32912827,2.045000076,0.055875211999999994
0.1470155001,0.1422109962,0.11161500220000001,0.11204429860000001,0.1076043963,0.0306091994,2.1442260739999996,0.028688333305555556,1.994711995,0.252560794,0.884845018,0.368428886,62.68529892,980.9144287,998.5209961,20.66181946,20.4236908,19.70277977,21.54548073,23.38134956,56.78419113,43.33246994,2.230000019,0.055875211999999994
0.1468585968,0.1420691013,0.1116387963,0.1121444941,0.10762530569999999,0.0305408299,2.5869760509999997,0.02850488875,1.994987965,0.163152501,0.886341929,0.349857002,62.68529892,981.3244019,998.5206299,20.6619091,20.42379951,19.70277977,21.54678917,23.38740921,56.72428894,43.33581161,2.220000029,0.055875217899999996
0.1467015982,0.1419273019,0.11137659550000001,0.112164402,0.10764620300000001,0.0307260305,2.225765038,0.02825191711111111,1.995264053,0.350910008,0.887838721,0.365236402,62.68529892,981.734375,998.5200806,20.66201019,20.42391968,19.70277977,21.54810905,23.39347076,56.73630142,43.33914948,2.347500086,0.0558752298
0.1466256976,0.1426406026,0.11162099839999999,0.1121546984,0.10767639879999999,0.0303165913,1.511215019,0.028171778777777778,1.995540023,0.105096698,0.889335573,0.365168303,67.27964783,982.1444702,998.5197144,20.66210938,20.42403984,19.70277977,21.54943085,23.39953995,56.7722702,43.33921051,2.077500105,0.055875241799999996
0.146576798,0.1422693014,0.111519599,0.11214489940000001,0.1077098012,0.031121000599999997,1.697184944,0.028117472333333334,1.995815992,-0.180413902,0.890832484,0.389773488,68.81109619,982.5545044,998.5192871,20.66221046,20.42416,19.84395981,21.55075073,23.40560913,56.80823898,43.33818054,2.24000001,0.055875241799999996
0.1465278983,0.1418871045,0.1110010028,0.1121351957,0.1077432036,0.0312682688,2.016906929,0.028059527083333334,1.996091008,-0.240615502,0.892329276,0.378733993,68.81109619,982.6693115,998.5189209,20.66230965,20.42427063,19.89101982,21.55207062,23.41167068,56.84421921,43.33713913,2.097500086,0.0558752477
0.1464789987,0.141653502,0.11153149600000001,0.11212550400000001,0.1077765942,0.0303403288,2.598419952,0.028069445305555555,1.996366978,-0.242522895,0.893826187,0.369825214,68.81109619,982.68573,998.5183716,20.66239929,20.42439079,19.89101982,21.5533905,23.41773987,56.8346405,43.33610153,2.289999962,0.055875259600000005
0.14643009899999998,0.141613996,0.11147199869999999,0.11211570500000001,0.1078099012,0.0301764488,2.823728943,0.02812258402777778,1.996642947,-0.244430304,0.895323098,0.36679399,68.81109619,982.7020874,998.5180054,20.66250038,20.42450905,19.89101982,21.55471039,23.42379951,56.80987167,43.33507156,2.402499914,0.0558752716
0.14638110399999998,0.1416391015,0.11148380040000001,0.1121060014,0.10784330369999999,0.0301346004,2.515448952,0.028182888027777776,1.996919036,-0.074316017,0.89681989,0.387197793,63.41341019,982.7186279,998.5175781,20.66259956,20.42462921,19.84395981,21.55603027,23.42987061,56.78509903,43.33403015,2.184999943,0.0558752716
0.1463322043,0.1416643023,0.111322999,0.1120962977,0.10787669419999998,0.030282661300000003,2.868073082,0.028209860055555553,1.997195005,-0.1898316,0.898316801,0.382364601,61.61418915,982.7349854,998.5172119,20.66270065,20.42474937,19.82829094,21.55735016,23.43593025,56.7603302,43.33298874,2.057499886,0.0558752775
0.1463567019,0.14168939590000001,0.1114094019,0.11208649870000001,0.10791009659999999,0.0302200913,2.373822975,0.02820488825,1.997470021,0.211194605,0.899813712,0.381036907,61.61418915,982.7515259,998.5167847,20.66279984,20.42486,19.82829094,21.55867004,23.44199944,56.735569,43.33195877,2.295000076,0.05587528940000001
0.1464056969,0.1417145967,0.1116119981,0.11207679509999999,0.10791840550000001,0.0300584286,1.960401917,0.0281850285,1.997745991,-0.002908595,0.901310503,0.384549707,61.61418915,982.7678833,998.5164185,20.66288948,20.42498016,19.82830048,21.55998993,23.44805908,56.71080017,43.33092117,2.267499924,0.0558753014
0.1464547038,0.1417397022,0.11150170559999999,0.11206710339999999,0.10791840550000001,0.030211588700000003,2.102737045,0.02817441727777778,1.99802196,0.068975747,0.902807415,0.377696693,61.61418915,982.7844238,998.5159302,20.66299057,20.42510033,19.82831001,21.56130981,23.45413017,56.68603134,43.32987976,2.237499952,0.0558753014
0.1465036988,0.141655004,0.11176999809999999,0.11205730439999999,0.10791840550000001,0.0299705714,2.172117043,0.028155888444444447,1.998298049,0.149085596,0.903718114,0.367388487,73.9465332,982.8007813,998.5155029,20.66308975,20.42522049,19.82831955,21.5626297,23.46018982,56.6612587,43.32884979,2.112499952,0.055875307299999996
0.1464673996,0.14153360129999998,0.1117162943,0.1121515036,0.10791840550000001,0.029946240800000003,2.051954079,0.028142278472222223,1.998574018,-0.1469156,0.90443331,0.357080311,78.05731201,982.8171997,998.5150757,20.66319084,20.42532921,19.82831955,21.56394958,23.46626091,56.63650131,43.32780838,2.032500029,0.055875319199999995
0.1464028001,0.1414123058,0.11150170559999999,0.1122802973,0.10791840550000001,0.030049601199999998,2.320895958,0.02811977811111111,1.998849034,-0.247291297,0.905148506,0.346772105,78.05731201,982.8336182,998.5145874,20.66329002,20.42544937,19.82832909,21.56526947,23.47232056,56.61172867,43.32677078,2.207499981,0.0558753312
0.1463382006,0.1412909031,0.1112334967,0.1122663975,0.10791840550000001,0.0301529586,2.235062027,0.02808733411111111,1.999125004,-0.05989147,0.905863822,0.4315539,78.05731201,982.8500977,998.5142212,20.66337967,20.42556953,19.82834053,21.56658936,23.47838974,56.58695984,43.32574081,2.24000001,0.0558753312
0.1461658955,0.1412948966,0.11094739440000001,0.112204802,0.10791840550000001,0.030333221,2.230052948,0.028064806194444444,1.999400973,-0.063229382,0.906579018,0.451712102,78.05731201,982.0037231,998.5137939,20.66348076,20.42569923,19.82835007,21.56790924,23.48446083,56.56219101,43.3246994,2.36500001,0.0558753371
0.146192801,0.1413406014,0.1111083031,0.112143302,0.10791840550000001,0.0301718205,2.071265984,0.028034360666666668,1.999676943,-0.122358099,0.906052709,0.439763486,72.38559723,980.869812,998.5134277,20.66357994,20.42584991,19.8283596,21.56922913,23.49052048,56.53742981,43.32366943,2.207499981,0.055875349
0.1462980032,0.1415179968,0.11114109750000001,0.11208180190000001,0.10791840550000001,0.0302530408,2.290855026,0.0280143335,1.999953032,-0.217369303,0.905112684,0.448349297,70.49503326,979.7359009,998.5128784,20.66367912,20.42598915,19.8283596,21.57055092,23.49658966,56.51266098,43.32263184,2.17750001,0.055875361
0.1464033008,0.1414710045,0.11108150480000001,0.1120203018,0.10791840550000001,0.0304559499,1.8538249969999998,0.027999083194444444,2.000227928,-0.216654107,0.904172719,0.441061914,70.49503326,979.5200195,998.5125122,20.66378021,20.42613029,19.82836914,21.57185936,23.50264931,56.48788834,43.32159042,2.332499981,0.055875361
0.146508503,0.1417320967,0.11063749789999999,0.1119882941,0.10791840550000001,0.0308335394,1.411077976,0.02790983411111111,2.000504017,-0.235847101,0.903232574,0.455779612,70.49503326,979.6099854,998.512085,20.66386986,20.42626953,19.82838058,21.57317924,23.50871086,56.49615097,43.32056046,2.132499933,0.0558753729
0.1466137052,0.1421257019,0.11076259610000001,0.1119660974,0.10791840550000001,0.030965939199999997,2.62488308,0.027780028444444445,2.000780106,-0.227144703,0.90229249,0.436679214,53.50511932,979.7000732,998.5117188,20.66397095,20.42641068,19.96948051,21.57449913,23.51478004,56.51541901,43.31951904,2.282500029,0.0558753788
0.1469398022,0.1425194025,0.1107089996,0.11185810570000002,0.10791840550000001,0.0313535213,2.958197975,0.02770750893611111,2.001055956,0.160887495,0.901352525,0.437125713,47.84181976,979.7902222,998.5112305,20.66407013,20.42654991,20.01651955,21.57582092,23.52084923,56.53467941,43.31848907,2.142499924,0.0558753788
0.14749029870000002,0.1429129958,0.1103572965,0.1117213964,0.10779600140000001,0.032148149599999995,2.225049973,0.02767869949444444,2.001332045,-0.111986697,0.900412381,0.419045389,47.84181976,979.8803101,998.5108032,20.66416931,20.42668915,20.01651955,21.57714081,23.52691078,56.55395126,43.31745148,2.017499924,0.0558753908
0.1477470994,0.14310120340000002,0.11091760399999999,0.1115847945,0.10774110560000001,0.0319976389,2.208595085,0.027657504611111113,2.001606941,-0.246814504,0.900087714,0.438967407,47.84181976,979.9703979,998.510376,20.6642704,20.42683029,20.01651955,21.57846069,23.53297997,56.57321167,43.31641006,2.05250001,0.0558754027
0.1478893995,0.1432209015,0.11112020019999999,0.1117208958,0.1077222943,0.0319700211,2.5640880580000003,0.027642771402777776,2.00188303,-0.158955902,0.899968028,0.434846014,47.84181976,980.0604858,998.5098877,20.66436005,20.42697906,20.01651955,21.57978058,23.53903961,56.59247971,43.3153801,2.347500086,0.055875408599999996
0.14817140099999998,0.1433405995,0.1114004016,0.1115839958,0.10770349500000001,0.0318114012,2.0383680340000003,0.02763018714166667,2.002159119,-0.203898504,0.899848402,0.417380393,52.63938141,980.1505737,998.5095825,20.66445923,20.42712021,19.99299049,21.58110046,23.5451107,56.61174011,43.31433868,2.184999943,0.055875408599999996
0.1481717944,0.1433040023,0.1117818952,0.1115710974,0.10768469570000001,0.031556910300000005,2.323041916,0.027603200277777778,2.002197027,-0.07062047,0.899728715,0.446060508,54.23857117,980.2407227,998.5092163,20.66456032,20.42725945,19.98514938,21.58242035,23.55117035,56.63100815,43.31330109,2.355000019,0.0558754206
0.1480626941,0.1432152987,0.1111083031,0.11181089879999999,0.10766589639999999,0.0321468204,1.9654100419999998,0.02759425905,2.002155066,0.173047096,0.899609089,0.423599988,54.23857117,980.3306885,998.508728,20.6646595,20.42740059,19.98514938,21.58374023,23.55723953,56.65028,43.31227112,2.462500095,0.0558754325
0.147953701,0.143126595,0.11126329900000001,0.1119076014,0.1076470971,0.031948489000000004,2.812997055,0.027582005394444442,2.002113104,0.292138904,0.899489522,0.415440708,54.23857117,980.4207764,998.5083008,20.66476059,20.42753983,19.98514938,21.58506012,23.56329918,56.66954041,43.31122971,2.117500067,0.0558754385
0.1477977037,0.1430379033,0.11134680509999999,0.11193770169999999,0.10762829780000001,0.0317730814,2.559079933,0.02756610870277778,2.002070904,0.139667898,0.899369776,0.419439912,54.23857117,980.5109253,998.5078735,20.66485023,20.42767906,19.98514938,21.58638,23.5627594,56.68880844,43.31019974,2.277499914,0.0558754385
0.14762610199999998,0.142719698,0.1118831992,0.111967802,0.10760949849999998,0.031151020499999998,2.092725945,0.027566110822222222,2.002028942,-0.117589697,0.89925009,0.419103414,45.64416122,980.6010132,998.5073853,20.66494942,20.42782021,19.89102936,21.58769989,23.56002045,56.70806885,43.30915833,2.407500029,0.055875450400000005
0.1473350048,0.1426210046,0.11126329900000001,0.1119977951,0.1075906992,0.03145639,2.1749780650000003,0.027539619869444445,2.00198698,-0.222614601,0.899130523,0.390917689,42.77935028,980.6911011,998.507019,20.66505051,20.42795944,19.85964966,21.58901978,23.55727959,56.7273407,43.30812073,2.382499933,0.0558754623
0.1473361015,0.14248609539999998,0.110905695,0.1120278955,0.1075718999,0.0317153513,1.654981995,0.027536307441666668,2.001945019,0.04716013,0.899010777,0.395269692,42.77935028,980.781189,998.5065918,20.66514969,20.42810059,19.85964966,21.59033966,23.55452919,56.7466011,43.30709076,2.295000076,0.055875468299999995
0.1470870972,0.1422016025,0.11139450070000001,0.11205790040000001,0.1075531006,0.0310916185,1.9475250240000002,0.027531341977777776,2.001903057,0.364500105,0.898891211,0.3955338,42.77935028,980.8184204,998.5062256,20.66525078,20.42824936,19.85964966,21.59165955,23.55179024,56.76586914,43.30604935,2.359999895,0.055875468299999995
0.1467177033,0.14206680060000001,0.11131689549999998,0.1120880008,0.1075538993,0.030884680199999997,2.559796906,0.02752207226111111,2.001861095,0.47930029,0.8998698,0.389842004,42.77935028,980.8378296,998.5056763,20.66534042,20.4283905,19.85964966,21.59296989,23.54904938,56.78514099,43.30501175,2.412499905,0.05587548020000001
0.1467499971,0.1419934988,0.11148380040000001,0.112014401,0.1075610995,0.0306091189,2.56408596,0.027533660463888887,2.001818895,0.076843657,0.90121448,0.384150207,57.41941071,980.8572998,998.5053101,20.66543961,20.42852974,19.90670967,21.59428978,23.54630089,56.80440903,43.30398178,2.217499971,0.0558754921
0.1465042949,0.1417575002,0.11153149600000001,0.111906302,0.1075683951,0.0304707497,2.721446037,0.027590946622222223,2.001776934,-0.194480807,0.900042474,0.40467149,62.29943085,980.87677,998.5048828,20.6655407,20.42867088,19.9293499,21.59560966,23.54356003,56.82366943,43.30294037,2.097500086,0.0558754981
0.1464084983,0.141782701,0.1110188961,0.1119735003,0.10757559539999999,0.030686628799999997,1.676442909,0.027725721994444445,2.001734972,-0.190785304,0.898031592,0.393264711,62.29943085,980.8963013,998.5045166,20.66563988,20.42881012,19.93861008,21.59692955,23.54081917,56.84292984,43.30189896,2.065000057,0.0558754981
0.1465173006,0.14191290139999999,0.11083409790000001,0.11187969449999999,0.10758290290000001,0.030994609,1.5884610179999998,0.02788799922222222,2.00169301,0.091268219,0.89602071,0.422189087,62.29943085,980.9157715,998.5040283,20.66573906,20.42894936,19.94787025,21.59824944,23.53807068,56.82188034,43.30086899,2.382499933,0.0558755219
0.1465950012,0.141793704,0.11166859870000001,0.11194679739999999,0.1075785995,0.030265450500000003,2.195723915,0.027982694833333335,2.001651049,-0.140120596,0.894009829,0.427746892,66.37458801,980.9353027,998.5036011,20.66583061,20.4290905,19.95713997,21.59956932,23.53532982,56.78739929,43.29983139,2.287499905,0.0558755219
0.1466500998,0.14185819630000002,0.111501801,0.11188839669999999,0.10757050509999999,0.0303277105,2.147800064,0.027998583055555557,2.001609087,-0.005769633,0.891998887,0.419528395,67.73297119,980.9310303,998.5031738,20.66592979,20.42922974,19.96640015,21.60088921,23.53259087,56.75291061,43.29878998,2.039999962,0.0558755279
0.1467053056,0.1420115948,0.110905695,0.1119215965,0.1075623989,0.030922231100000003,2.664938927,0.027984000305555555,2.001566887,-0.152876094,0.889987886,0.411309987,67.73297119,980.9188232,998.5026855,20.66603088,20.42937088,19.97566986,21.60220909,23.52984047,56.71841812,43.29776001,2.25,0.0558755279
0.1467604041,0.1419319034,0.1110785007,0.1117738962,0.10755440000000001,0.0309190303,2.4904150009999997,0.027965471472222222,2.001524925,-0.235489398,0.887977004,0.387075394,67.73297119,980.9066162,998.5023193,20.66613007,20.42951965,19.98493004,21.60353088,23.52709961,56.68392944,43.2967186,2.234999895,0.055875551700000005
0.14650039669999998,0.1417744994,0.1110249043,0.11182359459999999,0.10754630569999998,0.0308716506,2.862351036,0.027942443416666667,2.001482964,-0.244549498,0.886664212,0.40821591,67.73297119,980.8942871,998.5018921,20.66622925,20.4296608,19.99419022,21.60485077,23.52434921,56.64944077,43.295681,2.3125,0.055875551700000005
0.1465118051,0.1417803049,0.11104270220000001,0.111965096,0.1075381994,0.0306472808,2.823728943,0.027917944583333333,2.001441002,-0.224998906,0.885584176,0.395153493,72.76014709,980.8820801,998.5015259,20.6663208,20.42980003,19.91739082,21.60617065,23.52161026,56.65137863,43.29465103,2.035000086,0.0558755577
0.1466485977,0.1418405056,0.11140639779999999,0.1118842959,0.10753010510000001,0.0303447902,2.974649048,0.027885000444444443,2.00139904,-0.239900202,0.88450408,0.409059703,74.43586731,980.869812,998.5010986,20.66641998,20.42993927,19.89101982,21.60749054,23.5188694,56.66545868,43.29360962,2.349999905,0.0558755577
0.1464862943,0.141703105,0.111519599,0.1117293954,0.1075219989,0.030319228799999997,3.57547493,0.027870110416666666,2.001357079,0.051332518,0.883423984,0.42243439,74.43586731,980.857605,998.5006714,20.66651917,20.43008041,19.89101982,21.60881042,23.51612091,56.67953873,43.29257965,2.167500019,0.05587558150000001
0.146371305,0.1414999962,0.11114410159999999,0.1118970037,0.10751390460000002,0.0306075007,2.4424909589999997,0.02785419463888889,2.001315117,-0.094105072,0.881619811,0.405584514,74.43586731,980.8453979,998.5001831,20.66662025,20.43021965,19.89101982,21.61013031,23.51338005,56.69361877,43.29153824,2.0,0.05587558150000001
0.1463052988,0.1415428042,0.11114410159999999,0.11198660140000001,0.1075057983,0.030372041500000002,1.744388962,0.027842610666666667,2.001272917,-0.215104401,0.87957412,0.445948899,74.43586731,980.8331299,998.4998169,20.66671944,20.43036079,19.89101982,21.6114502,23.51063919,56.70771027,43.29050064,2.325000048,0.055875587500000004
0.1463325977,0.14166760439999998,0.1110249043,0.1120144963,0.107497704,0.030419570200000003,2.180701065,0.02782341638888889,2.001230955,-0.241807699,0.877528429,0.409448802,55.61547852,980.5477295,998.4993896,20.66680908,20.43050003,19.98514938,21.61277008,23.5078907,56.72179031,43.28947067,2.207499981,0.055875587500000004
0.1463909984,0.1416705012,0.111006999,0.1118723989,0.1074895978,0.0306278288,2.8788019179999997,0.02780736075,2.001188993,0.135257095,0.875482678,0.467591912,49.34201813,980.1713257,998.4990234,20.66691017,20.43063927,20.01651955,21.61408997,23.50514984,56.73587036,43.28842926,2.055000067,0.0558756113
0.1463996053,0.1418166995,0.11067910190000001,0.11192940469999998,0.1074815035,0.0309913397,2.667082977,0.027793443472222224,2.001147032,-0.116278298,0.873437107,0.458558202,49.34201813,979.7947998,998.4984741,20.66700935,20.43078995,20.01651955,21.61540031,23.50241089,56.74995041,43.28739929,2.269999981,0.0558756113
0.1463915944,0.1416303039,0.11154940129999999,0.1118571997,0.10747339730000001,0.030267301200000003,2.770083046,0.02777159161111111,2.00110507,-0.1863745,0.871391475,0.44823131,49.34201813,979.4182739,998.4981079,20.66711044,20.43092918,20.01651955,21.6167202,23.49967003,56.76403046,43.28636169,2.267499924,0.0558756173
0.1463837028,0.1416077971,0.11128710509999999,0.1119230986,0.1074653029,0.0303589404,2.624168015,0.027747084300000002,2.001063108,-0.180533096,0.869345784,0.4784998,57.64826965,979.0418091,998.4976807,20.66720963,20.43107033,19.96945953,21.61804008,23.49691963,56.7781105,43.28532028,2.224999905,0.0558756173
0.1463757038,0.141683805,0.1107864022,0.1119251013,0.10745719670000001,0.0308490604,2.326613998,0.02772605472222222,2.001020908,-0.227025494,0.867300212,0.432606101,60.41701889,978.6652832,998.4973145,20.66729927,20.43120956,19.95376968,21.61935997,23.49418068,56.79219055,43.28429031,2.122499943,0.0558756411
0.1464045048,0.1417598009,0.1108459949,0.11188249589999999,0.10744910240000001,0.030860188599999998,1.8724250789999999,0.027716117436111114,2.000978947,-0.242522895,0.865254521,0.434707493,60.41701889,978.6862793,998.4968262,20.66740036,20.43135071,19.95376968,21.62067986,23.49143982,56.8062706,43.2832489,2.045000076,0.0558756411
0.1464455009,0.1418357968,0.1108371019,0.11183999780000001,0.1074409962,0.0309351504,2.516165924,0.027695588005555553,2.000936985,-0.205984697,0.863208771,0.427754313,60.41701889,978.8397217,998.4963989,20.66749954,20.43148994,19.95376968,21.62199974,23.48868942,56.82035065,43.28221893,2.180000067,0.0558756471
0.146609199,0.1420207977,0.11075370309999999,0.1117964983,0.10743290190000002,0.031084621,2.32876091,0.027675389183333333,2.000895023,-0.156631306,0.861163199,0.425199687,60.41701889,978.993103,998.4959717,20.66760063,20.43162918,19.95376968,21.62331963,23.48595047,56.83443069,43.28118134,2.17750001,0.055875659
0.1467162967,0.1420456052,0.1110188961,0.1117527962,0.10740690230000001,0.0310018599,2.835169983,0.02766280492222222,2.000853062,-0.200799003,0.859117508,0.427953988,52.58536911,979.1464844,998.4954834,20.66769981,20.43177032,20.04789925,21.62463951,23.48320961,56.84851837,43.28013992,2.025000095,0.055875659
0.1467910051,0.1428375959,0.1109622955,0.111709094,0.1073750019,0.0311280489,2.422460938,0.027657178241666667,2.0008111,-0.239661902,0.857936978,0.418243498,49.97481918,979.2999268,998.4951172,20.6678009,20.43190956,20.07928085,21.6259594,23.48045921,56.86259842,43.27910995,2.085000038,0.055875670899999993
0.1470322967,0.1427240968,0.1107596993,0.11166529659999999,0.1073431015,0.0320928693,1.78515892,0.02764326731388889,2.0007689,-0.246337697,0.857044876,0.455033213,49.97481918,979.453186,998.4946899,20.66789055,20.4320507,20.07928085,21.62727928,23.47772026,56.87667847,43.27806854,2.194999933,0.05587568280000001
0.1473291039,0.1426717043,0.1108878016,0.1116215944,0.1073112011,0.0318362504,2.333769035,0.027618100908333332,2.000726938,-0.246337697,0.856152773,0.454383999,49.97481918,979.6066895,998.4943237,20.66798973,20.43219948,20.07928085,21.62859917,23.4749794,56.89075851,43.27703094,2.339999914,0.055875688800000003
0.147279799,0.14277110099999998,0.1108400941,0.1115779042,0.1072793007,0.0318462014,3.36232605,0.027606179977777777,2.000684977,-0.246337697,0.855260611,0.478314489,49.97481918,979.3433838,998.4937744,20.66809082,20.43234062,20.07928085,21.62991905,23.47223091,56.90483856,43.27600098,2.454999924,0.055875688800000003
0.1475018978,0.1428704977,0.1104467034,0.11153420210000001,0.1072473049,0.0322802186,2.461087036,0.02758962419166667,2.000643015,-0.031042401,0.854368508,0.451862514,60.14004898,978.9414063,998.4935303,20.66819,20.43247986,20.07928085,21.63124084,23.46949005,56.91891861,43.27495956,2.397500038,0.055875700699999996
0.14760520459999998,0.1428490043,0.1106673002,0.1114904046,0.1072154045,0.0322042912,1.9539640429999998,0.027564786275000003,2.000602007,0.40836969,0.853476286,0.442258894,63.52846146,978.5393066,998.492981,20.66828918,20.43261909,20.07928085,21.63256073,23.46674919,56.9330101,43.27391815,2.130000114,0.0558757126
0.1476258993,0.1429051995,0.110905695,0.111590004,0.1071835041,0.0319392592,2.388845062,0.027570082347222222,2.000560045,0.283078909,0.852584183,0.445450604,63.52846146,978.6511841,998.4926147,20.66838074,20.43276024,20.07928085,21.63388062,23.4640007,56.94709015,43.27288818,2.25999999,0.0558757186
0.147646594,0.14300049539999998,0.11126929519999999,0.1115087986,0.1071755052,0.0316742301,1.982575989,0.02754425472777778,2.000550985,-0.133921593,0.85169208,0.392541498,63.52846146,978.9343262,998.4921875,20.66847992,20.43289948,20.07928085,21.6352005,23.46125984,56.9611702,43.27185059,2.127500057,0.0558757186
0.1476672053,0.142927897,0.1114122987,0.111572504,0.1071755052,0.0316021413,2.139930916,0.027528360155555556,2.000551939,-0.118066497,0.850799978,0.414444894,63.52846146,979.2175293,998.4918213,20.6685791,20.43304062,20.07928085,21.63651085,23.45852089,56.97525024,43.27080917,2.172499895,0.0558757305
0.147538805,0.1427991986,0.1109593034,0.11171,0.1071755052,0.0319355994,2.482543945,0.02750054677222222,2.000554085,-0.1922158,0.849907815,0.41498661,63.52537155,979.5006714,998.491272,20.66868019,20.43317986,20.02523041,21.63783073,23.45577049,56.98933029,43.26977921,2.022500038,0.0558757424
0.1473606944,0.1426705956,0.1114122987,0.11175500149999999,0.1071755052,0.031399709,2.901689911,0.027491936152777778,2.000555992,-0.197461098,0.849015713,0.443266511,63.52125168,979.7838745,998.4909058,20.66877937,20.43331909,20.00939941,21.63915062,23.45302963,57.00341034,43.26874161,1.99000001,0.0558757484
0.1472612023,0.1426493049,0.11120369430000002,0.111769104,0.1071755052,0.0314748108,2.926011086,0.027488958569444444,2.000557899,0.197485298,0.849535584,0.421739191,63.51713181,979.8787231,998.4904785,20.66887093,20.43346977,20.01230049,21.6404705,23.45027924,57.02399063,43.2677002,2.164999962,0.0558757484
0.1471879005,0.14238849879999999,0.1112990975,0.1117831945,0.1071755052,0.031350240099999996,2.518309975,0.02748200098611111,2.000560045,-0.06227567,0.850526273,0.400745392,63.51300812,979.9105835,998.4901123,20.66897011,20.43361092,20.0152092,21.64179039,23.44754028,57.04673004,43.26667023,2.347500086,0.0558757603
0.14693650009999998,0.1420359015,0.1116090059,0.1117974043,0.1071755052,0.0308186293,2.870933914,0.02746560838611111,2.000561953,0.01735734,0.851517022,0.434042186,61.19158173,979.9425049,998.489624,20.66906929,20.43375015,20.01811028,21.64311028,23.44479942,57.06946945,43.26562881,2.112499952,0.05587577219999999
0.1466258049,0.1417346954,0.11165070530000001,0.11188689469999999,0.1071755052,0.0303981513,2.33305397,0.02744639926388889,2.000564098,-0.105430096,0.852507591,0.427692801,60.41810989,979.9744873,998.4891968,20.66917038,20.43388939,20.02102089,21.64443016,23.44205093,57.09220886,43.26459885,2.192500114,0.055875778200000004
0.1463150024,0.1414505959,0.11192489859999999,0.1118453979,0.1071755052,0.0298812687,2.2357749940000002,0.027438621522222224,2.000566006,-0.172784403,0.85349822,0.432201296,60.41810989,980.0064087,998.4887695,20.66926956,20.43403053,20.02392006,21.64575005,23.43931007,57.11495972,43.26356125,2.099999905,0.055875778200000004
0.1462921977,0.1414018989,0.1112156034,0.1119531989,0.1071755052,0.030258798599999998,1.821636009,0.02742570453333333,2.000566959,-0.216415703,0.85448879,0.42288059,60.41810989,980.0383911,998.4882813,20.66935921,20.43416977,20.02683067,21.64706993,23.43656921,57.13769913,43.26251984,2.275000095,0.0558757901
0.1461338997,0.1412968993,0.1110188961,0.11187989709999999,0.1071755052,0.0304064006,2.112748909,0.027424714830555554,2.000569105,-0.242403701,0.855479479,0.424310505,60.41810989,980.0703125,998.487915,20.6694603,20.43431091,20.02972984,21.64838982,23.43382072,57.16043854,43.26148987,2.132499933,0.055875801999999995
0.1458984971,0.1411471009,0.11094440219999999,0.1119089007,0.1071755052,0.030372071299999998,2.777949905,0.02742868635277778,2.000571012,-0.221303299,0.856470227,0.416332394,44.97151947,980.1022949,998.4874878,20.66955948,20.43445015,20.03263092,21.6497097,23.43107986,57.18318176,43.26044846,2.097500086,0.055875808000000006
0.14598109720000002,0.14109139440000001,0.11081329579999999,0.1118417978,0.1071755052,0.030337730099999998,2.5683780670000003,0.027417759366666666,2.00057292,-0.237277597,0.858640373,0.403150111,39.82265854,980.1342163,998.4871216,20.66966057,20.43460083,20.03553963,21.65102959,23.42834091,57.20592117,43.25941086,2.079999924,0.055875808000000006
0.1458410978,0.1410670996,0.1109593034,0.11172200439999999,0.1071483016,0.030172649000000003,3.0333030699999997,0.027422724830555557,2.000575066,-0.119854704,0.861204028,0.406018496,39.82265854,980.1661987,998.4865723,20.66975975,20.43474007,20.0384407,21.65234947,23.42560005,57.22866058,43.25838089,2.017499924,0.0558758199
0.14592469930000002,0.14115840200000002,0.11081329579999999,0.1117269993,0.1071017981,0.0303533196,2.835890961,0.027479351891666667,2.000576973,-0.204613805,0.863767505,0.371729791,39.82265854,980.1981201,998.4862061,20.6698494,20.4348793,20.04134941,21.65366936,23.4218502,57.25139999,43.25733948,2.180000067,0.0558758318
0.1461194038,0.1412883043,0.1105391026,0.1116024971,0.10705200429999999,0.030663770400000002,1.9747100830000002,0.027580680847222223,2.000579119,0.087215021,0.866330981,0.383116186,39.82265854,980.3765259,998.4857788,20.66995049,20.43502045,20.04425049,21.65498924,23.41777039,57.27415085,43.25630951,2.202500105,0.05587583780000001
0.1463140965,0.141703403,0.1100234985,0.1116310954,0.10700219870000001,0.0312700599,1.684306908,0.027633334266666667,2.000581026,-0.096846923,0.868894517,0.353977501,65.07884216,980.6036987,998.4854126,20.67004967,20.43515968,20.04715919,21.65630913,23.4137001,57.29011917,43.2552681,2.332499981,0.05587583780000001
0.1464570999,0.1417405009,0.1111618996,0.1114104033,0.10698970560000001,0.0305413693,2.7414699550000003,0.027634989419444443,2.00058198,-0.139524505,0.871393025,0.397534788,73.49756622,980.8308716,998.4849854,20.67015076,20.43530083,20.05006027,21.65763092,23.40962029,57.30382919,43.2542305,2.432499886,0.0558758497
0.1465829015,0.1419160962,0.1110188961,0.111311996,0.10698970560000001,0.0307216197,2.425321007,0.027626158397222222,2.000583887,-0.06513676,0.873869896,0.392026007,73.49756622,981.0581055,998.4846191,20.67024994,20.43544006,20.05297089,21.65895081,23.40554047,57.31753922,43.25320053,2.277499914,0.0558758616
0.146708703,0.1419559956,0.1110785007,0.11128989460000001,0.10698970560000001,0.0308535188,2.1857070920000004,0.027617331611111108,2.000586033,-0.172784403,0.876346827,0.408558995,73.49756622,981.1262817,998.4840698,20.67033958,20.4355793,20.05587006,21.66025925,23.40147018,57.33124924,43.25215912,2.369999886,0.0558758676
0.1464962959,0.1419175982,0.1110903978,0.11151340009999999,0.10698970560000001,0.030815219900000003,2.509012985,0.027600218455555554,2.00058794,-0.166943103,0.878823578,0.394015104,73.49756622,981.1414185,998.4837036,20.67044067,20.43572044,20.05878067,21.66157913,23.39739037,57.34495926,43.25112915,2.075000048,0.0558758676
0.1464215994,0.1418792963,0.11076259610000001,0.1115620017,0.10698970560000001,0.0310943812,1.871707916,0.027586307525,2.000590086,0.705205381,0.881300509,0.380823195,66.4228363,981.1564941,998.4832764,20.67053986,20.43586922,20.06167984,21.66290092,23.39331055,57.35866928,43.25009155,2.289999962,0.0558758795
0.1464305043,0.1418409944,0.11091170310000001,0.1115249991,0.10698970560000001,0.0309372813,1.6549800869999998,0.02756743325,2.000591993,0.392633885,0.88377738,0.399226993,64.06459808,981.1715698,998.4827881,20.67064095,20.43601036,20.06459045,21.66422081,23.38924026,57.3723793,43.24905014,2.137500048,0.0558758914
0.146439302,0.1418027043,0.111245501,0.1114189029,0.10698970560000001,0.030599498699999998,2.313740921,0.02756213506111111,2.000593901,0.078512616,0.886254311,0.38786149,64.06459808,981.1867065,998.4824219,20.67074013,20.4361496,20.06748962,21.6655407,23.38516045,57.38608932,43.24802017,2.042500019,0.0558758974
0.1464480996,0.1418851018,0.1109534025,0.1112897992,0.10698970560000001,0.0308524787,2.169257927,0.02754624260833333,2.000596046,0.00197909,0.889012098,0.386847705,64.06459808,981.2017822,998.4819946,20.67082977,20.43629074,20.07040024,21.66686058,23.38108063,57.39979935,43.24697876,2.257499933,0.0558758974
0.14645700450000002,0.1418015003,0.1111500978,0.11132440569999999,0.10698970560000001,0.0307350397,2.3259019850000002,0.027532666525000003,2.000597,0.078631833,0.891863585,0.37325269,64.08442688,981.2169189,998.4816284,20.67093086,20.43642998,20.07329941,21.66818047,23.37700081,57.41350937,43.24594116,2.217499971,0.055875909300000005
0.1464658022,0.14186710119999998,0.11091760399999999,0.11141370530000001,0.10698970560000001,0.030922308599999997,2.527606964,0.02752162721388889,2.000598907,0.04334534,0.894715071,0.392257005,64.11089325,981.2321167,998.4810791,20.67103004,20.43656921,20.07621002,21.66950035,23.37293053,57.42721939,43.24491119,2.285000086,0.0558759212
0.146628499,0.1420053005,0.1106255054,0.1113685012,0.10698970560000001,0.0312741905,1.8645540239999998,0.027510587905555554,2.000601053,-0.180056199,0.898120999,0.393041313,64.13733673,981.2470703,998.4807129,20.67112923,20.43671036,20.07910919,21.67082024,23.36885071,57.44092941,43.24386978,2.440000057,0.055875927199999995
0.1468425989,0.1421903968,0.1106552958,0.11127849819999999,0.10698970560000001,0.0313565612,1.8588329319999999,0.02748895645277778,2.000602961,-0.247291297,0.901711583,0.383378386,64.1638031,981.2623291,998.4802856,20.67123032,20.43684959,20.08201981,21.61930084,23.36477089,57.45463943,43.24283981,2.157500029,0.055875927199999995
0.14705660339999999,0.1423910975,0.11047049760000001,0.11118860239999999,0.10698970560000001,0.0317940295,2.359519005,0.02746974945,2.000605106,-0.210097402,0.905302286,0.380988985,64.19024658,981.2774048,998.4799194,20.67131996,20.43699074,20.08492088,21.6023407,23.36070061,57.46834946,43.2417984,2.162499905,0.05587593910000001
0.1472707033,0.14259190559999999,0.1104526997,0.1110985994,0.1069499016,0.0319918513,2.494705009,0.027471404605555555,2.000607014,-0.01924048,0.90889293,0.381024092,73.03457642,981.2924805,998.4793701,20.67141914,20.43713951,20.08782959,21.60276985,23.35662079,57.48205948,43.2407608,2.147500038,0.0558759511
0.1472532034,0.14259339570000001,0.11075669530000001,0.11107610459999999,0.1069406986,0.0318879902,3.123424911,0.027509649063888888,2.000608921,0.161483496,0.910926223,0.3810592,75.98047638,981.3076172,998.4790039,20.67152023,20.43728065,20.09073067,21.60321045,23.35253906,57.4957695,43.23973083,2.002500057,0.055875962999999994
0.14715850349999998,0.1425284028,0.1108698964,0.11107610459999999,0.1069460034,0.031726691099999996,1.9904420850000002,0.027557998233333332,2.000611067,-0.109960102,0.912440419,0.378904611,75.98047638,981.3228149,998.4785767,20.67161942,20.43741989,20.09362984,21.6036396,23.34847069,57.50947952,43.23868942,2.297499895,0.055875962999999994
0.147221899,0.1426553011,0.1106433988,0.11107610459999999,0.1069512963,0.03181068,1.7958909989999998,0.027623729705555558,2.00061202,-0.200322106,0.913954616,0.376020104,75.98047638,981.3378296,998.4780884,20.6717205,20.43755913,20.09654045,21.6040802,23.34439087,57.52318954,43.23765182,2.25999999,0.055875968899999996
0.1473536968,0.1426749945,0.1106552958,0.11107610459999999,0.1069566011,0.0319764286,2.0948699950000003,0.02767737706388889,2.000613928,0.298814714,0.915468693,0.386802107,75.98047638,981.2219849,998.4777222,20.67181015,20.43770027,20.09943962,21.6045208,23.34030914,57.53689957,43.23662186,2.337500095,0.0558759809
0.14731069800000002,0.1426375985,0.1110785007,0.11107610459999999,0.106961906,0.03153359,2.172831917,0.027686316172222225,2.000616074,-0.065971248,0.91698283,0.36776489,59.87971115,981.0626221,998.4772949,20.67190933,20.43783951,19.94330978,21.60494995,23.33624077,57.54983902,43.23558044,2.057499886,0.055875992799999996
0.14720770119999999,0.142364502,0.1111202955,0.1111297011,0.10696719880000001,0.0313823998,2.576247978,0.027677374944444447,2.000617981,0.2409973,0.918497026,0.395080507,54.51279068,980.9031982,998.4769287,20.67201042,20.43798065,19.89101982,21.60539055,23.33216095,57.56251907,43.23453903,2.069999933,0.055875992799999996
0.1469033003,0.14201289420000002,0.1110010028,0.1112010956,0.1069725037,0.0313960403,2.270111084,0.027684661016666664,2.000619888,-0.067759417,0.920011222,0.412375897,54.51279068,980.7437744,998.4765015,20.6721096,20.43811989,19.89101982,21.6058197,23.32807922,57.57521057,43.23350906,2.387500048,0.0558759987
0.1465319037,0.1416612029,0.1113646984,0.11142369510000001,0.1069777966,0.0306751996,2.293000984,0.02766413158888889,2.000622034,-0.077415504,0.921525419,0.419907808,54.51279068,980.5844116,998.4760742,20.67221069,20.43825912,19.89101982,21.6062603,23.32401085,57.58789063,43.23247147,2.180000067,0.0558760107
0.146331501,0.141434598,0.1111739039,0.11151180270000001,0.1069831014,0.030488461300000002,1.9911590579999998,0.027657174005555552,2.000623941,-0.126411304,0.923039496,0.42743969,71.23612213,980.4249268,998.4755859,20.67230034,20.43840027,19.93807983,21.60668945,23.31992912,57.60057068,43.23143005,2.087500095,0.0558760226
0.1461881995,0.1412497997,0.11119179729999999,0.1115381956,0.1069883943,0.030226409399999998,2.187142944,0.027645583683333332,2.000626087,-0.223091394,0.924553692,0.413124293,76.81056976,980.2014771,998.4752197,20.67239952,20.43855095,19.94873047,21.60713005,23.3158493,57.61325836,43.23040009,2.217499971,0.0558760226
0.1458492994,0.14106489419999999,0.1110010982,0.11156469579999999,0.1071153998,0.0303282708,2.933876991,0.027629691230555555,2.000627995,0.276641399,0.926067829,0.45451811,76.81056976,979.9567261,998.4747925,20.67250061,20.43869019,19.94201088,21.6075592,23.31176949,57.62593842,43.22935867,2.102499962,0.055876028499999994
0.1458199978,0.1408800006,0.11047650579999999,0.11159119609999998,0.1071650028,0.0305886388,2.364525032,0.02762571758611111,2.000628948,-0.072170272,0.927582026,0.427067995,76.81056976,979.7119751,998.4744263,20.67259979,20.43882942,19.93527985,21.6079998,23.3076992,57.63861847,43.22832108,2.019999981,0.0558760405
0.1456488967,0.1406950951,0.11070300340000001,0.11149979830000001,0.1071753025,0.030218339,1.938228989,0.02761181089722222,2.000631094,-0.247052893,0.929096222,0.432429314,76.81056976,979.4672241,998.473877,20.67270088,20.43897057,19.92856026,21.60843086,23.30361938,57.65130997,43.22729111,2.174999952,0.0558760524
0.1453886986,0.1406195045,0.11080139879999999,0.11154010299999999,0.1071856022,0.029848068999999998,2.179269981,0.027593262991666666,2.000633001,-0.099588759,0.930295527,0.458710194,66.93836212,979.2224121,998.4735107,20.67279053,20.4391098,19.92184067,21.60886955,23.29953957,57.66399002,43.22624969,2.192500114,0.0558760524
0.1454048038,0.140676105,0.1107656002,0.1113870025,0.10719590189999999,0.0298551798,2.061252975,0.027574719322222222,2.000634909,-0.008153853,0.931389809,0.448495686,63.64762878,978.9777222,998.4730835,20.67288971,20.43925095,19.91510963,21.60931015,23.29546928,57.67667007,43.22521973,2.0,0.055876058299999996
0.1455129981,0.1407647014,0.11072980169999999,0.1113201976,0.10720620160000001,0.0299647212,2.021198082,0.02756313111944444,2.000637054,0.032020289,0.93248409,0.445010006,63.64762878,978.7329102,998.4727173,20.6729908,20.43939018,19.90839005,21.6097393,23.29138947,57.68936157,43.22417831,2.119999886,0.055876070300000004
0.1454560995,0.14071389439999998,0.1106940031,0.11130989790000001,0.1072165012,0.0300742507,2.791539955,0.027545912000000002,2.000638962,-0.158836693,0.933578491,0.447822303,63.64762878,978.4882202,998.472229,20.67308998,20.43952942,19.90167046,21.6101799,23.28730965,57.70204163,43.22314072,2.180000067,0.055876082199999996
0.1457085013,0.1408156991,0.1103274941,0.11129959819999999,0.1072268009,0.030386361499999997,1.7422470090000002,0.027533991072222222,2.000641108,-0.0279429,0.932730913,0.468450695,63.64762878,978.2432861,998.4718018,20.67318916,20.43967056,19.89495087,21.61060905,23.28323936,57.71472168,43.22211075,2.045000076,0.055876082199999996
0.1456184983,0.1409837008,0.11056590079999999,0.1112892985,0.1072371006,0.030248239599999997,2.941031075,0.027519753775,2.000643015,-0.075865768,0.931236029,0.479847997,70.21180725,977.9985962,998.4713745,20.67328072,20.43981934,19.88821983,21.61104965,23.27915955,57.72740936,43.22106934,2.082499981,0.0558760881
0.14584640259999998,0.1411517978,0.1105718017,0.1112789989,0.10724740029999999,0.030362880199999998,3.03687706,0.02751081042777778,2.000643969,0.097586423,0.929741085,0.48618871,72.39987946,977.7537842,998.4708862,20.6733799,20.43996048,19.88150024,21.61148071,23.28133011,57.74008942,43.22003937,2.244999886,0.055876100100000006
0.14599790569999999,0.1413198948,0.1104207993,0.1112138033,0.10725769999999998,0.0306192994,1.9582540510000002,0.02751312679722222,2.000646114,-0.143458396,0.9282462,0.469099611,72.39987946,977.5090942,998.47052,20.67347908,20.44009972,19.87478065,21.6119194,23.28557968,57.75276947,43.21900177,2.125,0.055876112
0.1460716009,0.1414880037,0.1102699041,0.11129300589999999,0.10726599690000001,0.0308757186,1.8352300639999999,0.02753332773888889,2.000648022,-0.200083703,0.925456285,0.465296894,72.39987946,977.2642822,998.4700928,20.67358017,20.44024086,19.86804962,21.61236,23.28982925,57.76546097,43.21796036,2.369999886,0.0558761179
0.1462854028,0.1416561007,0.1102679014,0.1112952948,0.1072736025,0.0311321288,1.8116279599999998,0.027589291466666666,2.000649929,-0.230840296,0.922234774,0.451815695,72.39987946,977.2697144,998.4697266,20.67367935,20.4403801,19.86133003,21.61278915,23.29408073,57.77814102,43.21693039,2.45875001,0.0558761179
0.1463569999,0.1416975975,0.11063749789999999,0.1112537026,0.1072811007,0.0310051203,2.428903961,0.027625719705555555,2.000652075,-0.089694262,0.919013321,0.478210211,58.52122879,977.3585815,998.4691772,20.6737709,20.44051933,19.95376968,21.61322975,23.29833031,57.79082108,43.21588898,2.443749905,0.0558761299
0.1463657022,0.1419024944,0.11039899589999999,0.1112122059,0.1072886944,0.031298509200000005,2.770800972,0.02767108705277778,2.000653982,0.064803347,0.91579169,0.470279604,53.89501953,977.4473877,998.4688721,20.67387009,20.44066048,19.98514938,21.61366081,23.30257988,57.80350113,43.21485901,2.095000029,0.0558761418
0.1466492057,0.14196410180000002,0.1108698964,0.11117069719999999,0.1072962999,0.031106659800000002,2.317317963,0.027705853780555557,2.00065589,0.249461293,0.912570179,0.445857912,53.89501953,977.5361938,998.4683838,20.67396927,20.44079971,19.98514938,21.6140995,23.3068409,57.81618881,43.21382141,2.265000105,0.0558761477
0.14662699699999998,0.1419549942,0.1112990975,0.11123570199999999,0.10730390549999999,0.0306921512,3.182080078,0.027762317658333334,2.000658035,-0.070858903,0.911236405,0.482619703,53.89501953,977.625,998.4680176,20.67407036,20.44094086,19.98514938,21.61453056,23.31109047,57.77687073,43.21278,2.247499943,0.0558761477
0.1467777967,0.1420529008,0.1106791973,0.11133610009999999,0.1073114038,0.0312766612,2.27655201,0.027827888055555555,2.000659943,0.01270809,0.910531819,0.491929203,57.50196075,977.7138062,998.4675903,20.67416954,20.44108963,19.98986053,21.61496925,23.31534004,57.72021103,43.21175003,2.067500114,0.055876159700000004
0.1468510032,0.1421864033,0.110670197,0.11143660550000001,0.10731899739999999,0.0313826501,1.6628490450000002,0.027890972555555556,2.000660896,0.063849658,0.909827292,0.462704092,58.70428085,977.7045898,998.4672241,20.67425919,20.44123077,19.99612999,21.61540031,23.31958961,57.66355896,43.21070862,1.975000024,0.0558761716
0.1468644023,0.1424497962,0.11096830369999999,0.1115370989,0.1073266029,0.031218141300000002,2.5218860629999997,0.02797108333333333,2.000663042,-0.159194395,0.909122825,0.478449315,58.70428085,977.6625977,998.4666748,20.67436028,20.44137001,20.00241089,21.61584091,23.32383919,57.60689926,43.21109009,2.252500057,0.0558761775
0.1472911954,0.1427564979,0.1107030988,0.11150619980000001,0.10733419660000001,0.0317322403,2.0705539699999997,0.028038334305555555,2.000664949,-0.240496293,0.908418179,0.478706688,58.70428085,977.6207275,998.4663086,20.67445946,20.44150925,20.00868034,21.6162796,23.32809067,57.55025101,43.21194077,2.102499962,0.0558761775
0.1476197958,0.14306310419999999,0.1105450988,0.111431396,0.1073416948,0.032199290400000004,2.064113998,0.02811911052777778,2.000667095,0.217870399,0.907713711,0.467968196,58.70428085,977.5786743,998.4658813,20.67456055,20.44165039,20.01495934,21.61671066,23.33234024,57.49359131,43.21279144,2.252500057,0.05587618949999999
0.1478696942,0.1431661963,0.1104854941,0.1113566995,0.10734930039999999,0.032575258600000004,2.1935749049999997,0.028185693944444444,2.000669003,0.755035698,0.907009125,0.495628715,70.55400848,977.5366821,998.4655151,20.67465973,20.44178963,20.0212307,21.61714935,23.33658981,57.43693924,43.21363831,2.375,0.055876201400000006
0.14795880320000002,0.1432013988,0.11109639410000001,0.11143649819999998,0.1073569059,0.0320950896,2.548352051,0.028251249527777775,2.00067091,0.557383716,0.906304479,0.471976608,74.50392151,977.494812,998.4650269,20.67476082,20.44193077,20.02750969,21.61758041,23.34083939,57.38027954,43.21448898,2.277499914,0.0558762074
0.1481315017,0.1433722973,0.1114302039,0.1115679026,0.10736449960000001,0.0317795992,2.676387024,0.028336666944444443,2.000673056,0.328379095,0.901708126,0.461839586,74.50392151,977.4528809,998.4645996,20.67485046,20.44207001,20.03377914,21.6180191,23.34509087,57.32363129,43.21533966,2.180000067,0.0558762074
0.148349905,0.1433622956,0.11143610479999999,0.1115424991,0.1073719978,0.0319361687,2.589121056,0.028399249194444445,2.000674963,0.413019001,0.89581418,0.482895404,74.50392151,977.4108887,998.4641724,20.67494965,20.44220924,20.04006004,21.61845016,23.34934998,57.26697159,43.21619034,2.30250001,0.055876219299999995
0.1482085943,0.1432767987,0.1117282987,0.1116816998,0.1073796034,0.0317547411,2.56694603,0.028467138083333336,2.000677109,0.423152,0.889920413,0.455672294,74.50392151,977.3690186,998.4636841,20.67505074,20.44235992,20.04634094,21.61889076,23.35359955,57.21031952,43.21704102,2.282500029,0.0558762312
0.14814330339999998,0.1431913018,0.11186530589999999,0.11189320089999999,0.1074180961,0.0314248502,2.743619919,0.028544972749999998,2.000679016,-0.075150453,0.887109518,0.498004794,52.74499893,977.3270264,998.4633179,20.67514992,20.44249916,20.0526104,21.61932945,23.35784912,57.13249969,43.21789932,2.237499952,0.0558762372
0.1480236053,0.1431058049,0.11191300150000001,0.11195709709999999,0.10746690029999999,0.0312995195,2.923866081,0.028609528000000002,2.00067997,-0.169446498,0.885326028,0.47259289,45.49201965,977.2850952,998.4628906,20.6752491,20.4426403,20.05888939,21.61976051,23.3621006,57.04764175,43.21875,2.132499933,0.0558762372
0.1478847027,0.1430202961,0.1116031051,0.1119717956,0.1075157046,0.0315053493,2.9860919949999998,0.028470471694444444,2.000682116,-0.189950794,0.883542717,0.483399808,45.49201965,977.2432251,998.4625244,20.67534065,20.44277954,20.06516075,21.6201992,23.36635017,56.96278,43.21960068,2.017499924,0.0558762491
0.14775259489999998,0.14293479920000002,0.11171040530000001,0.11198649409999999,0.107564497,0.0313793808,2.943893051,0.02811119502777778,2.000684023,0.01521153,0.883400321,0.484083205,45.49201965,977.2011719,998.4619751,20.67543983,20.44292068,20.07143974,21.62063026,23.37059975,57.03852081,43.22045135,2.380000114,0.055876261
0.1475401044,0.1425498962,0.112300396,0.11200120449999999,0.10761330129999999,0.030658310700000004,2.991814995,0.027967804805555555,2.00068593,0.359493196,0.883804917,0.473774612,45.49201965,977.1591797,998.4616089,20.67554092,20.44305992,20.0777092,21.62107086,23.37484932,57.16780853,43.22129822,2.307499886,0.0558762729
0.1473008037,0.1426126957,0.1119367957,0.112144196,0.1076622009,0.0306130499,2.2000160220000002,0.027974084222222223,2.000688076,-0.01614102,0.884209573,0.435910612,58.13072968,977.1173096,998.4611816,20.67564011,20.44319916,20.0322094,21.62150002,23.3791008,57.15657043,43.2221489,2.119999886,0.0558762729
0.1470615029,0.1422893047,0.1126700044,0.11212910410000002,0.10771100520000002,0.0299426705,3.01685009,0.02803633372222222,2.000689983,-0.196686193,0.884614229,0.469040602,62.34363937,977.5073242,998.4608154,20.67573929,20.4433403,20.00927925,21.62194061,23.38335991,57.0984993,43.22299957,2.106250048,0.0558762789
0.1468222022,0.1419728041,0.1123661041,0.112222898,0.10775979760000001,0.029940989600000002,3.117700958,0.02812341688888889,2.000691891,-0.230303705,0.885018885,0.474485189,62.34363937,978.0413208,998.4603882,20.67583084,20.44348907,19.99962997,21.62236977,23.38760948,57.04042053,43.22385025,2.141249895,0.05587629079999999
0.1465829015,0.14188200239999998,0.1117162943,0.11237519979999999,0.1078086019,0.0302623302,2.633465958,0.02819197125,2.000694036,-0.239840597,0.885423481,0.486065894,62.34363937,978.0103149,998.460022,20.67593002,20.44363022,19.98996925,21.62281036,23.39275932,56.9823494,43.22470093,2.045000076,0.055876302700000005
0.1465831995,0.14184449910000002,0.1116328955,0.112527597,0.1078573942,0.030234161,2.179270935,0.028277748944444445,2.00069499,-0.241350606,0.885828078,0.487891704,68.89637756,977.7907715,998.4594727,20.67602921,20.44376945,19.98031998,21.62324905,23.39821053,56.92427063,43.22555923,2.047499895,0.055876302700000005
0.1466632009,0.14201749560000002,0.1117202997,0.11245340109999999,0.10790619850000001,0.0300894886,2.37883091,0.028346945444444445,2.000696898,-0.2428606,0.886232793,0.483769,71.08061981,977.5714722,998.4591064,20.67613029,20.4439106,19.97065926,21.62368011,23.40365982,56.86619186,43.22640991,2.345000029,0.0558763087
0.1467432976,0.1422605038,0.111807704,0.1123036981,0.10791840550000001,0.0302533388,2.8695039749999998,0.028407889472222222,2.000699043,-0.244370699,0.88663739,0.479646206,71.08061981,977.3521118,998.4586792,20.67622948,20.44404984,19.96100998,21.62412071,23.40910912,56.80812073,43.22726059,2.17750001,0.055876320599999994
0.1470098019,0.1424072981,0.1117223024,0.112153995,0.10791840550000001,0.0305200189,2.7522039410000003,0.028438000138888888,2.000700951,-0.245880693,0.887042105,0.44871369,71.08061981,977.1326904,998.458313,20.67631912,20.44418907,19.9513607,21.62454987,23.41456985,56.75003815,43.22811127,2.375,0.0558763325
0.14715950490000002,0.1425219059,0.111579299,0.11230920550000001,0.10791840550000001,0.0307866991,2.219327927,0.028457862,2.000703096,-0.247390702,0.887446702,0.454869807,71.08061981,977.3632202,998.4578247,20.67642021,20.44433022,19.94169998,21.62499046,23.42001915,56.69195938,43.22895813,2.117500067,0.0558763325
0.14724969859999998,0.1424206018,0.11175810100000001,0.11237479450000001,0.10791840550000001,0.0308013201,2.401719093,0.028447943805555556,2.000705004,-0.224879593,0.887851417,0.476367712,67.65570068,977.7435913,998.4573975,20.67651939,20.44446945,19.9320507,21.62541962,23.42547035,56.63388062,43.22980881,2.142499924,0.0558763385
0.1473399043,0.14261449580000002,0.1117043972,0.11237670179999999,0.10791840550000001,0.030731910499999997,2.418172073,0.02839430491666667,2.000706911,-0.239065796,0.888256013,0.475053787,66.51406097,978.1240234,998.4569702,20.67662048,20.4446106,19.92238998,21.62586021,23.43091965,56.57580948,43.23065948,2.332499981,0.0558763504
0.14743009810000002,0.1426656008,0.11232429740000001,0.1123785973,0.10791840550000001,0.0302901894,3.137730026,0.02817244425,2.000709057,-0.246695295,0.888660729,0.486813903,66.51406097,977.7957764,998.4564819,20.67671967,20.44474983,19.91274071,21.62628937,23.43637085,56.58008957,43.23151016,2.394999981,0.0558763623
0.1472947955,0.1426280975,0.1121335983,0.1123805046,0.10791840550000001,0.030533340599999997,3.4846389770000004,0.02799063788888889,2.000710011,-0.247172102,0.888727486,0.505466819,66.51406097,977.2313843,998.4561157,20.67682076,20.44488907,19.90308952,21.62672997,23.44182968,56.60514069,43.23236084,2.325000048,0.0558763623
0.1472759008,0.1423424006,0.11217529770000001,0.1123824,0.10796140430000001,0.0304549992,2.199304008,0.027912167444444445,2.000711918,-0.152160898,0.88868171,0.524119616,66.51406097,976.6668701,998.4556885,20.6769104,20.44503975,19.89343071,21.62715912,23.44728088,56.63019943,43.23321915,2.112499952,0.0558763683
0.1469459057,0.14225929980000002,0.11213649510000001,0.1126521945,0.1079694986,0.03017959,2.481118011,0.027892638305555554,2.000714064,-0.215581104,0.888635874,0.542772412,57.37903976,976.102478,998.4553223,20.67700958,20.44518089,19.98514938,21.62759972,23.45273018,56.65525818,43.23406982,2.147500038,0.0558763802
0.1468322039,0.1422711968,0.11200540070000001,0.1125537992,0.10796120170000001,0.0302522302,2.172121048,0.027873749194444446,2.000715971,-0.247291297,0.888590097,0.529244006,54.33403015,975.5380859,998.4547729,20.67711067,20.44532013,20.01651955,21.62804031,23.45817947,56.68032074,43.2349205,2.119999886,0.055876392100000005
0.1471413016,0.1424471974,0.1114897966,0.1124129057,0.1079527974,0.0307838291,1.991157913,0.02785619525,2.000718117,0.271992296,0.888544321,0.533984303,54.33403015,974.9735718,998.4544067,20.67720985,20.44545937,20.01651955,21.62846947,23.46363068,56.70537949,43.23577118,2.287499905,0.055876392100000005
0.1470196009,0.1424200058,0.1117043972,0.1123087049,0.1079445004,0.030778610699999997,2.9789419169999998,0.027831334000000003,2.000720024,0.403958887,0.887917817,0.524736822,54.33403015,974.4091797,998.4539795,20.67731094,20.44560051,20.01651955,21.62891006,23.46907997,56.7304306,43.23662186,2.335000038,0.0558763981
0.1470741987,0.1425614953,0.11220500470000001,0.1124290943,0.1079362035,0.0302268714,2.917429924,0.02781891716666667,2.000721931,-0.041413721,0.887097478,0.540379524,54.33403015,973.8447876,998.4536133,20.67740059,20.44573975,20.01651955,21.62933922,23.47454071,56.74617004,43.23746872,2.13499999,0.05587641
0.1472468972,0.1424343944,0.1124374986,0.1121971011,0.1079278946,0.030123969900000002,2.7228780749999997,0.027811639583333336,2.000724077,-0.086952381,0.886277378,0.50334388,51.45637131,973.2802734,998.453125,20.67749977,20.44588089,20.04005051,21.62977982,23.47999001,56.75880814,43.2383194,2.332499981,0.055876421899999994
0.1469890952,0.1421895027,0.1119547009,0.1122496009,0.1079195976,0.0304740012,2.089866066,0.027803861833333336,2.000725985,-0.195434496,0.885457218,0.525937915,50.49715042,973.371582,998.4526978,20.67760086,20.44602013,20.04789925,21.63021088,23.4854393,56.77145004,43.23917007,2.1875,0.055876421899999994
0.14701999429999998,0.1422093034,0.1118177056,0.11244449620000001,0.10791130069999999,0.0303954393,1.7658519739999998,0.027795916666666663,2.000726938,-0.243059307,0.884636998,0.496482313,50.49715042,973.6815796,998.4522705,20.67770004,20.44617081,20.04789925,21.63064957,23.4908905,56.78408051,43.24002075,2.012500048,0.055876427900000004
0.1468796968,0.1423172951,0.1120442033,0.11238629819999998,0.10790300370000001,0.030144378500000003,3.2063991549999997,0.027775062986111113,2.000729084,-0.243774593,0.883816779,0.532760382,50.49715042,973.9915161,998.4519043,20.67779922,20.44631004,20.04789925,21.63108063,23.4963398,56.7967186,43.24087906,2.025000095,0.0558764398
0.1471058011,0.1424252987,0.1117670059,0.11224369999999999,0.10789459939999999,0.0305005014,2.905986977,0.027758839925,2.000730991,-0.087667659,0.884620309,0.482560009,56.64786911,974.3015137,998.4514771,20.67789078,20.44644928,19.93024063,21.63151932,23.50178909,56.8093605,43.24172974,2.182499886,0.055876451699999996
0.1471832991,0.1425333023,0.11130199430000001,0.1122145057,0.1078863025,0.0310590088,2.104887009,0.027745592330555558,2.000732899,-0.017690741,0.88596499,0.503618777,58.69810104,974.6113281,998.4509888,20.67798996,20.44659042,19.89101982,21.63195992,23.50724983,56.82199097,43.24258041,2.327500105,0.055876451699999996
0.1471590042,0.1426414013,0.11168650389999998,0.112223196,0.1078780055,0.0307692498,2.745763016,0.027717441983333334,2.000735044,-0.01602179,0.88730967,0.489437401,58.69810104,974.9213257,998.4506226,20.67808914,20.44672966,19.89101982,21.63238907,23.51269913,56.83462906,43.24343109,2.075000048,0.05587645770000001
0.14746259450000002,0.14274940490000002,0.1116029978,0.1121538997,0.10786969660000001,0.030953741099999998,2.2679649349999997,0.027697245280555557,2.000736952,-0.189474002,0.888654411,0.497640789,58.69810104,975.2312012,998.4501953,20.67819023,20.4468708,19.89101982,21.63282967,23.51815033,56.84727097,43.24428177,1.972499967,0.0558764696
0.1476114988,0.14285739660000002,0.11162689919999999,0.11205840110000001,0.1078613997,0.0310780913,2.051954079,0.027686316172222225,2.000739098,-0.247172102,0.889999092,0.485448509,58.69810104,975.5410767,998.4498291,20.67828941,20.44701004,19.89101982,21.63326073,23.52359962,56.85990906,43.24512863,2.172499895,0.0558764815
0.1476724982,0.1430223942,0.1115911007,0.1121444941,0.1078531027,0.031258601000000004,3.12771492,0.02766214158888889,2.000741005,-0.118185699,0.891343772,0.483620703,52.92724991,975.8510132,998.4492798,20.67837906,20.44714928,19.93807983,21.63369942,23.52905083,56.87253952,43.24597931,2.082499981,0.0558764815
0.1478237033,0.14320629840000001,0.11131689549999998,0.1121235013,0.10783469679999999,0.0317557305,2.469668961,0.027650879752777777,2.000741959,-0.170996204,0.892688513,0.489232093,51.00363922,976.1608887,998.4489136,20.67848015,20.44729042,19.95376968,21.63413048,23.53450966,56.88518143,43.24682999,2.007499933,0.0558764875
0.1480051041,0.14322559829999998,0.11182359459999999,0.11204659939999999,0.1078130007,0.0313994586,2.198582077,0.027635650636111113,2.000744104,-0.235847101,0.891933382,0.478085786,51.00363922,976.4708862,998.4484863,20.67857933,20.44743919,19.95376968,21.63456917,23.53996086,56.89781189,43.24768066,2.24000001,0.0558764994
0.1481865048,0.143425703,0.111519599,0.1119696021,0.1077913046,0.031705978499999996,2.059822083,0.027617109086111112,2.000746012,0.056816172,0.890478373,0.500758827,51.00363922,976.7808228,998.4481201,20.67868042,20.44758034,19.95376968,21.63500977,23.54541016,56.91044998,43.24853897,2.335000038,0.0558765113
0.1483679056,0.143473196,0.1113705993,0.1119639993,0.10776950119999999,0.032055071000000004,2.471820068,0.027593597836111112,2.000747919,0.213459596,0.889023304,0.47797811,51.00363922,976.9262085,998.4475708,20.6787796,20.44771957,19.95376968,21.63544083,23.55085945,56.92308044,43.24938965,2.355000019,0.0558765113
0.14848779439999998,0.14344379899999998,0.1118414998,0.11198220249999999,0.1077478051,0.0316135794,2.3995780939999998,0.02758332994166667,2.000750065,-0.123192601,0.887568176,0.498974591,65.40838623,977.0167236,998.4472046,20.67886925,20.44786072,20.09495926,21.63587952,23.55631065,56.93571854,43.25024033,2.112499952,0.0558765173
0.1482427955,0.1432744026,0.1119428039,0.1120004058,0.1077260971,0.0315052509,3.2786411289999995,0.027582999336111108,2.000751972,0.694715083,0.886113226,0.481229186,70.2099762,977.1072998,998.4467773,20.67897034,20.44799995,20.14201927,21.63631058,23.56176949,56.94836044,43.251091,2.1875,0.055876529200000004
0.1481331944,0.14321269990000002,0.11169250010000001,0.1121273041,0.107704401,0.0315853387,2.762215996,0.027554522619444445,2.000754118,0.067664489,0.884658217,0.495639086,70.2099762,977.197876,998.4464111,20.67906952,20.44813919,20.14201927,21.63674927,23.56722069,56.96099091,43.25194168,2.266249895,0.055876541099999996
0.14786649940000002,0.1429854035,0.11225869660000001,0.1120506048,0.10768270490000001,0.0309539795,3.3058208469999997,0.02754044638611111,2.000756025,0.189498097,0.883203089,0.497375011,70.2099762,977.2883911,998.4459229,20.67917061,20.44828033,20.14201927,21.63718033,23.56726074,56.973629,43.25278854,2.301249981,0.05587654709999999
0.147853303,0.1430513978,0.1115434051,0.1121072054,0.1076609015,0.0314419806,2.63776207,0.027534486983333335,2.000756979,0.02331786,0.883182585,0.473796397,72.2232666,977.3790283,998.4454956,20.67926979,20.44841957,19.97730064,21.63762093,23.56549072,56.9862709,43.25363922,2.295000076,0.05587654709999999
0.1476220012,0.1427865982,0.11162689919999999,0.111975801,0.10763920549999999,0.0313591093,2.785103989,0.027533991072222222,2.000758886,-0.204136893,0.883640409,0.490674406,72.8943634,977.4694824,998.4451294,20.67935944,20.44856071,19.92239952,21.63805008,23.56373024,56.998909,43.2544899,2.230000019,0.055876559000000006
0.147281003,0.1425575972,0.1118294954,0.1120743036,0.1076174974,0.0309352189,2.898115921,0.027517435286111114,2.000761032,-0.055123039,0.884098172,0.442378104,72.8943634,977.5601196,998.4445801,20.67946053,20.44870949,19.92239952,21.63849068,23.56196976,57.01153946,43.25534058,2.13499999,0.055876559000000006
0.1472430944,0.1423908949,0.1122110009,0.1121459961,0.1075958014,0.0303524703,2.9467540740000002,0.027506836786111113,2.000762939,-0.126172796,0.884555995,0.426823705,72.8943634,977.6505737,998.4442749,20.67955971,20.44885063,19.92239952,21.63892937,23.56019974,57.02418137,43.25619888,2.005000114,0.055876582900000006
0.14694370029999998,0.1422242045,0.11218719479999999,0.1121734977,0.1075741053,0.0302536011,3.1498910899999997,0.027507167391666667,2.000765085,-0.222853094,0.885013819,0.449013591,72.8943634,977.9730225,998.4437866,20.6796608,20.44898987,19.92239952,21.63936043,23.55843925,57.03681946,43.25704956,2.142499924,0.055876582900000006
0.146725297,0.142057395,0.1118175983,0.11220109460000001,0.10755230190000001,0.0303336889,2.4575099949999997,0.02752471923888889,2.000766993,-0.245503098,0.885471523,0.411465198,72.88778687,978.3726196,998.4434204,20.67975998,20.4491291,19.85181046,21.63979912,23.55668068,57.04944992,43.25790024,2.244999886,0.0558765888
0.1465739965,0.1418907046,0.11154940129999999,0.1123118997,0.10760619639999999,0.0304137707,2.4768220899999998,0.027561145358333334,2.0007689,0.440437496,0.885929286,0.4368985,72.87902069,978.7722168,998.4429932,20.67984962,20.44927025,19.8282795,21.64023018,23.55491066,57.06209183,43.25875092,2.125,0.0558765888
0.14655330179999998,0.1419263005,0.11113810539999999,0.11226350069999999,0.10761779549999999,0.030731019399999997,2.562653923,0.027627042133333335,2.000771046,0.216559097,0.88638711,0.410751909,72.87024689,979.171814,998.442627,20.67995071,20.44940948,19.8282795,21.64067078,23.55315018,57.07471848,43.25960159,2.109999895,0.055876612699999995
0.1465762019,0.1420292974,0.1112514019,0.1121528029,0.10760020020000001,0.030695560599999998,2.460372925,0.027719099255555556,2.000771999,0.01223125,0.886844873,0.408882111,72.86148071,979.5714111,998.4420776,20.6800499,20.44955063,19.8282795,21.64109993,23.55138969,57.08736038,43.26044846,2.112499952,0.055876612699999995
0.1467532992,0.1422814012,0.1112395048,0.1120419979,0.10758019690000001,0.030796718600000002,2.398860931,0.027793278166666664,2.000773907,0.445802003,0.887302577,0.400532007,72.85270691,979.9710083,998.4417114,20.68014908,20.44968987,19.8282795,21.64154053,23.54961967,57.09030914,43.26129913,2.07249999,0.055876618600000004
0.146914804,0.14234410520000002,0.111442101,0.11201159949999999,0.10756030080000001,0.0308944404,2.07198391,0.027859499194444446,2.000776052,-0.001001172,0.887760401,0.40908429,48.68638992,980.3706055,998.4412842,20.68025017,20.4498291,19.85181046,21.64197922,23.54785919,57.0900383,43.26214981,2.367500067,0.055876618600000004
0.14705389740000002,0.1423270941,0.1114241958,0.11200799939999999,0.1075404048,0.030959850500000004,2.0948699950000003,0.027882999833333335,2.00077796,-0.1814868,0.888218224,0.375204593,40.63167953,980.7355957,998.440918,20.68033981,20.44997025,19.85964966,21.64241028,23.54608917,57.08975983,43.26300812,2.192500114,0.0558766425
0.1471928954,0.1425012946,0.11129709480000001,0.1120043039,0.1075204968,0.0310252607,2.64634304,0.02787441677777778,2.000780106,-0.134875298,0.888675988,0.364932507,40.63167953,981.0889893,998.4404297,20.6804409,20.45012093,19.85964966,21.64285088,23.5443306,57.08948898,43.2638588,2.309999943,0.0558766425
0.1472455978,0.142739296,0.1111698985,0.1120007038,0.10750060079999998,0.0313105106,3.0154180530000003,0.027848917638888887,2.000782013,-0.055599879,0.888790429,0.368159801,40.63167953,981.4423828,998.4400024,20.68054008,20.45026016,19.85964966,21.64328003,23.54257011,57.08921051,43.26470947,2.282500029,0.05587664839999999
0.14758019449999998,0.1427497983,0.1119964957,0.1119673967,0.10748059750000001,0.030737209300000002,2.161392021,0.027835665805555555,2.00078392,-0.060487531,0.888790429,0.338857889,40.63167953,981.7957764,998.4395752,20.68063927,20.4503994,19.85964966,21.64372063,23.54080009,57.08893967,43.26556015,2.11500001,0.05587664839999999
0.1475749969,0.1428542972,0.1118891001,0.1119241953,0.1074607015,0.0308606386,2.569095039,0.027814805777777778,2.000786066,0.04572957,0.888907492,0.366659105,64.53504181,982.1491699,998.4390869,20.68074036,20.45054054,20.07143021,21.64414978,23.53903961,57.08866882,43.26641083,2.182499886,0.0558766723
0.14753999710000001,0.1428735971,0.1117580056,0.1119174004,0.1074408054,0.0310792297,2.5991340640000002,0.027781694194444442,2.00078702,-0.142981604,0.889063478,0.363670588,72.50283051,982.5026245,998.4387207,20.68083,20.45067978,20.14201927,21.64459038,23.53727913,57.08839035,43.26726151,2.332499981,0.0558766723
0.14754439589999999,0.14284570219999998,0.1115792036,0.1119228005,0.10742089749999999,0.031217619800000002,2.903120995,0.027769766913888886,2.000788927,-0.240138605,0.889219582,0.38299641,72.50283051,982.3322754,998.4382935,20.68092918,20.45082092,20.14201927,21.64501953,23.53550911,57.08811188,43.26810837,2.092499971,0.055876678199999995
0.1474939942,0.1426645994,0.11146600250000001,0.11192820070000001,0.10740100150000001,0.0313560009,2.7228780749999997,0.027760821447222223,2.000791073,-0.101376899,0.889375627,0.415697902,72.50283051,981.9873047,998.4379272,20.68103027,20.45096016,20.14201927,21.64546013,23.53375053,57.08784103,43.26895905,2.157500029,0.0558766901
0.1474253058,0.14269570110000002,0.11157330270000002,0.1119336009,0.1074988961,0.0310912788,2.069838905,0.027746753691666667,2.00079298,0.039172951,0.889531672,0.399317801,73.82288361,981.6422729,998.4373779,20.68112946,20.4510994,20.09495926,21.64590073,23.53199005,57.08755875,43.26980972,2.059999943,0.055876702099999995
0.14735660550000002,0.1428146958,0.1114004016,0.11193900109999999,0.1075009942,0.031231659699999997,2.1370700840000003,0.02773152033611111,2.000794888,-0.072170198,0.889687717,0.41704011,74.26290131,981.2974243,998.4370117,20.68123055,20.45124054,20.08189964,21.64632988,23.53022003,57.08729172,43.27067184,1.995000005,0.055876702099999995
0.1475826025,0.1428014994,0.11165070530000001,0.11188939810000001,0.1074579,0.0311427593,1.9482429499999998,0.027721746233333334,2.000797033,-0.202110305,0.889843822,0.391339689,74.26290131,980.9523926,998.4365845,20.68132019,20.45138931,20.08538055,21.64677048,23.52845955,57.08700943,43.27151871,2.289999962,0.055876708
0.1476874948,0.1428650022,0.111185801,0.11182160379999999,0.1074149013,0.0316156805,2.228627968,0.027699892255555553,2.000798941,0.153734893,0.889999807,0.375630796,74.26290131,980.6074219,998.4362183,20.68141937,20.45153046,20.08886909,21.64719963,23.52669907,57.08673859,43.27236938,2.217499971,0.055876720000000005
0.1477192044,0.14296879769999998,0.1110128999,0.1117759943,0.1073719978,0.0319238603,2.236491966,0.02769028981388889,2.000801086,0.166013598,0.890155911,0.390383899,74.26290131,980.4926147,998.435791,20.68152046,20.45166969,20.09235001,21.64764023,23.52492905,57.08646011,43.27322006,2.287499905,0.0558767319
0.1477509022,0.1429952979,0.1113765001,0.111737895,0.10736119749999999,0.031608781200000005,2.3867000579999997,0.027679364947222222,2.000802994,0.091208607,0.890311897,0.446545511,67.25582123,980.4542847,998.4354248,20.68161964,20.45181084,20.09584045,21.64806938,23.52317047,57.08618927,43.27407074,2.472500086,0.0558767319
0.1478976011,0.1429960012,0.1118533969,0.11169979569999999,0.10736119749999999,0.031130111199999998,2.507579041,0.02765220853888889,2.000803947,0.04280889,0.890467882,0.475528896,64.92012787,980.4160767,998.4348755,20.68172073,20.45195007,20.09931946,21.64850998,23.52140045,57.09804916,43.27492142,2.272500038,0.0558767378
0.1476547956,0.1429967046,0.1114541054,0.11166169640000001,0.10736119749999999,0.0315360904,3.8615798949999998,0.027636313969444444,2.000806093,0.054312769,0.89135462,0.462144613,64.92012787,980.0443726,998.4345093,20.68181038,20.45208931,20.10280991,21.64893913,23.51963997,57.11394882,43.27576828,2.122499943,0.0558767498
0.1474709034,0.1426856041,0.1116299033,0.1117398024,0.10736119749999999,0.0314284712,3.488927841,0.02763267305277778,2.000808001,-0.119139403,0.892484725,0.484553695,64.92012787,979.5615234,998.434082,20.68190956,20.45223045,20.10629082,21.64937973,23.51787949,57.12984085,43.27661896,2.355000019,0.0558767617
0.1472103953,0.1422706008,0.1120947957,0.11185669899999999,0.10736119749999999,0.0305545002,2.343069077,0.02761048634722222,2.000809908,-0.130941302,0.893614829,0.46861431,64.92012787,979.0784912,998.4337158,20.68201065,20.45236969,20.10977936,21.64981079,23.51610947,57.14574051,43.27748108,2.484999895,0.0558767617
0.1469020963,0.142275095,0.1113705993,0.1119735003,0.10736119749999999,0.030880919099999998,2.500429916,0.027603200277777778,2.000812054,-0.202348799,0.894744873,0.452134192,52.24668884,978.5955811,998.4332275,20.68210983,20.45251083,20.01652908,21.65024948,23.51435089,57.16164017,43.27833176,2.44749999,0.0558767676
0.1469295025,0.1420320988,0.1119488001,0.11193389890000001,0.10736119749999999,0.0303263187,2.7228780749999997,0.027592271169444446,2.000813961,0.01270808,0.895875096,0.473349512,48.02220917,978.1126099,998.4328003,20.68221092,20.45265961,19.98514938,21.65069008,23.51259041,57.17753983,43.27917862,2.069999933,0.0558767796
0.1466110945,0.1418688059,0.11169840099999999,0.1118420005,0.10736119749999999,0.030303961,3.46389389,0.02756379445277778,2.000816107,0.093056381,0.8970052,0.466738701,48.02220917,977.6295776,998.432373,20.68230057,20.45280075,19.98514938,21.65111923,23.51082039,57.19343948,43.2800293,2.272500038,0.0558767915
0.1467833996,0.141952002,0.1112514019,0.11180709600000001,0.10736119749999999,0.0306075096,2.765077019,0.027555514441666665,2.000818014,-0.085402668,0.898305416,0.467602909,48.02220917,977.5258789,998.4318848,20.68239975,20.45293999,19.98514938,21.65155983,23.50905991,57.20933914,43.28087997,2.357500076,0.0558767915
0.1465535998,0.1417693019,0.1112514019,0.11179120540000001,0.10736119749999999,0.0306812704,3.5575908660000004,0.027541605630555552,2.000818968,0.026536571,0.899662375,0.475232989,48.02220917,977.548584,998.4315186,20.68250084,20.45307922,19.98514938,21.65199089,23.50729942,57.22523117,43.28173065,2.102499962,0.0558767974
0.1464560986,0.141712296,0.111084497,0.1119276047,0.10736119749999999,0.030678430200000002,2.559078026,0.027520084380555556,2.000821114,-0.138809204,0.901019275,0.482863009,54.82061005,977.5712891,998.4310913,20.68260002,20.45322037,20.00868034,21.65242958,23.5055294,57.24113083,43.28258133,2.275000095,0.055876809400000005
0.1464709997,0.1417332053,0.1120023966,0.1117714047,0.10736119749999999,0.0297170788,2.3824079510000002,0.02750650617777778,2.000823021,-0.166108504,0.902376294,0.452248007,57.08673859,977.5939941,998.4307251,20.6826992,20.4533596,20.01778984,21.65286064,23.50377083,57.25703049,43.28342819,2.075000048,0.055876821300000004
0.1464859962,0.1417541027,0.1117938042,0.11167730090000001,0.1072540045,0.0299028397,2.445352936,0.027495911916666668,2.000824928,-0.219157502,0.903733313,0.440781891,57.08673859,977.6165771,998.4301758,20.68279076,20.45350075,20.01948929,21.65329933,23.50200081,57.27293015,43.28427887,2.182499886,0.055876821300000004
0.1465818048,0.1417750001,0.11082819699999999,0.11164220570000001,0.1072239041,0.030931741000000002,1.971846962,0.027485313416666667,2.000827074,-0.1436968,0.905090213,0.439948201,57.08673859,977.7564697,998.4298096,20.68288994,20.45363998,20.02119064,21.65373039,23.50024033,57.2888298,43.28514099,2.107500076,0.0558768272
0.1464458942,0.1417958975,0.1106016994,0.1117928028,0.10723119969999999,0.0311495394,2.847335052,0.027482664319444444,2.000828981,-0.213196903,0.906447172,0.439114511,74.27320862,977.9354858,998.4293823,20.68298912,20.45377922,20.02289009,21.65416908,23.49847984,57.30472946,43.28599167,1.985000014,0.05587683919999999
0.14637509580000002,0.14163240189999998,0.1112395048,0.11164729600000001,0.10723869800000001,0.0305464,3.143450928,0.027511471641666667,2.000830889,0.048471421,0.905069828,0.43828091,80.00203705,978.114624,998.4290161,20.68309021,20.4539299,20.02458954,21.65460968,23.49670982,57.32062912,43.28683853,2.154999971,0.0558768511
0.1464586973,0.1418009996,0.1110903978,0.1115957975,0.1072461009,0.030541971299999998,1.971128082,0.02753995047777778,2.000833035,0.318007708,0.90278089,0.42848891,80.00203705,978.2935181,998.4285278,20.68318939,20.45406914,20.02629089,21.65504074,23.49494934,57.33652115,43.28768921,2.220000029,0.0558768511
0.1465770006,0.141801405,0.1116508007,0.1114526987,0.10725350380000001,0.03015019,2.1134700779999998,0.027576048108333334,2.000833988,-0.087786853,0.900492072,0.415710688,80.00203705,978.4724731,998.4281006,20.68328094,20.45421028,20.0279808,21.65547943,23.49319077,57.35242081,43.28853989,2.220000029,0.055876857
0.1465276957,0.1418928981,0.11114410159999999,0.11155190470000001,0.10725220440000001,0.030657199000000003,2.538339996,0.02758896085833333,2.000835896,-0.084329739,0.898203194,0.430995405,80.00203705,978.6516113,998.4276733,20.68338013,20.45434952,20.02968025,21.65591049,23.49142075,57.36832047,43.28939056,2.085000038,0.055876868999999996
0.1465824962,0.1418055058,0.1110785007,0.11158950329999999,0.10724790099999999,0.030790948899999997,2.402438927,0.027603861491666666,2.000838041,-0.165154904,0.89624542,0.403729588,66.9807663,978.8305054,998.4273071,20.68347931,20.45449066,20.0313797,21.65634918,23.48966026,57.38422012,43.29024124,2.257499933,0.055876868999999996
0.14653060440000001,0.14187610150000002,0.11106660370000002,0.11157369610000001,0.10724380019999999,0.030676579500000002,2.769368935,0.027600549061111108,2.000839949,-0.237873599,0.894397974,0.4271501,62.64035034,979.0095215,998.4268799,20.6835804,20.4546299,20.03307915,21.65678024,23.48789978,57.40011978,43.2910881,2.210000038,0.0558768809
0.146627605,0.14202619789999998,0.1113288045,0.11155790089999999,0.10723960400000002,0.030562201100000002,2.727169991,0.027606845430555558,2.000842094,-0.199726105,0.892550588,0.420691013,62.64035034,979.1884766,998.4265137,20.68367958,20.45476913,20.03476906,21.65722084,23.48612976,57.41601944,43.29195023,2.36500001,0.0558768928
0.1467918992,0.1420371056,0.11190710070000001,0.11154199840000001,0.1072353959,0.0301302403,2.35308094,0.02759293238333333,2.000844002,-0.231436193,0.890703082,0.426502705,62.64035034,979.3674927,998.4260254,20.68376923,20.45491028,20.03647041,21.65765953,23.48436928,57.4319191,43.2928009,2.077500105,0.0558768988
0.1469372034,0.14229539630000002,0.1110308051,0.1115262032,0.10723119969999999,0.031006249800000003,2.322327042,0.02757637871666667,2.000845909,-0.246933699,0.888855696,0.401279002,62.64035034,979.5465088,998.4255981,20.68387032,20.45505905,20.03816986,21.65809059,23.48259926,57.44781113,43.29365158,2.125,0.0558768988
0.1470760942,0.1422484994,0.11039910319999999,0.11151039599999998,0.1072270036,0.031896379600000004,1.936800003,0.02757074356111111,2.000848055,0.40836969,0.88700819,0.437750608,63.91736984,979.7255249,998.4251709,20.6839695,20.4552002,20.03986931,21.65852928,23.48084068,57.46371078,43.29449844,2.022500038,0.055876910700000004
0.1469197989,0.1423483968,0.11050029990000002,0.1114971042,0.1072227955,0.0317099303,2.705709076,0.027574058108333334,2.000849962,0.099970616,0.885160923,0.441538692,64.34304047,979.90448,998.4246826,20.68407059,20.45533943,20.04157066,21.65896034,23.4790802,57.47961044,43.29534912,2.307499886,0.055876922600000004
0.1472147942,0.1426946998,0.11112020019999999,0.1114848018,0.1072185993,0.0312154204,3.3701950070000004,0.027586311763888892,2.000850916,0.235513598,0.884135425,0.400566489,64.34304047,979.2609253,998.4243164,20.68416977,20.45548058,20.04327011,21.65940094,23.47731018,57.4955101,43.2961998,2.397500038,0.0558769286
0.14769300219999998,0.14309200049999998,0.1111083984,0.1112233043,0.1072144032,0.031617179499999995,2.585541916,0.027629691230555555,2.000853062,0.145032406,0.88338393,0.407683998,64.34304047,979.362915,998.4238892,20.68427086,20.45561981,20.04496002,21.65983009,23.4755497,57.51140976,43.29705048,2.480000019,0.0558769286
0.14792020320000002,0.1432669997,0.11057790519999999,0.11120460029999998,0.1072101951,0.0325244009,2.324472046,0.027696579827777776,2.000854969,-0.139643699,0.882632315,0.386270791,69.3214798,979.8048096,998.4235229,20.6843605,20.45575905,19.95198059,21.66027069,23.47378922,57.52730942,43.29790115,2.150000095,0.05587694050000001
0.1482597947,0.1433678031,0.1107983947,0.1112944961,0.1072059989,0.032470199500000005,1.9410909650000001,0.027757180530555554,2.000857115,-0.237635195,0.88188082,0.424242407,70.98095703,980.246582,998.4229736,20.68445969,20.45590019,19.92083931,21.66069984,23.4720192,57.54138947,43.29875183,2.345000029,0.0558769524
0.1482635975,0.1434687018,0.1112990022,0.11138449909999999,0.10720180269999999,0.0320725501,3.1327270510000003,0.02777639812777778,2.000859022,-0.220468894,0.881129324,0.432326406,70.98095703,980.6884766,998.4226074,20.68456078,20.45603943,19.92083931,21.66114044,23.47026062,57.55487061,43.29961014,2.105000019,0.055876958399999996
0.1484792948,0.1436696053,0.1111559987,0.11147439480000002,0.1071975946,0.0323137194,3.312258148,0.027766125997222224,2.000860929,0.078393377,0.880377829,0.386099488,70.98095703,979.9677734,998.4221802,20.68465996,20.45618057,19.92083931,21.66157913,23.46850014,57.56835175,43.30046082,2.275000095,0.055876958399999996
0.14846190210000001,0.1435489058,0.11124540570000001,0.1114125967,0.10719339850000001,0.0324242085,3.473908997,0.02773979822777778,2.000863075,0.393349111,0.879626274,0.463586003,70.98095703,980.5109863,998.421814,20.68475914,20.45631981,19.92083931,21.66201019,23.46673012,57.58182907,43.30131149,2.092499971,0.055876970299999995
0.1483283997,0.1433099031,0.1120738983,0.1114665985,0.1071892023,0.0314453214,2.863787079,0.027709990608333332,2.000864983,-0.046062998,0.878874779,0.4430013,55.26430893,980.0861206,998.4213257,20.68485069,20.45646095,20.01613045,21.66245079,23.46496964,57.59529877,43.30215836,2.262500048,0.0558769822
0.1481948972,0.14320570230000002,0.1119904995,0.1115759969,0.10718499420000001,0.0312379211,2.514734077,0.02770254135,2.00086689,-0.2393042,0.878123283,0.477126896,50.02542877,979.1550293,998.4208984,20.68494987,20.45660973,20.04789925,21.66287994,23.46320915,57.60877991,43.30300903,2.267499924,0.0558769882
0.1480613947,0.1431465983,0.1115373969,0.11168539520000001,0.1071807981,0.0316675097,2.863781929,0.027702045441666667,2.000868082,-0.246576101,0.877371788,0.496345997,50.02542877,978.2238159,998.4204712,20.68504906,20.45675087,20.04789925,21.66332054,23.46143913,57.62226105,43.30385971,2.1875,0.0558769882
0.1478034973,0.1428179026,0.11192489859999999,0.11179480550000001,0.1071766019,0.0312293708,3.647714996,0.02770138422777778,2.000869989,-0.246258199,0.876620293,0.458229303,50.02542877,977.2927246,998.4199829,20.68515015,20.45689011,20.04789925,21.66374969,23.45968056,57.63573837,43.30471039,2.335000038,0.055877012000000004
0.1475041986,0.1425799012,0.1119531989,0.1119042039,0.1071755052,0.0309671611,3.672751999,0.027691279516666667,2.000871897,-0.245940298,0.875868797,0.465471208,50.02542877,977.3088989,998.4196777,20.68524933,20.45702934,20.04789925,21.66419029,23.45791054,57.64921951,43.30556107,2.255000114,0.055877012000000004
0.1473075032,0.1424021006,0.1117684007,0.1119014025,0.1071755052,0.030870059100000003,3.606232834,0.027661149766666667,2.000874043,-0.161459297,0.875117183,0.429176688,63.40367889,977.6409912,998.4193115,20.68534088,20.45717049,20.00083923,21.66463089,23.45615005,57.66270065,43.30641937,2.262500048,0.055877018
0.1469724059,0.14216120240000002,0.11158369779999999,0.1118610978,0.1071755052,0.030772960199999998,3.390935898,0.0276512146,2.00087595,-0.213077694,0.874365687,0.446919709,67.86309814,977.9730225,998.4188232,20.68544006,20.45730972,19.98776054,21.66506004,23.45438957,57.67617035,43.30727005,2.137500048,0.055877018
0.1465798974,0.1418992996,0.1113988996,0.1120018005,0.10720649959999999,0.030675861199999998,2.9095619200000002,0.027631013658333335,2.000878096,-0.245383903,0.873614311,0.421769798,67.86309814,978.3051147,998.418396,20.68553925,20.45745087,19.99124908,21.6654892,23.45261955,57.68965912,43.30812073,2.224999905,0.055877041800000006
0.14656499620000002,0.141821003,0.11162090300000001,0.11196579929999999,0.10724099869999999,0.030255460699999997,3.2342910770000004,0.027618927425,2.000880003,-0.211885601,0.873543918,0.423396111,67.86309814,978.637085,998.4180298,20.68564034,20.4575901,19.99473953,21.66592979,23.45085907,57.70312881,43.30897141,2.119999886,0.055877041800000006
0.14655079840000002,0.1418040037,0.11147789960000001,0.11185079810000001,0.10727330450000001,0.0302965611,2.804418945,0.02761164347222222,2.00088191,-0.2351318,0.873700619,0.413340807,67.86309814,978.9691772,998.4174805,20.68573952,20.45774078,19.99822044,21.66637039,23.44910049,57.71660995,43.30981827,2.400000095,0.0558770478
0.14649480580000002,0.141703403,0.1118116975,0.1119313002,0.10728369950000001,0.029976740499999998,3.4746231080000003,0.027588958738888888,2.000884056,-0.226429403,0.873857319,0.393900603,66.5438385,979.3012085,998.4171143,20.68582916,20.45788002,20.00171089,21.66679955,23.44733047,57.73009109,43.31066895,2.164999962,0.0558770478
0.14643870590000002,0.14157489539999998,0.1115643978,0.1119477987,0.107286799,0.030139029,3.192090034,0.027582005394444442,2.00088501,0.3819049,0.87401402,0.435409188,66.1040802,979.6331787,998.416687,20.68593025,20.45801926,20.00519943,21.66724014,23.44556999,57.74356842,43.31151962,2.357500076,0.055877071599999995
0.1463827014,0.14152430300000002,0.1110517979,0.1119212031,0.1072898984,0.0305231988,2.186425972,0.027569092644444446,2.000886917,-0.03914877,0.874170601,0.385717988,66.1040802,979.965271,998.4163208,20.68602943,20.4581604,20.00868034,21.6676693,23.44380951,57.75704956,43.3123703,2.204999924,0.055877071599999995
0.1463266969,0.1414996982,0.1118713021,0.1118945003,0.10729299779999998,0.0297177792,3.341582108,0.02755484898888889,2.000889063,-0.204136893,0.874327302,0.377842605,66.1040802,980.2974243,998.4157715,20.68613052,20.45829964,20.01217079,21.66810989,23.44203949,57.7705307,43.31322098,2.007499933,0.055877077600000005
0.1465194941,0.1418913007,0.1112395048,0.1118679047,0.1072960973,0.030281761299999998,2.954624939,0.027546575333333333,2.00089097,-0.008392274,0.874483883,0.373192787,46.97714996,980.6293945,998.4154053,20.68622971,20.45844078,20.01565933,21.66853905,23.44028091,57.7840004,43.31407928,2.202500105,0.055877077600000005
0.1467952013,0.1421558976,0.1107089996,0.11175830360000001,0.10729910140000001,0.031182301000000003,2.416028976,0.027526048025,2.000893116,0.015688371,0.874640584,0.3608419,40.60150909,980.9614868,998.414978,20.68631935,20.45858002,20.01914024,21.66897964,23.43851089,57.79748154,43.31492996,2.325000048,0.0558771014
0.14690990450000002,0.1423318028,0.11074479820000001,0.11162120099999999,0.1073022008,0.031439119599999996,2.210028076,0.02750650829722222,2.000895023,0.008893333,0.874797285,0.365017414,40.60150909,981.2935181,998.4146118,20.68642044,20.45871925,20.02263069,21.66942024,23.43675041,57.81095886,43.31578064,2.055000067,0.0558771014
0.1472630978,0.1425078034,0.1112275958,0.11162320379999999,0.1073053002,0.0311657995,1.62851696,0.02748884625,2.000896931,0.09973222,0.874953985,0.355640203,40.60150909,981.6254883,998.4141235,20.68651962,20.4588604,20.0261097,21.6698494,23.43498993,57.81739044,43.31663132,1.967499971,0.0558771074
0.1473757029,0.1426836967,0.11098320479999998,0.11167149540000001,0.107278502,0.0315476894,2.74218502,0.0274711842,2.000899076,0.51565969,0.875110686,0.367586106,40.60150909,981.9575806,998.4136963,20.68662071,20.45900917,20.02960014,21.67028999,23.43322945,57.82146072,43.31747818,2.210000038,0.0558771074
0.14745839830000002,0.1427865982,0.1113885045,0.1117198944,0.10724170209999999,0.0312971205,2.272257042,0.027470741272222224,2.000900984,-0.015783399,0.875267386,0.366068393,66.75144196,982.2896729,998.4133301,20.68671989,20.45915031,20.03309059,21.67071915,23.43145943,57.82553864,43.31832886,2.095000029,0.0558771312
0.1474298954,0.1428653002,0.11176400179999998,0.1117082,0.10720499750000001,0.0310034007,3.029725075,0.027511806488888887,2.000901937,-0.220468894,0.875424087,0.394010812,75.46808624,982.2501221,998.4127808,20.68680954,20.45928955,20.0365696,21.67115974,23.42970085,57.82960892,43.31917953,2.045000076,0.0558771312
0.14770350459999998,0.14294389489999998,0.1114004016,0.1116765976,0.1072347999,0.0314074397,2.2579530720000003,0.027592601775,2.000904083,0.322895288,0.875580728,0.381694287,75.46808624,982.0866699,998.4124146,20.68691063,20.45943069,20.04006004,21.67159081,23.42793083,57.83369064,43.32003021,2.154999971,0.0558771372
0.1474715948,0.1428377986,0.11152559520000001,0.1116448998,0.107286799,0.031401258700000004,2.653495026,0.02763995912222222,2.000905991,0.415045589,0.875737429,0.398817003,75.46808624,981.9232178,998.4119873,20.68700981,20.45956993,20.04355049,21.6720295,23.42617035,57.83776093,43.32088089,2.099999905,0.0558771491
0.147476697,0.1429563999,0.11147190330000001,0.1118612051,0.10733879799999999,0.031383788600000004,2.26224308,0.027678038280555553,2.000907898,0.2400437,0.875894129,0.397629499,75.46808624,981.7598267,998.4116211,20.6871109,20.45970917,20.0470295,21.67246056,23.42440987,57.84183884,43.3217392,2.242500067,0.055877160999999995
0.1476297975,0.1429440022,0.11153149600000001,0.11173570159999999,0.10734009739999999,0.031430861399999996,2.0805650709999997,0.027676546308333334,2.000910044,-0.008153863,0.87605077,0.419932693,60.62088013,981.5963135,998.4111938,20.68721008,20.45985031,20.05051994,21.67289925,23.42263985,57.84590912,43.32258987,2.292500019,0.055877160999999995
0.14747600560000002,0.14285629989999998,0.1117908001,0.1117799044,0.1073245049,0.0310580313,2.692834091,0.02766131295,2.000911951,-0.009584383,0.876207471,0.413817286,55.67181015,981.4329224,998.4108276,20.68729973,20.45998955,20.05400085,21.67333984,23.42087936,57.84999084,43.32344055,2.222500086,0.05587717290000001
0.14738529920000001,0.14276839489999998,0.11208889479999999,0.1119279027,0.10732810500000001,0.0307269901,2.55621891,0.0276426061,2.000914097,-0.182440504,0.876364112,0.394360989,55.67181015,981.2694092,998.4102783,20.68740082,20.46013069,20.0574894,21.6737709,23.41912079,57.85406113,43.32429123,2.173749924,0.055877178900000005
0.1473497033,0.1425348997,0.11203819509999999,0.1119724035,0.1073380947,0.0307395488,2.272254944,0.02763267305277778,2.000916004,0.427920312,0.876520813,0.402145714,55.67181015,981.1060181,998.4099121,20.6875,20.46027946,20.06097984,21.67420959,23.41735077,57.85813904,43.32514191,2.138750076,0.055877178900000005
0.1472123981,0.1423876047,0.11169250010000001,0.1119824052,0.1073482037,0.0308464289,2.2257619859999997,0.027670256297222223,2.000916958,-0.006127253,0.876677513,0.385592908,74.07092285,980.9425049,998.4094849,20.68759918,20.46042061,20.06446075,21.67464066,23.41559029,57.86220932,43.32598877,2.279999971,0.0558771908
0.1470412016,0.1422852993,0.11210969690000001,0.11199239489999999,0.1073582053,0.0303246498,3.289368057,0.02772257698888889,2.000919104,-0.060964361,0.884452224,0.382487088,80.2039566,980.9232788,998.4091187,20.68770027,20.46055984,20.0679493,21.67507935,23.4138298,57.86629105,43.32683945,2.337500095,0.055877202699999996
0.14707729819999998,0.1424757004,0.1116387963,0.1120023966,0.1073681951,0.0306620389,2.672809029,0.02780916638888889,2.000921011,0.052643809,0.894766271,0.387576789,80.2039566,980.9520874,998.4086304,20.68778992,20.46069908,20.07143974,21.67551041,23.41205978,57.87036133,43.32769012,2.160000086,0.0558772087
0.1471825004,0.1425199986,0.1116567016,0.11185139420000001,0.107378304,0.030890551199999998,2.293712997,0.027898250166666666,2.000922918,-0.0440364,0.897525787,0.426384985,80.2039566,980.9810181,998.4082031,20.6878891,20.46084023,20.07492065,21.6759491,23.4102993,57.81200027,43.3285408,2.325000048,0.0558772087
0.14724630119999998,0.1424829006,0.111966598,0.1118612051,0.10738830569999999,0.0305287302,2.257947922,0.02800124911111111,2.000925064,-0.163605094,0.897766888,0.404897392,80.2039566,981.0098267,998.4077759,20.68799019,20.46097946,20.07840919,21.67638016,23.40854073,57.73283005,43.32939911,2.220000029,0.0558772206
0.1472964048,0.14259229899999998,0.11170430179999999,0.11194239850000001,0.10739829540000001,0.030762440000000002,3.046175957,0.02807408438888889,2.000926971,-0.233105198,0.898007989,0.395623088,61.77061081,981.0385742,998.4072876,20.68808937,20.46112061,19.98514938,21.67682076,23.40677071,57.65365982,43.33024979,2.347500086,0.05587723260000001
0.14734649660000002,0.1425421,0.1117341995,0.1120236993,0.1074082971,0.0308522999,3.0790779109999997,0.028140972972222223,2.000929117,-0.208666906,0.898249209,0.39836821,55.62615967,981.0673828,998.4069214,20.68819046,20.46125984,19.95376968,21.67725945,23.40501022,57.57448959,43.33110046,2.154999971,0.0558772385
0.147269702,0.14265229699999998,0.1117282033,0.11210500000000001,0.10741839410000001,0.030811920799999996,3.2314308169999997,0.0282356665,2.000931025,-0.128199399,0.898490429,0.383629292,55.62615967,981.0963135,998.4064941,20.68828011,20.46139908,19.95376968,21.67769051,23.4032402,57.49531937,43.33195114,2.38499999,0.0558772385
0.147388196,0.142839098,0.11140630250000001,0.11206840280000001,0.1074283957,0.0311890811,3.5204010009999998,0.02831613963888889,2.000931978,-0.204732895,0.898731589,0.395930409,55.62615967,981.1251221,998.4061279,20.68837929,20.46154976,19.95376968,21.6781292,23.40147972,57.41614914,43.33280182,2.309999943,0.0558772504
0.14758579730000002,0.14302599430000001,0.11193089490000001,0.1119925976,0.10742219690000002,0.0308979899,3.301528931,0.0283820555,2.000933886,-0.244549498,0.89897269,0.385341197,55.62615967,981.1539917,998.4055786,20.68848038,20.4616909,19.95376968,21.67856026,23.40730095,57.33697891,43.33364868,2.377500057,0.0558772624
0.1477833986,0.1432127953,0.1117818952,0.11191680429999999,0.10741050240000001,0.0311950207,3.147027016,0.02845058230555556,2.000936031,-0.218740299,0.900017023,0.414251298,45.14973068,981.1828003,998.4052124,20.68857956,20.46183014,20.11849022,21.67900085,23.41564941,57.25780106,43.33449936,2.464999914,0.055877268300000005
0.14821259979999998,0.1432486057,0.11191300150000001,0.1118409991,0.1073989034,0.0312824607,2.3895580290000002,0.028520776972222224,2.000937939,-0.181308001,0.901328981,0.394096196,41.65758896,981.2116699,998.4047852,20.68868065,20.46196938,20.17340088,21.67943001,23.42399025,57.17863083,43.33535004,2.262500048,0.055877268300000005
0.1482745051,0.1434000969,0.11154940129999999,0.1118687987,0.1075091958,0.0316992193,3.053327942,0.028587027666666667,2.000940084,-0.206282705,0.902640998,0.373995394,41.65758896,981.2404785,998.4044189,20.68877029,20.46211052,20.17340088,21.67987061,23.43234062,57.0994606,43.33620071,2.032500029,0.055877280200000004
0.1483870029,0.1436069012,0.1116060019,0.1119312048,0.1075469017,0.031757870300000005,3.29222908,0.028658888083333334,2.000941992,-0.176241502,0.903953016,0.408533394,41.65758896,981.2692871,998.4038696,20.68886948,20.46224976,20.17340088,21.6803093,23.44068909,57.02029037,43.33705902,2.287499905,0.0558772922
0.1485659003,0.1438137054,0.11188030239999999,0.11191430090000001,0.1075469017,0.031642210500000004,2.715007019,0.028727084277777776,2.000943899,-0.2071172,0.905264974,0.389013886,41.65758896,981.2982178,998.4035034,20.68897057,20.4623909,20.17340088,21.68074036,23.44902992,56.94112015,43.3379097,2.210000038,0.05587729809999999
0.148824501,0.1441701055,0.11182359459999999,0.11187100409999999,0.1075469017,0.0319659412,2.815143967,0.028773443444444446,2.000946045,-0.237396806,0.90657711,0.385362506,45.85177994,981.3270264,998.4030762,20.68906975,20.46253014,20.0322094,21.68117905,23.45738029,56.86194992,43.33876038,2.180000067,0.05587729809999999
0.149109602,0.14434080119999998,0.11190710070000001,0.1118276954,0.1075469017,0.0323004305,3.3995208740000002,0.028803251055555555,2.000946999,-0.208190098,0.907889128,0.394758314,47.24983978,981.3557739,998.40271,20.68917084,20.46266937,19.98514938,21.68161011,23.46573067,56.81724167,43.33961105,2.220000029,0.05587731
0.1493947029,0.1444329977,0.1117341995,0.11188579800000001,0.1075767994,0.032589679999999996,2.6356159210000003,0.028425443444444445,2.000948906,-0.02114786,0.909201026,0.365903795,47.24983978,981.3845825,998.4022827,20.68926048,20.46281052,19.98514938,21.6820507,23.4740696,56.78401184,43.34046173,2.117500067,0.05587732199999999
0.1493302941,0.1443755031,0.11237800120000001,0.11197760109999999,0.1076009989,0.0320452094,3.4896419530000005,0.02811347325,2.000951052,-0.1732613,0.910512984,0.3851915,47.24983978,981.4135132,998.4019165,20.68935966,20.46295929,19.98514938,21.68247986,23.48241997,56.85462189,43.34130859,2.297499895,0.055877327899999996
0.14914940599999998,0.14426800010000002,0.11241970059999999,0.11200209860000002,0.1076197982,0.031866368699999995,3.759297943,0.028048250416666667,2.000952959,-0.246337593,0.91182512,0.370701998,65.50897217,981.4423218,998.4014282,20.68946075,20.46310043,19.94828987,21.68292046,23.49077034,56.95985031,43.34215927,2.220000029,0.055877327899999996
0.1489685059,0.1439072967,0.11233619450000001,0.11200439929999999,0.1076387048,0.0319020391,3.046178055,0.028070778305555554,2.000955105,-0.123192601,0.913137078,0.389211088,71.59535217,981.4711304,998.401001,20.68955994,20.46323967,19.94065094,21.68334961,23.49910927,56.95309067,43.34300995,2.087500095,0.0558773398
0.1484140038,0.1434622049,0.1126520991,0.1122421026,0.1076575994,0.031194019299999997,3.705651093,0.028134360833333334,2.000957012,-0.193765506,0.914448977,0.424728006,71.59535217,981.5,998.4005737,20.68965912,20.46338081,19.94684029,21.68379021,23.50745964,56.9090004,43.34386063,2.337500095,0.055877351799999996
0.1482789993,0.1432072043,0.1127236009,0.1123149037,0.1076858997,0.030664521500000003,3.056191063,0.028208527027777777,2.00095892,0.113322303,0.915761113,0.460244894,71.59535217,980.7550049,998.4000854,20.68975067,20.46352005,19.95302963,21.6842308,23.51581001,56.86489868,43.34471893,2.392499924,0.0558773577
0.14786289930000002,0.14301569460000002,0.1126759052,0.1123065948,0.1077172995,0.030602839599999997,3.902350998,0.02828766716666667,2.000961065,-0.124503903,0.917073071,0.472362012,71.59535217,979.7520752,998.3997192,20.68984985,20.46365929,19.95923042,21.68465996,23.52415085,56.82080841,43.34556961,2.470000029,0.0558773577
0.1475983977,0.14262360329999998,0.11239579920000001,0.112472105,0.1077486992,0.0306497097,4.059706879,0.02832972208333333,2.000962019,-0.245622396,0.91994381,0.476679087,55.4729805,978.7492065,998.399292,20.68995094,20.46380043,19.96541977,21.68510056,23.53249931,56.77671051,43.34642029,2.470000029,0.055877369600000004
0.1471825957,0.1421646953,0.1127177,0.1124822021,0.1077800989,0.0299780488,3.187083054,0.028341971499999997,2.001715899,0.1773386,0.923334181,0.480996192,50.09885025,977.7462769,998.3989258,20.69005013,20.46393967,19.97160912,21.68552971,23.54084969,56.73262024,43.34727097,2.130000114,0.0558773816
0.1466822982,0.1418434978,0.1125149965,0.1126667023,0.10781149860000001,0.0296737105,2.904553032,0.028323777527777778,2.002720118,-0.105430096,0.926724613,0.506287992,50.09885025,976.7432861,998.3983765,20.69014931,20.46408081,19.97780991,21.68597031,23.54919052,56.68852997,43.34189987,2.282500029,0.05587748890000001
0.146589303,0.1415681005,0.11275939939999999,0.1126814008,0.10784289840000001,0.0291567087,2.658499908,0.02830919477777778,2.003725052,-0.218382597,0.930114925,0.464043885,50.09885025,976.5117798,998.3980103,20.69024086,20.46422958,19.98399925,21.68639946,23.55754089,56.64442825,43.33446121,2.362499952,0.0558776319
0.14629310369999998,0.1414837956,0.11246730089999998,0.11261219979999999,0.1078742981,0.0291249812,3.7328338619999997,0.028291333527777778,2.004729033,-0.180473506,0.933505177,0.501837373,50.09885025,976.5374756,998.397583,20.69034004,20.46437073,19.99020004,21.68684006,23.56588936,56.6003418,43.32701111,2.075000048,0.055877769
0.1462556005,0.1414631009,0.11168650389999998,0.1125429988,0.1080302,0.029763248599999997,2.821583939,0.028270999055555555,2.005733013,0.191643894,0.936895609,0.466388494,51.95267868,976.5631104,998.3972168,20.69043922,20.46450996,19.99638939,21.68726921,23.57423019,56.55624008,43.31956863,2.118750095,0.055877911999999995
0.146073699,0.1412647963,0.11190099719999999,0.11247370240000001,0.1080600977,0.0295789391,2.90884304,0.028250694277777776,2.006737947,0.3275446,0.939870596,0.471677989,52.57062912,976.5888062,998.3967285,20.69054031,20.4646492,20.00258064,21.68770981,23.58258057,56.51214981,43.31212997,2.303750038,0.05587804910000001
0.146091795,0.141326797,0.1122051001,0.1124045014,0.10803430080000001,0.0290690899,2.4489250179999997,0.028222749499999998,2.007741928,0.318603814,0.942707121,0.466740012,52.57062912,976.6143799,998.3963013,20.6906395,20.46479034,20.00877953,21.68814087,23.59093094,56.46805954,43.30467987,2.394999981,0.055878192199999996
0.1462064028,0.1414953947,0.112222898,0.1123005033,0.10800850390000001,0.029054668500000002,2.1585269929999997,0.028157528777777777,2.008745909,-0.103045903,0.945543706,0.449858814,52.57062912,976.6400757,998.395874,20.69072914,20.46492958,20.01497078,21.68857956,23.5992794,56.4708786,43.29724121,2.402499914,0.055878329299999994
0.1464468002,0.14166400429999998,0.11186230180000001,0.11218489410000002,0.1079826951,0.029687088700000003,2.168540955,0.028049916166666668,2.009749889,-0.151207194,0.948380172,0.451645702,50.24258041,976.7957764,998.3953857,20.69083023,20.46507072,19.89887047,21.68902016,23.60762024,56.48934937,43.28979874,2.325000048,0.0558784723
0.1463485956,0.1416146994,0.1113973975,0.1120692968,0.10795689820000001,0.0302899897,2.843753052,0.027951889027777777,2.010755062,-0.191738993,0.951216817,0.459655315,49.46656036,976.994873,998.3950806,20.69092941,20.46520996,19.85964966,21.68944931,23.61597061,56.50782013,43.28236008,2.119999886,0.0558786094
0.146439302,0.14170449970000001,0.1116299033,0.11205840110000001,0.10798890590000002,0.0300794393,1.9167690279999998,0.027888334055555554,2.011759043,0.134065002,0.954053283,0.467664897,49.46656036,977.1939697,998.3947144,20.6910305,20.4653492,19.85964966,21.68988991,23.62431908,56.52629089,43.27490997,2.210000038,0.0558787525
0.14637399909999999,0.1418648005,0.1120947957,0.1120823026,0.1080400944,0.0296188712,3.373051071,0.027850888583333334,2.012763023,0.232831404,0.956889927,0.442865402,49.46656036,977.3931274,998.3942261,20.69112968,20.46549988,19.85964966,21.69031906,23.63265991,56.54476166,43.26747131,2.222500086,0.0558788896
0.1467712998,0.1420251012,0.1118891954,0.11202739479999999,0.10809140209999998,0.0300307512,3.097676086,0.027837999138888892,2.013767958,0.209227607,0.957651079,0.456025511,49.46656036,977.5922241,998.3937988,20.69123077,20.46563911,19.85964966,21.69075966,23.64101028,56.56322861,43.26002884,2.097500086,0.0558790326
0.1466948986,0.1419536948,0.11190710070000001,0.11194610599999999,0.10804489850000001,0.0301389486,2.230772018,0.02781647152777778,2.014771938,0.117137,0.957720578,0.435535789,60.75136185,977.7913208,998.3933716,20.69132042,20.46578026,19.88318062,21.69119072,23.64936066,56.58169937,43.25259018,2.352499962,0.055879169699999995
0.1467370033,0.14223699569999998,0.1112514019,0.1120041013,0.10800249580000001,0.030702280999999998,1.8903070450000001,0.027789972083333333,2.012862921,-0.105787799,0.957790077,0.455808699,64.51296234,977.9904175,998.3928833,20.6914196,20.46591949,19.89101982,21.69162941,23.65769958,56.60017014,43.24514008,2.255000114,0.055879312800000004
0.1471994996,0.14246790410000001,0.1113229036,0.1118813992,0.1079723954,0.0309231907,1.780157089,0.02776347266388889,2.009984016,-0.225237295,0.957859576,0.427316487,64.51296234,978.1895142,998.3925171,20.69152069,20.46606064,19.89101982,21.69207001,23.66604996,56.6186409,43.23770142,2.220000029,0.0558794498
0.1472700953,0.1426332951,0.11153149600000001,0.11168299909999999,0.1079422951,0.0309573889,2.955337906,0.02774426566111111,2.00710392,-0.089336619,0.957929075,0.435307086,64.51296234,978.3884888,998.3920898,20.69161987,20.46619987,19.89101982,21.69249916,23.67440033,56.63710022,43.24171066,2.349999905,0.0558795929
0.14750310179999998,0.1429690957,0.1111024022,0.11167579889999998,0.10791209939999999,0.0315369695,3.034016991,0.02772748523333333,2.004225016,-0.192811802,0.957998574,0.422796398,64.51296234,978.5875854,998.3917236,20.69171906,20.46633911,19.89101982,21.69367981,23.68273926,56.65557098,43.24954987,2.075000048,0.05587973
0.147845304,0.1431728005,0.11135870219999999,0.1115272045,0.10771800279999999,0.0316104293,3.051896095,0.02771070480277778,2.001344919,-0.241390303,0.958068073,0.443765193,74.00418854,978.7866821,998.3911743,20.69181061,20.46648026,20.03222084,21.69510078,23.67783928,56.67404175,43.25738144,2.13499999,0.0558798671
0.1479308009,0.14331359859999998,0.1112097025,0.11146119830000001,0.10765850539999999,0.0319196105,3.2435901639999996,0.02770254135,1.998466015,-0.237337202,0.955633879,0.480361313,77.1679306,978.9857788,998.3908081,20.69190979,20.46663094,20.07928085,21.69651985,23.66851044,56.6925087,43.2652092,2.317500114,0.0558800101
0.1482049942,0.14345430139999998,0.11112320419999999,0.1114454985,0.1076622009,0.0320598215,2.478252983,0.027702210744444445,1.995586038,-0.151564807,0.9523651,0.474371314,77.1679306,978.7841187,998.3903809,20.69201088,20.46677017,20.07928085,21.69794083,23.65918922,56.71097946,43.2730484,2.164999962,0.055880147199999994
0.1484892964,0.1437533975,0.1111351013,0.11142970320000001,0.107665801,0.0322805196,2.360950089,0.027680685255555556,1.992707014,0.092698768,0.949096382,0.479348511,77.1679306,978.4487305,998.3900146,20.69211006,20.46690941,20.07928085,21.69935989,23.64986038,56.72945023,43.28087997,2.30250001,0.0558802903
0.1487465978,0.1438364983,0.1117282033,0.1113623977,0.10765670540000001,0.032025221,2.375971985,0.027651545205555555,1.989827037,-0.080991849,0.945827603,0.472499102,77.1679306,978.1132813,998.3895264,20.69220924,20.46705055,20.07928085,21.70078087,23.64053917,56.74792099,43.28871918,2.167500019,0.0558804274
0.1486611962,0.1436759949,0.11158519979999999,0.11127790209999999,0.10764340160000001,0.0321670085,2.9560499190000002,0.027646247016666667,1.986948013,0.005197782,0.939302623,0.458911687,74.11112976,977.7780151,998.3890991,20.6923008,20.46718979,19.98049927,21.70219994,23.63121033,56.76639175,43.29655075,2.055000067,0.055880570399999996
0.14846169950000002,0.1434641004,0.11113209719999999,0.1114668012,0.1076300979,0.03250103,2.46680603,0.027642936705555555,1.987478971,0.295119196,0.931692123,0.480780512,73.0921936,977.442627,998.3886719,20.69239998,20.46733093,19.94758034,21.70362091,23.62188911,56.78485107,43.30437851,2.025000095,0.0558807075
0.1480831027,0.14325230120000002,0.111519599,0.11157490020000001,0.1076167941,0.031927651200000004,2.819433975,0.027622735763888892,1.989145994,0.0408419,0.924081624,0.477988899,73.0921936,977.1071777,998.3881836,20.69249916,20.46747017,19.94758034,21.70504951,23.61256027,56.80332947,43.31221008,2.349999905,0.0558808506
0.14804099799999998,0.1432075024,0.11166859870000001,0.11162569520000001,0.1076035023,0.0315796286,2.412446976,0.027604522705555554,1.990813971,0.067068353,0.913606524,0.463037699,73.0921936,976.7719116,998.3878174,20.69260025,20.46760941,19.94758034,21.70647049,23.60323906,56.82180023,43.32004929,2.212500095,0.0558809876
0.1478510022,0.1429646969,0.1121454954,0.1113968015,0.1075901985,0.0310619712,2.746479034,0.027599559361111112,1.992481947,-0.156571701,0.902176619,0.462769508,78.50785065,976.7697754,998.3873901,20.69269943,20.46775055,19.97575951,21.70788956,23.59391975,56.84025955,43.32788086,2.055000067,0.055881130700000003
0.14756770130000002,0.1424594998,0.1133077979,0.1115072966,0.1075767994,0.029656958599999998,3.081221962,0.02758929358611111,1.99414897,-0.199845299,0.894426703,0.467395812,80.3130722,976.8787231,998.3870239,20.69278908,20.46789932,19.98514938,21.70931053,23.58459091,56.85873032,43.33570862,2.255000114,0.0558812678
0.147022295,0.1421862006,0.1122110009,0.11176190379999999,0.1075634956,0.0302485287,3.577619934,0.027561145358333334,1.995816946,0.06849885,0.887903512,0.392678499,80.3130722,976.987793,998.3865967,20.69289017,20.46804047,19.98514938,21.7107296,23.5752697,56.87720108,43.34355164,2.292500019,0.055881410799999996
0.1464836955,0.14145760540000002,0.11186829810000001,0.1118386984,0.1075502038,0.0303268403,3.054044914,0.027551871405555556,1.997485042,0.099136129,0.884502411,0.438459814,80.3130722,977.576416,998.3862305,20.69298935,20.4681797,19.98514938,21.71215057,23.56594086,56.89567184,43.35137939,2.325000048,0.055881547899999995
0.14597660299999998,0.1410541058,0.1120471001,0.11200799939999999,0.1075469017,0.029413411,2.431048012,0.02754359351388889,1.999151945,-0.1100794,0.882142007,0.368915111,80.3130722,978.3248291,998.3856812,20.69309044,20.46832085,19.98514938,21.71357918,23.55661964,56.91413879,43.35921097,2.039999962,0.055881691
0.145885396,0.1411720037,0.1115911007,0.11200790410000001,0.1075469017,0.029462999099999998,2.388130951,0.027528029547222225,2.000819921,-0.126292095,0.881152809,0.39702639,60.17258072,979.0733032,998.3853149,20.69318962,20.46846008,19.84395981,21.71500015,23.5472908,56.93260956,43.36705017,2.180000067,0.055881828099999996
0.1459329963,0.1411481023,0.11147789960000001,0.1117512941,0.1075469017,0.0296941608,2.873080063,0.027515775891666667,2.002487898,-0.121523596,0.880620718,0.385939211,53.45909119,979.8217773,998.3848877,20.69327927,20.46859932,19.7968998,21.71641922,23.53796959,56.95108032,43.37488174,2.095000029,0.055881971100000004
0.1459805012,0.1412459016,0.1110486984,0.1116449952,0.1075469017,0.03009938,2.2693950650000003,0.027499220105555555,2.004154921,0.027132619,0.880088389,0.367170691,53.45909119,980.5701904,998.3845215,20.69338036,20.46874046,19.7968998,21.71784019,23.52864075,56.96955109,43.37036133,2.279999971,0.0558821082
0.1460279942,0.1414131999,0.1112125993,0.11160910129999999,0.10744680170000001,0.0300333202,2.26009903,0.027496573130555556,2.005822897,-0.119139403,0.879556298,0.388144702,53.45909119,981.3187256,998.3839722,20.69347954,20.4688797,19.7968998,21.71925926,23.51931953,56.98801041,43.36172104,2.390000105,0.0558822513
0.1462623,0.1416689038,0.1116299033,0.1115733981,0.1073742986,0.029783329400000003,2.257234955,0.027484321594444444,2.006405115,-0.231674597,0.879024088,0.362196594,53.45909119,981.5407104,998.383606,20.69358063,20.46902084,19.7968998,21.72068024,23.50999069,57.00648117,43.35306931,2.355000019,0.0558823884
0.1465587974,0.1419540048,0.1116626978,0.1114202023,0.10736119749999999,0.0300628006,2.572672081,0.027467102475,2.006623983,-0.242284402,0.877643704,0.389575213,53.72122955,981.5872803,998.3831787,20.69367981,20.46916008,19.86749077,21.7220993,23.50066948,57.02495956,43.34442902,2.144999981,0.055882531400000005
0.146855402,0.14208630319999999,0.1111739039,0.111403501,0.10736119749999999,0.0307990015,2.24078598,0.027440937888888888,2.006844044,-0.164082006,0.875980377,0.346218497,53.80860901,981.6339111,998.3828125,20.6937809,20.46931076,19.89101982,21.72352028,23.49134064,57.04341888,43.33578873,2.035000086,0.055882668499999996
0.1468124032,0.1421674967,0.1109830976,0.11144540309999999,0.1072600007,0.0311270595,2.585545921,0.027443591225,2.007064104,-0.207951695,0.874317229,0.364099413,53.80860901,981.6804199,998.3823242,20.69387054,20.46945,19.89101982,21.72495079,23.48201942,57.06188965,43.32714844,2.342499971,0.0558828115
0.1470530987,0.14224879740000002,0.1114897966,0.11148719789999999,0.107188201,0.0306214988,2.19643898,0.027436968486111112,2.007282972,-0.047255091,0.872654021,0.3541089,53.80860901,981.7269287,998.381897,20.69396973,20.46958923,19.89101982,21.72636986,23.47270012,57.07294083,43.31850815,2.217499971,0.0558829486
0.1469128966,0.1423980951,0.1116626978,0.11134359840000001,0.1071755052,0.0305647314,3.679188156,0.02742372300833333,2.007503033,0.055147249,0.870990813,0.370654494,53.80860901,981.7734985,998.3814697,20.69407082,20.46973038,19.89101982,21.72779083,23.46336937,57.08152008,43.30987167,2.019999981,0.0558830917
0.1470793962,0.1424324036,0.111322999,0.11133569480000001,0.1071755052,0.0310751587,2.996821976,0.02742040846111111,2.007723093,-0.166466206,0.869327486,0.380550086,67.17118835,981.8201294,998.3809814,20.69417,20.46986961,19.98514938,21.7292099,23.45405006,57.09009933,43.30121994,2.00999999,0.0558832288
0.1471235991,0.1424206972,0.11149580480000001,0.11139349940000001,0.1070965052,0.0308750987,2.219326019,0.02745915095,2.007941961,-0.245801196,0.867664278,0.352561593,71.62538147,981.8665771,998.3806152,20.69425964,20.47001076,20.01651955,21.73063087,23.44471931,57.09867859,43.29257965,2.357500076,0.0558833778
0.14707390069999998,0.1424515009,0.1114302039,0.111451304,0.10704799890000001,0.0309700489,3.4045238490000003,0.027525711058333333,2.008162022,-0.246993303,0.86600101,0.386316597,71.62538147,981.913208,998.380188,20.69436073,20.47014999,20.01651955,21.73204994,23.43540001,57.10726166,43.28393936,2.387500048,0.055883508900000003
0.14726209640000001,0.1427204967,0.1106791973,0.11136900190000001,0.1070183992,0.0317723989,2.4625179289999997,0.027580350238888888,2.008382082,-0.230482593,0.864337802,0.388766289,71.62538147,981.9597168,998.3798218,20.69445992,20.47028923,20.01651955,21.73347092,23.42606926,57.11584091,43.27529907,2.082499981,0.05588365790000001
0.1475296021,0.1430639982,0.11058379410000001,0.1112401009,0.1069888949,0.0320908815,2.550498009,0.027684991625,2.00860095,-0.242046103,0.862674475,0.372789294,68.60904694,982.0358276,998.3792725,20.6945591,20.47043037,20.0118103,21.73488998,23.41674995,57.12442017,43.26665878,1.945000052,0.055883801
0.1477970958,0.1433406949,0.1107666016,0.1111111999,0.10695929529999999,0.0321905911,3.582625961,0.02777836058333333,2.008821011,0.28617841,0.861011326,0.369595498,67.60360718,982.121582,998.3789063,20.69466019,20.47057915,20.00554085,21.7363205,23.4074192,57.13167953,43.25801086,2.005000114,0.055883938099999995
0.1482916951,0.1435951948,0.1109493971,0.11110270019999999,0.10692969560000001,0.0322902888,2.402436066,0.027811166972222225,2.009040117,-0.040460031,0.859348118,0.346949995,67.60360718,982.2073975,998.378479,20.69474983,20.47072029,19.99925995,21.73773956,23.3980999,57.13850021,43.24937057,2.269999981,0.0558840811
0.14853030439999998,0.1438495994,0.1114241958,0.11113430259999998,0.1069000959,0.0320901304,2.790109062,0.02779527875,2.009259939,-0.237635195,0.85768491,0.347600192,67.60360718,982.2932739,998.3781128,20.69485092,20.47085953,19.99299049,21.73916054,23.38876915,57.14532089,43.24073029,2.079999924,0.0558842182
0.1486582041,0.1438838005,0.1116119981,0.11116579769999999,0.1068706036,0.0322274804,3.11841507,0.027784667555555555,2.0075109,0.623545825,0.856021583,0.342215687,67.60360718,982.3790894,998.3776855,20.6949501,20.47100067,19.98670959,21.74057961,23.37944984,57.15214157,43.23209,2.297499895,0.0558843613
0.1487861037,0.14384469989999998,0.11167160270000001,0.11119740010000001,0.1068410039,0.0322745591,2.933163071,0.027773403591666666,2.005106926,0.131680802,0.854358375,0.346547514,75.8640213,982.4649048,998.3773193,20.69504929,20.47113991,19.98044014,21.74200058,23.37528038,57.15895844,43.2349205,2.130000114,0.0558844984
0.1484622002,0.1434332967,0.1125090957,0.1113052964,0.10681140419999999,0.0313553989,4.225651932,0.027739298077777776,2.002701998,-0.217726901,0.852191627,0.355944306,78.61749268,982.5507813,998.37677,20.69515038,20.47127914,19.97415924,21.74341965,23.3728199,57.16577911,43.24156189,2.30250001,0.055884641400000004
0.1484007001,0.1432023048,0.1118535042,0.1114385962,0.1068508029,0.031579878900000004,3.3051040649999996,0.027723072900000003,2.00029707,0.3109743,0.849856973,0.365341008,78.61749268,982.6365967,998.3764038,20.69524002,20.47142029,19.96788979,21.74484062,23.37037086,57.17259979,43.24821091,2.404999971,0.055884778499999996
0.1478963017,0.1430727959,0.11136460299999999,0.1115718961,0.10689539910000001,0.0318700314,3.029722977,0.02771512561388889,1.997892022,0.219897002,0.847522318,0.354876101,78.61749268,982.7224121,998.3759766,20.6953392,20.47155952,19.96161079,21.74626923,23.36791039,57.17942047,43.25485992,2.282500029,0.055884921600000005
0.14758139850000002,0.1428603053,0.1121634007,0.11170530320000001,0.10693399910000001,0.030920198599999997,3.0626249309999998,0.027707178327777776,1.995488048,-0.007319369,0.845187724,0.337790698,78.61749268,982.8082886,998.3754883,20.69544029,20.47170067,19.95533943,21.7476902,23.36545944,57.18624115,43.26150131,2.232500076,0.0558850586
0.14739420409999998,0.1426200986,0.11212760209999999,0.1115654945,0.106972599,0.030665740400000002,2.870936966,0.02770618438611111,1.993083,-0.178148896,0.842853129,0.354990005,76.90895081,982.894104,998.3751221,20.69553947,20.47184944,20.09495926,21.74910927,23.36300087,57.19306183,43.26815033,2.027499914,0.0558852017
0.1472069979,0.1423799992,0.1120918989,0.1115875006,0.10701129439999998,0.030468958600000002,2.958197975,0.02767671161111111,1.990677953,-0.199010804,0.840518475,0.330999196,76.33943939,982.9799194,998.3746948,20.69564056,20.47199059,20.14201927,21.75053024,23.36054993,57.19987869,43.27479935,2.36500001,0.055885338799999996
0.1468695998,0.14199450019999998,0.11234810349999999,0.1116937995,0.1070498943,0.030019471,3.1362960820000003,0.027668766444444444,1.988273025,0.283317298,0.83818382,0.344195396,76.33943939,983.0657959,998.3743286,20.69573021,20.47212982,20.14201927,21.75194931,23.35810089,57.20669937,43.28144073,2.297499895,0.055885481800000004
0.1464822054,0.1418005943,0.1120679975,0.1118000984,0.1070886016,0.0298639596,3.17706604,0.02765850067222222,1.988065004,-0.071812563,0.835849226,0.352617115,76.33943939,983.1516113,998.3737793,20.69582939,20.47226906,20.14201927,21.75337029,23.35564041,57.21352005,43.28808975,2.357500076,0.0558856189
0.1463940024,0.141515696,0.11191300150000001,0.1119063973,0.1071272016,0.0298235297,2.745051956,0.027635983361111113,1.988587976,-0.198653206,0.833514571,0.326355606,76.33943939,983.2374268,998.3734131,20.69593048,20.4724102,20.14201927,21.75478935,23.35318947,57.22034073,43.29473114,2.422499895,0.055885762000000005
0.1462357998,0.1414124012,0.11168650389999998,0.1119189978,0.10716580149999999,0.0297830999,3.2536029820000003,0.02761677424166667,1.98911202,-0.215700403,0.831179976,0.355349898,72.24755096,983.3233032,998.3729858,20.69602966,20.47254944,19.93024063,21.75621033,23.3507309,57.22716904,43.30138016,2.362499952,0.055885899100000004
0.1462725043,0.1413884997,0.11152559520000001,0.11190040109999999,0.1071755052,0.0297426701,3.078362083,0.027609492408333335,1.989635944,-0.242045999,0.828845322,0.327564389,70.8835907,983.4091187,998.3726196,20.69613075,20.47269058,19.85964966,21.75764084,23.34827995,57.23398972,43.30802917,2.107500076,0.0558860421
0.14601800439999998,0.1414674044,0.11140639779999999,0.1118818045,0.1071755052,0.0299375713,3.597647095,0.02759359359722222,1.990159988,-0.247112498,0.826510727,0.348547786,70.8835907,983.494873,998.3720703,20.6962204,20.47282982,19.85964966,21.75905991,23.34581947,57.24081039,43.31467056,2.269999981,0.0558861792
0.1463034034,0.14158049820000002,0.1111083031,0.1116866946,0.1071755052,0.0303818792,2.310168076,0.02758167478888889,1.99068296,-0.246874094,0.824176073,0.3275958,70.8835907,983.5808105,998.3717041,20.69631958,20.47296906,19.85964966,21.76048088,23.34337044,57.25069046,43.32131958,2.36500001,0.0558863223
0.1462746024,0.1415712953,0.1114122987,0.11167160270000001,0.1071755052,0.0301758289,2.74004097,0.02756495369722222,1.991207004,-0.204613701,0.821841419,0.284350306,49.92903137,983.666626,998.3712769,20.69642067,20.47311974,19.95376968,21.76189995,23.34090996,57.26158905,43.32796097,2.152499914,0.0558864594
0.1463475943,0.14180419449999998,0.111006999,0.1117362022,0.1071755052,0.0305642903,2.677096939,0.027545746697222224,1.991731048,-0.233105198,0.819506824,0.319548309,42.94417953,983.7523804,998.3707886,20.69651985,20.47326088,19.98514938,21.76332092,23.33846092,57.27249908,43.33460999,2.042500019,0.0558866024
0.1465142012,0.1419880033,0.1113109946,0.11160479780000002,0.1071755052,0.030493208799999998,3.063344002,0.02751909256111111,1.992254019,-0.2458608,0.817172229,0.278535008,42.94417953,983.7584229,998.3704834,20.69662094,20.47340012,19.98514938,21.76473999,23.33600044,57.28340149,43.341259,2.315000057,0.055886739500000004
0.1465558052,0.1421241045,0.11141829489999999,0.11159759760000001,0.10716890100000001,0.030554789300000003,3.6434249880000005,0.027509488000000002,1.992777944,-0.226071805,0.814837575,0.300014704,42.94417953,983.7376709,998.3701172,20.69671059,20.47353935,19.98514938,21.76615906,23.3335495,57.29430008,43.34790039,2.316250086,0.0558868825
0.1468343973,0.1424334049,0.1111500978,0.1116534948,0.1071223974,0.0309690505,3.6834819789999997,0.027506398094444443,1.993301988,-0.2292905,0.812502921,0.2974962,42.94417953,983.7169189,998.3696289,20.69680977,20.4736805,19.98514938,21.7627697,23.33109093,57.30521011,43.35454941,2.191250086,0.0558870196
0.1472445011,0.14254159930000002,0.1116031051,0.11159460539999999,0.1070634007,0.0308303893,3.1470289229999997,0.02750330607222222,1.993826032,0.032497149,0.810168326,0.30844301,53.75740051,983.696228,998.3692017,20.69691086,20.47381973,19.86750031,21.75778008,23.32863998,57.3161087,43.36119843,2.00999999,0.055887162700000007
0.1473278999,0.1428038955,0.1110309005,0.1114972949,0.10700449940000001,0.0315107107,2.691407013,0.027548230488888888,1.994349003,0.243500799,0.807833672,0.330122888,57.36180115,983.6754761,998.3687744,20.69701004,20.47396088,19.8282795,21.75278091,23.32619095,57.32701874,43.36783981,2.147500038,0.0558872998
0.147486496,0.1429577947,0.1113528013,0.1115138054,0.10698970560000001,0.0314801812,2.85949192,0.027657839458333333,1.994873047,0.125958607,0.806765079,0.309429795,57.36180115,983.6547852,998.3682861,20.69710922,20.47410011,19.8282795,21.74778938,23.32373047,57.33792114,43.37448883,2.210000038,0.0558874428
0.1477077961,0.143048799,0.1118294954,0.11156820059999999,0.10698970560000001,0.0310984313,2.910990906,0.02772108713888889,1.995396972,0.151469901,0.806118429,0.316516191,57.36180115,983.6339722,998.3679199,20.69720078,20.47425079,19.8282795,21.74279022,23.32127953,57.34881973,43.38114166,2.285000086,0.0558875799
0.1477800012,0.1431398988,0.11174609660000001,0.1116227031,0.10698970560000001,0.03129282,2.778668022,0.027748572030555557,1.995919943,-0.085998699,0.805471778,0.303236008,57.36180115,983.6132813,998.3674927,20.69729996,20.47438049,19.8282795,21.73778915,23.31882095,57.36021042,43.38777924,2.369999886,0.055887723
0.1481153965,0.1432309031,0.11150770189999999,0.11167709830000001,0.10698970560000001,0.0316792607,1.994021988,0.027737310197222222,1.996443987,-0.223210707,0.804825187,0.314451694,68.23190308,983.5925903,998.3671265,20.69739914,20.47452927,19.89887047,21.73279953,23.31637001,57.37176132,43.39442825,2.273750067,0.0558878601
0.1480805039,0.1432211041,0.11155539750000001,0.1116482019,0.10698970560000001,0.0316634089,2.651349068,0.027723736233333334,1.996968031,-0.044751659,0.804178476,0.337647587,71.85526276,983.5718994,998.3665771,20.69750023,20.47467041,19.92239952,21.72780037,23.31390953,57.38330841,43.40108109,2.118750095,0.0558879972
0.148110199,0.1433352947,0.11169840099999999,0.11177450419999999,0.10698659420000001,0.0315134615,3.513246918,0.027718105316666665,1.997491956,0.102831699,0.805325925,0.318009108,71.85526276,983.5510864,998.3662109,20.69759941,20.47480965,19.92239952,21.72281075,23.31146049,57.39485931,43.40771866,2.357500076,0.055888140200000005
0.1480865955,0.1432023048,0.1123420954,0.1116940022,0.1069825053,0.0309931487,3.96171608,0.02769674725,1.998015046,0.076366827,0.80707109,0.33552891,71.85526276,983.5303955,998.3657837,20.69768906,20.47495079,19.92239952,21.71780968,23.30900002,57.40641022,43.41437149,2.172499895,0.0558882773
0.1480205059,0.1431931019,0.1118116975,0.1118926048,0.1069784045,0.031390690799999996,3.064059067,0.027669590844444442,1.998538971,-0.170161799,0.808816373,0.318315804,71.85526276,983.5097046,998.3654175,20.69779015,20.47509003,19.92239952,21.71282005,23.30654907,57.41796112,43.42102051,2.109999895,0.0558884203
0.148031199,0.1430325985,0.112372005,0.1120074987,0.10697430370000001,0.0308211386,2.576960945,0.027657839458333333,1.999063015,-0.200918198,0.812313974,0.330981314,75.9810791,983.4890137,998.3649292,20.69788933,20.47522926,19.85181046,21.70782089,23.3040905,57.42950821,43.4276619,2.32249999,0.055888557400000004
0.1478786945,0.14332950120000001,0.11131700280000001,0.11205359699999999,0.1069702029,0.031715649400000004,4.0947589870000005,0.02762041727777778,1.999585986,-0.229767203,0.816395819,0.359370589,77.35635376,983.4683228,998.364502,20.69799042,20.47537041,19.8282795,21.70282936,23.30163956,57.44105911,43.43431091,2.112499952,0.0558887005
0.1483880997,0.1434767008,0.11076860429999999,0.1118360043,0.10696610209999999,0.032560950500000005,2.2751199719999997,0.02761445787222222,2.000109911,-0.069905192,0.820477724,0.342504203,77.35635376,983.3375854,998.3640747,20.6980896,20.47550964,19.8282795,21.6978302,23.29917908,57.45261002,43.4159317,2.143749952,0.0558888376
0.1482965946,0.1435148001,0.1114122987,0.1118592024,0.1069620013,0.0320363909,3.352309036,0.027608496347222223,2.002650023,0.01616521,0.82455951,0.370361298,77.35635376,983.1704102,998.3635864,20.69817924,20.47565079,19.8282795,21.69284058,23.29673004,57.46414948,43.38920975,2.308749914,0.055888980600000006
0.14854530100000002,0.1439030051,0.1114599943,0.11177699569999999,0.10695790050000001,0.032045480599999995,3.4953639979999998,0.027586477066666667,2.005861044,0.141336903,0.828641176,0.337278992,63.86090088,983.0031738,998.3632202,20.69828033,20.47579956,19.92239952,21.68783951,23.2942791,57.47570038,43.36248016,2.417500019,0.055889117700000004
0.1487468004,0.1441398025,0.1117938042,0.11162320379999999,0.1069537997,0.032145050200000004,2.486834908,0.027560647327777778,2.009073019,0.071598381,0.832723081,0.362655014,59.36241913,982.8358765,998.362793,20.69837952,20.4759407,19.95376968,21.68284988,23.29182053,57.48725128,43.33575821,2.454999924,0.05588926079999999
0.1488636017,0.1441040993,0.11231839660000001,0.1116884947,0.10694960360000001,0.0318334013,2.566234016,0.02754922231111111,2.01228404,0.44639799,0.836758375,0.35406369,59.36241913,982.6687012,998.3624268,20.69848061,20.47607994,19.95376968,21.67785072,23.28936958,57.49879837,43.30904007,2.130000114,0.055889397900000005
0.1487504959,0.1440073013,0.11230640409999999,0.1118268013,0.1069455028,0.031776630900000005,2.403869057,0.027542599572222225,2.015495062,0.595531106,0.840778112,0.344635904,59.36241913,982.5015259,998.3619995,20.69857979,20.47621918,19.95376968,21.67284966,23.2869091,57.51034927,43.28231812,2.297499895,0.0558895409
0.1485607982,0.14391059879999998,0.1123839021,0.1119652033,0.10694140199999999,0.0315699697,2.622740936,0.027535976833333333,2.018707037,0.080300763,0.844797909,0.37018621,59.36241913,982.3342285,998.3615723,20.69868088,20.47636032,19.95376968,21.66786003,23.28446007,57.52190018,43.25558853,2.075000048,0.055889678
0.14850690360000002,0.1436856031,0.1122290015,0.11199150090000001,0.10695179699999999,0.0316661805,2.591980934,0.027512467702777776,2.021918058,-0.165393293,0.848817706,0.34338811,51.30361176,982.1669922,998.361084,20.69877052,20.47649956,19.74200058,21.66286087,23.28199959,57.53345108,43.22887039,2.1875,0.0558898211
0.1484982014,0.1442955971,0.1121991038,0.1119804025,0.1069669008,0.0314328402,1.9010370250000002,0.027523061963888887,2.019340038,0.214890093,0.852837384,0.363277107,48.61734009,981.9998169,998.3607178,20.69886971,20.4766407,19.67140961,21.65786934,23.27955055,57.54499817,43.20214844,2.117500067,0.055889958100000005
0.1484894991,0.144303596,0.11224679950000001,0.11196930409999999,0.1069821,0.032030948999999996,2.335917091,0.02760154088333333,2.014831066,0.318961412,0.856857181,0.353983313,48.61734009,981.8325195,998.3602905,20.69897079,20.47677994,19.67140961,21.65287018,23.27709007,57.55654907,43.21018982,2.265000105,0.055890107200000004
0.1486956954,0.1440134048,0.11204409600000001,0.1119583011,0.1069972992,0.0322937608,2.292997932,0.027677374944444447,2.010322094,0.446040511,0.862160921,0.383805513,48.61734009,981.8027954,998.3599243,20.69906998,20.47691917,19.67140961,21.64788055,23.27463913,57.56809998,43.22980881,2.442500114,0.05589023829999999
0.1487033963,0.1437232018,0.1125269055,0.1118293047,0.10701240299999999,0.0315697014,2.448926926,0.027701547411111114,2.005812883,-0.056076691,0.867892623,0.370755404,48.61734009,981.8189697,998.359375,20.69916916,20.47706985,19.67140961,21.64287949,23.27218056,57.57965088,43.24943161,2.285000086,0.0558903873
0.1486209989,0.1436539054,0.11241660120000001,0.1118654966,0.1070276022,0.031285721100000004,3.128432083,0.027704861958333334,2.001303911,-0.181844398,0.873624384,0.337156802,54.56632996,981.835083,998.3590088,20.69926071,20.47720909,19.80744934,21.63788986,23.26972961,57.59119034,43.2690506,2.257499933,0.0558905184
0.1486121058,0.14365819689999998,0.11202319860000001,0.11187549830000001,0.1070426941,0.0315710515,3.503950119,0.027691283755555556,1.996796012,0.418621898,0.880590677,0.348505408,56.54932022,981.8513184,998.3585815,20.69935989,20.47735023,19.85279083,21.6328907,23.26726913,57.60274887,43.28866959,2.082499981,0.0558906674
0.1486276984,0.1434978962,0.1120143056,0.1118541002,0.1070579052,0.0316289991,3.9295291900000002,0.027687640719444444,1.99228704,0.009131748,0.887968719,0.342559904,56.54932022,981.8673706,998.3582153,20.69945908,20.47748947,19.85279083,21.62789917,23.2648201,57.61428833,43.30830002,2.36500001,0.0558907986
0.1482707977,0.1432826996,0.1126700044,0.1119070053,0.1070729971,0.0308456391,3.727827072,0.027680024041666668,1.987777948,0.363427103,0.895346701,0.370013207,56.54932022,981.8834839,998.3577271,20.69956017,20.47763062,19.85279083,21.62290001,23.26236916,57.62741852,43.32791901,2.269999981,0.0558909476
0.1478989005,0.14306750299999998,0.1126461983,0.11198470590000001,0.1070881963,0.0305908591,3.364471054,0.02766942766111111,1.988149047,0.460941911,0.902724683,0.362098098,70.14096832,981.8997192,998.3572998,20.69965935,20.47776985,19.9285202,21.61790085,23.25991058,57.64107895,43.34754181,2.102499962,0.0558910787
0.1475633025,0.1428522944,0.1129441977,0.1119263053,0.10710450410000001,0.0301179796,3.272917175,0.027653863694444444,1.990146041,0.155999899,0.910102606,0.359509408,74.67151642,981.9158936,998.3568726,20.6997509,20.47790909,19.95376968,21.61290932,23.25745964,57.65473938,43.3671608,2.287499905,0.055891227700000004
0.14732650519999999,0.1426370978,0.1124434948,0.1119496942,0.1071212053,0.0303395003,2.39099102,0.027627703349999998,1.992143035,0.007582014,0.917480588,0.364261508,74.67151642,981.9320068,998.3563843,20.69985008,20.47805023,19.95376968,21.60791016,23.25499916,57.66839981,43.38677979,2.329999924,0.0558913589
0.1471225977,0.1422911048,0.11232429740000001,0.11201549770000001,0.1071378946,0.030329400299999996,2.136354065,0.027626380919444447,1.994140983,-0.172903597,0.92485863,0.351569712,74.67151642,981.9481812,998.3560181,20.69994926,20.47820091,19.95376968,21.60292053,23.25255013,57.68206024,43.40639877,2.095000029,0.055891507900000005
0.1470402002,0.1423014045,0.1121574044,0.1120813012,0.10715459590000001,0.030147340900000003,2.297293091,0.027597571477777777,1.996137977,-0.111271396,0.932236612,0.333063185,74.67151642,981.9642944,998.3555908,20.70005035,20.47834015,19.95376968,21.59791946,23.25008965,57.69572067,43.42602921,2.07249999,0.05589163900000001
0.14699829820000002,0.1424450994,0.11157330270000002,0.1119886041,0.1071712971,0.0306813508,3.501086044,0.027580348119444445,1.998134971,-0.153591394,0.939091384,0.289205104,57.09925079,981.9805298,998.3552246,20.70014954,20.47847939,19.90670967,21.59292984,23.24764061,57.7093811,43.42340088,2.32249999,0.055891788
0.1469563961,0.142365098,0.11206200120000001,0.1118432045,0.10724509950000001,0.030367431,2.821582031,0.027564122941666665,2.000133038,0.133111402,0.945772111,0.297401398,51.24182892,982.4738159,998.3546753,20.70023918,20.47862053,19.88318062,21.58793068,23.24518013,57.72303009,43.41334915,2.152499914,0.0558919311
0.1469146013,0.1422104955,0.1123183012,0.1118687987,0.10733799930000001,0.030070141,2.5848320009999997,0.027555514441666665,2.002130032,0.121786296,0.952452719,0.263168007,51.24182892,983.1260986,998.3543091,20.70034027,20.47875977,19.87272072,21.58293915,23.24272919,57.73669052,43.40330887,2.025000095,0.055892068100000004
0.1469933033,0.1423421979,0.1120084047,0.11195149419999999,0.10736119749999999,0.030239591,2.13492794,0.027531341977777776,2.004127026,-0.121046796,0.959133327,0.290351093,51.24182892,983.7783813,998.3538818,20.70043945,20.47890091,19.86226082,21.57793999,23.24027061,57.75035095,43.39326096,2.355000019,0.0558922112
0.14700720309999998,0.14220410590000002,0.1118116975,0.11175119879999999,0.10736119749999999,0.0305225313,2.439633942,0.027516771952777776,2.00612402,-0.228456005,0.962706029,0.308871299,51.24182892,984.4307251,998.3535156,20.70054054,20.47904015,19.85180092,21.57294083,23.23781967,57.76401138,43.38320923,2.207499981,0.055892348300000005
0.1469861984,0.1421349049,0.11169250010000001,0.1117306948,0.10736119749999999,0.030505740599999998,2.765078926,0.027526374391666664,2.008121967,-0.231913105,0.965242922,0.2826446,59.35470963,984.4813843,998.3530884,20.70063972,20.47917938,19.84133911,21.5679493,23.23535919,57.77767181,43.37316895,2.217499971,0.0558924913
0.1469652057,0.14232660530000002,0.1115107059,0.11180139780000001,0.1074673057,0.0307436585,3.3279949190000004,0.027559157477777776,2.00861311,-0.242642105,0.967779696,0.304134786,62.05900955,984.3317261,998.3527222,20.70074081,20.47932053,19.83089066,21.56295013,23.24106979,57.79132843,43.36312103,2.069999933,0.0558926284
0.1471068025,0.1425842047,0.11130809779999999,0.11158779860000001,0.10750910039999999,0.031099769500000003,3.359465027,0.027634328205555555,2.008601904,-0.247291297,0.968732715,0.285663813,62.05900955,984.1818237,998.3521729,20.70083046,20.4794693,19.82043076,21.55796051,23.24949074,57.80498886,43.35308075,2.227499962,0.05589277150000001
0.1475808024,0.14298269749999998,0.1113348961,0.1114235997,0.1075176001,0.031269100300000005,2.249370003,0.027707841661111114,2.00859189,-0.247291297,0.969157815,0.309223205,62.05900955,984.0319824,998.3518066,20.70092964,20.47961044,19.80997086,21.55670929,23.25790024,57.81864929,43.34302902,2.255000114,0.0558929086
0.14793039560000001,0.14321349860000002,0.11143820289999999,0.1113075018,0.1075260997,0.0316121191,2.774373055,0.02778566572222222,2.008580923,-0.223329902,0.969582915,0.286364496,62.05900955,983.8822021,998.3513794,20.70103073,20.47974968,19.79950905,21.55670929,23.26631927,57.76496887,43.33298111,2.164999962,0.0558930516
0.14820749760000002,0.143372798,0.11154149769999999,0.1113427043,0.1075345039,0.0316841692,3.011841965,0.027905195027777777,2.008569956,-0.225356504,0.970007896,0.283348709,74.15577698,983.7324219,998.3510132,20.70112991,20.47989082,19.93808937,21.55977058,23.27474022,57.68883896,43.32294083,2.125,0.0558931887
0.148484695,0.14371730089999998,0.1117282033,0.1114282966,0.10754300359999999,0.0316396713,3.169202995,0.02800486036111111,2.008559942,-0.068474673,0.970432997,0.326105088,78.18804169,983.5825806,998.3505249,20.7012291,20.48003006,19.98514938,21.56384087,23.28315926,57.61270905,43.3128891,2.150000095,0.0558933318
0.1485540032,0.143790102,0.1120769978,0.11151399609999998,0.1075515032,0.0315951794,4.232091904,0.028077723194444442,2.008548975,0.1236936,0.970858097,0.31942451,78.18804169,983.4326782,998.3500977,20.70132065,20.4801693,19.98514938,21.56792068,23.2915802,57.53657913,43.30284882,2.190000057,0.0558934689
0.1485671043,0.14375159740000001,0.1124704003,0.1115996003,0.1075600028,0.0312243909,3.307249069,0.028167139694444447,2.008538008,-0.138689995,0.971283078,0.347383887,78.18804169,983.28302,998.3496704,20.70141983,20.48031044,19.98514938,21.57198906,23.29999924,57.46044922,43.2928009,2.349999905,0.055893611899999994
0.1485844016,0.1435341954,0.11297999620000002,0.1116852045,0.1075685024,0.0307448387,3.3315658569999997,0.02825686136111111,2.008527994,-0.122656099,0.96813643,0.344940811,69.05271912,982.9705811,998.3491821,20.70152092,20.48044968,19.84395981,21.57607079,23.30842018,57.38433075,43.28274918,2.422499895,0.055893749000000006
0.1484094977,0.143422997,0.1117043972,0.1117725968,0.107577002,0.031829738600000004,2.872369003,0.0283298895,2.008517027,0.035894651,0.963798881,0.359275192,66.00760651,982.6040039,998.3488159,20.7016201,20.48059082,19.7968998,21.5801506,23.31683922,57.30820084,43.27270889,2.220000029,0.055893892
0.14817049499999999,0.1432142019,0.1126103997,0.1118607044,0.1075855017,0.030812540700000002,3.191375923,0.02839811113888889,2.008507013,-0.166585401,0.959461629,0.331899792,66.00760651,982.2374268,998.3483887,20.70171928,20.48073006,19.7968998,21.58422089,23.32526016,57.23207092,43.26266098,2.315000057,0.0558940291
0.1481106997,0.1431329012,0.1128280044,0.1119487047,0.107641995,0.030323630600000002,3.626974106,0.02848669475,2.007200003,-0.245503098,0.95512408,0.317799002,66.00760651,981.8707886,998.3480225,20.70181084,20.48088074,19.7968998,21.5883007,23.3336792,57.15594101,43.26517105,2.144999981,0.0558941722
0.148042798,0.1431110978,0.11250610350000001,0.1118010044,0.10771460530000002,0.030630919299999997,3.11341095,0.028562193972222222,2.005460024,-0.198414698,0.95078671,0.363957703,66.00760651,981.9249268,998.3474731,20.70191002,20.48101997,19.7968998,21.59236908,23.34210014,57.07981873,43.27185822,2.077500105,0.0558943093
0.1479524016,0.1430894017,0.11208579540000001,0.1119114041,0.10773270130000001,0.031047740600000002,3.2006748199999997,0.028641999555555558,2.003720999,0.081373699,0.947506487,0.310458004,66.98986816,982.1190796,998.3471069,20.7020092,20.48115921,19.82043076,21.59645081,23.35051918,57.00368881,43.27854919,1.997499943,0.055894452299999994
0.14786189789999998,0.1430675983,0.1121513963,0.1119724035,0.10773270130000001,0.031030190000000003,3.835113907,0.02871849908333333,2.001981974,-0.133444697,0.944578707,0.338227987,67.31728363,982.3132935,998.3466797,20.70211029,20.48130035,19.8282795,21.60053062,23.35894012,56.9275589,43.28524017,1.977499962,0.05589458940000001
0.1478916049,0.14309899809999999,0.112222898,0.11197949650000001,0.10773270130000001,0.0308678597,3.643426895,0.028767806166666667,2.000241995,-0.229052097,0.941650927,0.351182312,67.31728363,982.5075073,998.3463135,20.70220947,20.48143959,19.8282795,21.60460091,23.36735916,56.83277893,43.29193115,2.347500086,0.0558947325
0.1482131958,0.14314810039999998,0.11223880049999999,0.11198660140000001,0.10773270130000001,0.030984321199999998,3.133439064,0.028835695055555558,1.99850297,0.01413861,0.937488377,0.28755939,67.31728363,981.8510742,998.3458862,20.70229912,20.48158073,19.8282795,21.60868073,23.37578011,56.73178101,43.29861832,2.109999895,0.055894869599999994
0.1481358051,0.1431970954,0.112254703,0.1119935989,0.10775179859999999,0.030978751199999998,2.966065979,0.02887677722222222,1.996763945,0.75980413,0.932914317,0.30521521,67.31728363,982.0753174,998.34552,20.70240021,20.48171997,19.8282795,21.61276054,23.38419914,56.63077927,43.3053093,2.087500095,0.0558950126
0.1478975058,0.1430765986,0.1130990982,0.1121346951,0.10779520270000001,0.030112460299999998,3.8651580809999997,0.028806582555555554,1.995025039,0.500162423,0.928340077,0.28800419,61.7129097,982.6876221,998.3449707,20.70249939,20.48185921,20.01652908,21.61683083,23.39262009,56.52978134,43.31200027,2.345000029,0.0558951497
0.1477283001,0.14289959670000002,0.1131379008,0.1121745944,0.10784460309999999,0.029973581399999998,4.102622986,0.028541333944444445,1.993284941,0.071479179,0.923766017,0.308425099,59.84479141,983.2998047,998.3446045,20.70260048,20.48200035,20.07928085,21.62091064,23.40103912,56.51774979,43.31869125,2.397500038,0.055895292799999996
0.14758219720000001,0.14272259469999998,0.1128160954,0.112165904,0.1078940988,0.030164828900000003,2.9174259190000003,0.028344304833333334,1.991546035,-0.189235598,0.919191897,0.327089697,59.84479141,983.9119873,998.3441772,20.70269966,20.48214912,20.07928085,21.62498093,23.40946007,56.53535843,43.32537842,2.352499962,0.05589542979999999
0.1474360943,0.1424808025,0.1128070951,0.11241730450000001,0.1079434991,0.0299387097,2.671377945,0.028276415944444445,1.98980701,-0.072527863,0.914617777,0.338452905,59.84479141,983.7772217,998.343811,20.70278931,20.48229027,20.07928085,21.62906075,23.4178791,56.55297852,43.3320694,2.069999933,0.0558955729
0.1473384023,0.1425436974,0.1125627041,0.1124609947,0.10799299479999999,0.029945939799999998,2.759355927,0.028223084333333332,1.989774942,-0.154783502,0.910043716,0.362788588,64.7677536,983.3931885,998.3433228,20.7028904,20.4824295,19.82044029,21.63314056,23.42630005,56.5705986,43.33876038,2.160000086,0.05589571
0.1472568035,0.14271539449999998,0.1125090957,0.11240639690000001,0.1080423951,0.0300773293,3.341585922,0.028212500666666664,1.990313053,-0.235847101,0.905469477,0.355191588,66.40872955,983.0092773,998.3428955,20.70298958,20.48257065,19.73415947,21.63721085,23.43471909,56.58821106,43.34545135,2.122499943,0.05589584709999999
0.1475455046,0.14288699629999999,0.11210969690000001,0.1123518944,0.1080917954,0.0305758715,2.668516922,0.02819594488888889,1.990849972,-0.238231301,0.901529312,0.335509092,66.40872955,982.6253052,998.3425293,20.70309067,20.48270988,19.73415947,21.64129066,23.44314003,56.58787918,43.35213852,2.029999971,0.0558959901
0.1477622032,0.1430587053,0.1119099975,0.1122972965,0.10810010430000001,0.0309746295,2.4732469559999997,0.028186028805555555,1.99138701,-0.226151198,0.897800386,0.333059698,66.40872955,982.241394,998.34198,20.70318985,20.48284912,19.73415947,21.64536095,23.45155907,56.5815506,43.3588295,2.039999962,0.0558961272
0.147913897,0.1432302952,0.1118265986,0.112242806,0.1080945969,0.0312993288,3.6670249939999997,0.02816780513888889,1.991925001,-0.214071199,0.894071519,0.336354703,66.40872955,982.1201782,998.3416138,20.7032795,20.48299026,19.73415947,21.64944077,23.45998001,56.57522964,43.36552048,2.372499943,0.055896270299999995
0.1481333017,0.143401897,0.11230640409999999,0.1121881962,0.1080891013,0.0309668899,3.971014023,0.028145277222222223,1.992462039,-0.017213911,0.890342474,0.339649796,65.28315735,982.0866699,998.3411865,20.70338058,20.4831295,19.85180092,21.65352058,23.46839905,56.56890106,43.37221146,2.247499943,0.0558964074
0.1483752012,0.14357359409999998,0.11240170000000001,0.11219090220000001,0.10808370110000001,0.0309925109,3.84226799,0.028122776888888888,1.993000031,-0.074554421,0.886613488,0.309878796,64.90796661,982.0531006,998.3408203,20.70347977,20.48327065,19.89101982,21.65759087,23.47681046,56.56258011,43.37889099,2.019999981,0.0558965504
0.1484604001,0.14363199470000002,0.1126997948,0.112212801,0.1080782056,0.030868801499999998,3.641281128,0.02809527713888889,1.993536949,-0.180294707,0.882884622,0.349657208,64.90796661,982.0194702,998.340271,20.70358086,20.48341942,19.89101982,21.66167068,23.48524094,56.55625153,43.3855896,2.269999981,0.0558966875
0.1484933019,0.1436527014,0.1128129959,0.11239720580000001,0.1080726981,0.030815958999999997,3.5554500580000004,0.028055195277777778,1.994074941,-0.234535798,0.88040942,0.336315006,64.90796661,981.9860229,998.3399048,20.70368004,20.48356056,19.89101982,21.66573906,23.49365044,56.54993057,43.39228058,2.482500076,0.0558968425
0.1485262036,0.1435610056,0.1128209949,0.1125118017,0.1080672026,0.0308247209,3.021858978,0.027972749083333335,1.994611979,-0.113417298,0.878351986,0.314170599,64.90796661,981.9522705,998.3394775,20.70376968,20.4836998,19.89101982,21.66982079,23.50206947,56.54359818,43.39897156,2.400000095,0.0558969676
0.1483749986,0.1434319019,0.11282889840000002,0.11258510349999999,0.10806169510000001,0.0306946814,2.6585050580000003,0.027895276805555553,1.99514997,0.062180709,0.876294672,0.34840551,68.23895264,981.9188232,998.3391113,20.70387077,20.48384094,19.86749077,21.6739006,23.51049042,56.53728104,43.39939117,2.172499895,0.0558971226
0.14836219550000002,0.1433027029,0.11309920550000001,0.1126584053,0.10805629489999999,0.0302958608,2.6835399630000003,0.02783666611111111,1.995687008,0.279144913,0.874237299,0.332947105,69.34927368,981.8851929,998.338623,20.70396996,20.48398018,19.85964966,21.67797089,23.51890945,56.53094864,43.39773941,2.327500105,0.05589724780000001
0.1484161973,0.1436076999,0.11254479889999999,0.1126235962,0.1080507994,0.0307495087,3.697782898,0.027807195444444446,1.996224999,-0.024724171,0.872179925,0.344814807,69.34927368,981.8516846,998.3381958,20.70406914,20.48411942,19.85964966,21.6820507,23.5273304,56.54404068,43.39608002,2.317500114,0.055897402799999996
0.1484701037,0.1435827971,0.1124107003,0.1125529051,0.10804530379999999,0.0312417597,3.092668915,0.027799888194444445,1.996762037,-0.2071172,0.870122612,0.350684911,69.34927368,981.8181152,998.3378296,20.70417023,20.48426056,19.85964966,21.68613052,23.53574944,56.56361008,43.39442062,2.35374999,0.0558975279
0.14836930040000001,0.1433995962,0.11251800059999999,0.11261850600000001,0.10803979640000001,0.0310304999,2.734321976,0.027785333,1.997300029,0.159576207,0.868065178,0.332024693,69.34927368,981.7844849,998.3374023,20.70425987,20.4843998,19.85964966,21.69020081,23.54417038,56.58317947,43.39276886,2.438750029,0.0558976829
0.14821699859999998,0.1434365034,0.11247329710000001,0.1127295017,0.10803430080000001,0.030909910800000003,3.28936615,0.027776720258333335,1.997836947,-0.108291201,0.866007924,0.357586712,69.83013916,981.7509766,998.3369751,20.70435905,20.48454094,20.00083923,21.69428062,23.55258942,56.60274887,43.39110947,2.242500067,0.0558978081
0.1482799053,0.14331500530000002,0.11337939500000001,0.1126026988,0.1080289006,0.0300572515,3.556879044,0.027760988872222222,1.998373985,-0.242403701,0.863950491,0.360787809,69.89597321,981.7172852,998.3364868,20.70446014,20.48468971,20.04789925,21.69835091,23.56101036,56.62231827,43.38945007,2.380000114,0.05589795709999999
0.1484145999,0.1436751008,0.1128309011,0.1125476003,0.1080234051,0.0304863602,3.84870491,0.027741779749999997,1.998911977,0.210121706,0.861893117,0.350990802,69.7700119,981.6837769,998.3361206,20.70455933,20.48483086,20.04789925,21.70243073,23.5694294,56.64189148,43.38779068,2.356250048,0.055898088199999994
0.1485492945,0.1437204957,0.1122408032,0.11254270079999999,0.1080178976,0.031435000899999996,3.54042511,0.027717111375,1.999449015,-0.094820343,0.859835684,0.341193914,69.64407349,981.6503296,998.3356934,20.70466042,20.48497009,20.04789925,21.70651054,23.57785034,56.66146088,43.38613892,2.231250048,0.0558982372
0.1486382008,0.1435989976,0.1123183012,0.11253789659999999,0.1080124021,0.031334450800000004,2.410302925,0.027704527113888888,1.999987006,-0.096608497,0.859357893,0.331396908,69.51811218,981.6165771,998.3353271,20.70475006,20.48510933,20.00608063,21.71058083,23.58626938,56.68103027,43.38447952,2.244999886,0.055898368399999995
0.1487118959,0.143985498,0.1122349024,0.1125785947,0.10800689459999999,0.031339490399999996,2.837315941,0.02768366707777778,2.000524044,-0.005054365,0.859406471,0.360108495,69.39215851,981.5831299,998.3347778,20.70484924,20.48525047,19.99213982,21.71466064,23.59469032,56.70059967,43.38282013,2.154999971,0.0558985174
0.1488559961,0.14425770040000002,0.11252700090000001,0.1123275995,0.1080014944,0.0314963192,3.229999924,0.02766942766111111,2.001061916,-0.104953296,0.859455228,0.346296996,69.2661972,981.5496216,998.3344116,20.70495033,20.48538971,19.99213982,21.71873093,23.60310936,56.72016907,43.38116074,2.299999952,0.0558986485
0.1490236044,0.1444355011,0.1126222968,0.11229339840000001,0.1079959989,0.031653139000000004,2.984663963,0.027648898230555555,2.001599073,0.240162894,0.859503806,0.341637105,69.14025116,981.5159302,998.3339844,20.70504951,20.48553085,19.99213982,21.72281075,23.6115303,56.73973846,43.37950897,2.232500076,0.0558987975
0.1491912007,0.1443743944,0.113063395,0.1123656988,0.10798870330000002,0.0313737214,3.037590981,0.027640950944444444,2.002136946,-0.089217409,0.859552383,0.327293396,69.01429749,981.4824219,998.3336182,20.7051506,20.48567009,19.99213982,21.72689056,23.61994934,56.75931168,43.37784958,2.025000095,0.055898928599999995
0.1492408991,0.1444533944,0.1124434948,0.1124379992,0.1079807043,0.031930849,2.572669029,0.027626050313888886,2.002674103,-0.244787902,0.85960108,0.350031406,59.54235077,981.4489136,998.3331299,20.70524025,20.48582077,19.79865074,21.73096085,23.62837029,56.77888107,43.37619019,2.307499886,0.0558990777
0.1492512941,0.1444484949,0.11270569560000002,0.1123908997,0.1079728007,0.031747669,3.2657669069999997,0.027607063716666668,2.003211975,-0.093151383,0.859649718,0.353371888,56.3955307,981.4152832,998.3327026,20.70533943,20.48596001,19.73415947,21.73504066,23.63678932,56.79845047,43.37453079,2.210000038,0.0558992088
0.1492617011,0.1445974946,0.11284279820000001,0.1124632001,0.10796489719999999,0.031545171100000005,4.270716858,0.02758807712222222,2.003748894,0.022125769,0.859698415,0.345427006,56.3955307,981.3817139,998.3322754,20.70544052,20.48609924,19.73415947,21.73912048,23.64521027,56.81801987,43.37287903,2.17750001,0.05589935780000001
0.14944230320000002,0.1445050001,0.1130813003,0.11235749719999999,0.10795700550000001,0.031454840299999995,3.9302478790000004,0.027585315705555558,2.004287004,0.412661314,0.859746993,0.337482095,56.3955307,981.3480835,998.3317871,20.7055397,20.48624039,19.73415947,21.74319077,23.6536293,56.83758926,43.37121964,2.325000048,0.0558994889
0.149248004,0.14430910349999998,0.1131469011,0.1124662995,0.1079489946,0.0313645095,3.889474869,0.027559157477777776,2.004823923,0.47596249,0.85979557,0.346640199,56.3955307,981.3145752,998.3314209,20.70564079,20.48637962,19.73415947,21.74727058,23.66205025,56.85715103,43.36956024,2.144999981,0.0558996379
0.1490440011,0.14411319490000002,0.1139456034,0.112549901,0.107941103,0.0304224491,3.393082047,0.02754226896388889,2.005362034,0.153853998,0.860463798,0.340528905,46.8484993,981.2808838,998.3309937,20.70573044,20.48652077,19.89887047,21.75134087,23.67046928,56.87672043,43.36790085,2.325000048,0.055899781
0.1488847017,0.14411319490000002,0.1128010988,0.1125926971,0.10793319939999999,0.0313294291,2.936026001,0.027516771952777776,2.005898952,-0.137855604,0.861338496,0.366404712,43.66616058,981.2473755,998.3306274,20.70582962,20.48666,19.95376968,21.75542068,23.67889023,56.89628983,43.36624908,2.432499886,0.0558999181
0.14886560440000002,0.1437420011,0.11318860049999999,0.11263550520000001,0.10792529580000002,0.0309245706,2.696413994,0.027511145275,2.00643611,0.336008608,0.862213075,0.37406069,43.66616058,981.2139282,998.3300781,20.70593071,20.48679924,19.95376968,21.7595005,23.68730927,56.91585922,43.36458969,2.125,0.055900061099999995
0.14842740299999999,0.1437379956,0.1130097985,0.1128612041,0.1079172969,0.030732271100000003,4.524634171000001,0.027481009166666667,2.006973982,-0.05095062,0.863087773,0.392514408,43.66616058,981.1801758,998.3297119,20.70602989,20.48694038,19.95376968,21.76357079,23.69573021,56.93542862,43.3629303,2.357500076,0.055900198199999994
0.14854780439999998,0.1435119987,0.11269390580000001,0.11266080140000001,0.1079094052,0.0310263008,3.019713974,0.027480678558333332,2.0075109,0.216678306,0.863962471,0.398546785,43.66616058,980.8723755,998.3292847,20.70612907,20.48707962,19.95376968,21.7676506,23.70414925,56.95500183,43.3612709,2.109999895,0.0559003413
0.1483507037,0.1434489012,0.11247930530000001,0.1126413941,0.10790150169999999,0.031026768700000002,2.71071701,0.027472065819444443,2.008049011,0.086618982,0.864837229,0.37506029,60.26367188,980.4732056,998.3289185,20.70622063,20.48722076,19.93024063,21.77172089,23.71256065,56.97457123,43.35961914,2.282500029,0.055900478399999995
0.1483595967,0.1434836984,0.1129441977,0.1125265956,0.10789359810000002,0.0304491699,3.312253952,0.027466108533333332,2.00858593,-0.05536145,0.865711808,0.368181705,65.7961731,980.0739746,998.3284912,20.70631981,20.48736954,19.92326927,21.7758007,23.72097969,56.99414063,43.35795975,2.07249999,0.055900621399999996
0.1484989047,0.1435186028,0.11318860049999999,0.11234200000000001,0.1078320026,0.0302679211,2.764359093,0.02745352427222222,2.009124041,-0.203302398,0.866846979,0.369397193,65.7961731,980.1307983,998.328125,20.7064209,20.48751068,19.92443085,21.77988052,23.7183094,57.01371002,43.35630035,2.05250001,0.0559007585
0.1484982967,0.1435534,0.1132840037,0.1123345971,0.1077525973,0.0302697808,3.102683067,0.02745352851111111,2.009660959,-0.247291297,0.868069112,0.362132311,65.7961731,980.3395996,998.3275757,20.70652008,20.48764992,19.92559052,21.78395081,23.71194077,57.03327942,43.35464096,2.049999952,0.0559009016
0.14845119710000002,0.1434368968,0.11289650200000001,0.11238640550000001,0.10773270130000001,0.030669561,3.310826111,0.027444915772222224,2.01019907,-0.247291297,0.869291186,0.352040589,67.54955292,980.5484009,998.3272095,20.70661926,20.48778915,19.92675972,21.78803062,23.70557022,57.05284882,43.3529892,2.309999943,0.055901038599999994
0.1483526945,0.1432700038,0.1128309011,0.1124382019,0.10773270130000001,0.030659309000000003,3.065488052,0.027431670294444446,2.009996891,-0.207951605,0.87051332,0.32513389,68.13400269,980.7573242,998.3267822,20.70671082,20.4879303,19.92791939,21.79210091,23.69919968,57.055439,43.3513298,2.19749999,0.055901181700000004
0.1482370973,0.1432379007,0.11256870029999999,0.1125604987,0.10773270130000001,0.030649599399999998,3.3144001009999995,0.027453689575,2.009547949,0.137402907,0.871735275,0.333236605,68.13400269,980.9661255,998.326416,20.70681,20.48806953,19.92907906,21.79618073,23.6928196,57.05237961,43.34967041,2.099999905,0.0559013188
0.1481215,0.1432507038,0.1124822974,0.11235970260000001,0.10773270130000001,0.0307003498,3.7213878630000004,0.0274874666,2.00909996,0.516732574,0.872957408,0.325909406,68.13400269,981.1749268,998.3259277,20.70690918,20.48821068,19.93024063,21.80026054,23.68644905,57.04930878,43.34801102,2.277499914,0.055901461799999996
0.14803980590000002,0.143263495,0.1124941945,0.1122828007,0.10767940279999999,0.0307511002,3.363040924,0.027578364477777777,2.008651972,0.065160997,0.874179482,0.326282799,68.13400269,981.383728,998.3255005,20.70701027,20.48834991,19.9314003,21.80433083,23.68008041,57.04624939,43.34635925,2.092499971,0.0559015989
0.1482159019,0.14327640530000002,0.11278320550000001,0.11228569749999999,0.1076493025,0.0304994702,2.560511971,0.027728042602777777,2.00820303,-0.178864107,0.875581324,0.332441688,64.35019684,981.5925293,998.3250732,20.70710945,20.48848915,19.9325695,21.80841064,23.67370987,57.04319,43.34469986,2.190000057,0.055901742
0.1482121944,0.1432891965,0.1121991038,0.1122885942,0.1076328993,0.0310680002,2.290135956,0.027841305194444443,2.007755041,-0.232628405,0.877043128,0.317295015,63.08892822,981.8012695,998.324585,20.7071991,20.48863983,19.93372917,21.79870033,23.66733932,57.03995132,43.34304047,2.178750038,0.055901879099999996
0.1481210947,0.1433019996,0.1129382014,0.11236439940000001,0.10761649609999999,0.0303495795,3.6112331390000003,0.027873416472222225,2.007307053,-0.246337593,0.878504872,0.324917614,63.08892822,982.0100708,998.3242188,20.70730019,20.48877907,19.93489075,21.79504013,23.66095924,57.03665924,43.34138107,2.08375001,0.055902022100000004
0.1483116984,0.1434216976,0.1128666997,0.1122437954,0.10760020020000001,0.0303755313,4.160562134,0.02786413827777778,2.00685811,-0.158955902,0.879966617,0.319848388,63.08892822,982.2188721,998.3237915,20.70739937,20.48892021,19.93605042,21.79491997,23.65459061,57.03337097,43.33972931,2.05250001,0.0559021592
0.1483958006,0.14341210129999998,0.1125746965,0.1120496988,0.10758379700000001,0.0308267087,3.482490921,0.027858193722222223,2.006409883,-0.099111937,0.881428421,0.329776287,63.08892822,982.4276733,998.3234253,20.70750046,20.48905945,19.93721008,21.7947998,23.64822006,57.03007889,43.33806992,2.192500114,0.0559023023
0.14841330049999998,0.1435603976,0.112360096,0.1121373057,0.10756740570000001,0.0311645389,2.702132034,0.0278475825,2.005960941,-0.156571701,0.882890105,0.328837812,54.81842041,982.6365967,998.322876,20.70759964,20.48920059,19.93837929,21.79467964,23.64184952,57.02679062,43.33641052,2.217499971,0.055902439400000004
0.1485319018,0.143779695,0.1121454954,0.11214510200000001,0.1075510025,0.031464588599999996,3.0468929289999998,0.027821415805555555,2.005512953,-0.217727005,0.88435179,0.321772099,52.06158066,982.7271118,998.3225098,20.70770073,20.48933983,19.93954086,21.79454994,23.63548088,57.02349854,43.33475113,2.345000029,0.0559025824
0.1486842036,0.1439990044,0.11193089490000001,0.11209499839999999,0.10743370059999999,0.0317970395,3.29723587,0.027799888194444445,2.005064964,-0.03855269,0.885813594,0.338797808,52.06158066,982.7780762,998.3220825,20.70779037,20.48947906,19.94070053,21.79442978,23.6291008,57.02021027,43.33309937,2.232500076,0.055902719499999996
0.1488366008,0.1442183018,0.1118772984,0.11204489470000001,0.1073812962,0.032140290700000004,3.9273868559999996,0.02778136147222222,2.004616022,0.202849805,0.887275398,0.302612007,52.06158066,982.8292236,998.3217163,20.70788956,20.48962021,19.9418602,21.79430962,23.62273026,57.01691818,43.33143997,2.180000067,0.0559028625
0.1489889979,0.14427950380000001,0.11210969690000001,0.1119948983,0.1073618054,0.032120969900000004,3.8158050539999997,0.027762809330555555,2.004168034,-0.02341285,0.888737082,0.318960786,67.03746033,982.8803101,998.3212891,20.70799065,20.48977089,19.94301987,21.79418945,23.61635971,57.01362991,43.32978058,2.345000029,0.0559029996
0.1491412997,0.1442878962,0.11270569560000002,0.1119447947,0.10734230279999998,0.0315738797,3.376631165,0.027745257483333334,2.003720045,0.069571778,0.890198886,0.301950395,72.02941895,982.9313965,998.3209229,20.70808983,20.48991013,19.94418907,21.79406929,23.60998917,57.01034164,43.32812881,2.077500105,0.0559031427
0.1489884019,0.1442963958,0.11284279820000001,0.1118947029,0.10732270479999999,0.0315614492,4.4902980800000005,0.027738969591666666,2.003271103,0.425536186,0.893020093,0.322807997,72.02941895,982.9824829,998.3203735,20.70819092,20.49004936,19.94535065,21.79394913,23.60362053,57.00704956,43.32646942,2.105000019,0.055903279800000004
0.149000895,0.144064796,0.1125627041,0.1119212031,0.1073032022,0.0317724586,3.046891022,0.02772042168611111,2.002823114,-0.026750719,0.896294415,0.276540607,72.02941895,983.0336304,998.3200073,20.70828056,20.49019051,19.94651031,21.79383087,23.59724998,57.00376892,43.32481003,2.285000086,0.055903422800000005
0.14872269629999998,0.14375319479999998,0.1126343012,0.1119732022,0.10728369950000001,0.0314504087,2.94246006,0.02770402696388889,2.002374887,-0.195076793,0.899568677,0.297747999,72.02941895,983.0847168,998.3195801,20.70837975,20.49032974,19.94766998,21.79369926,23.5908699,57.01670074,43.32315063,2.352499962,0.055903571799999996
0.1485512972,0.143741703,0.1125269055,0.1120252013,0.10726410150000001,0.031232839800000002,3.950273895,0.027690122391666665,2.001925945,-0.175049394,0.902842999,0.323528886,73.35842133,983.1356812,998.3192139,20.70848083,20.49047089,19.94882965,21.7935791,23.58449936,57.03504944,43.32149887,2.089999914,0.055903703000000006
0.1484576941,0.1434128046,0.1128487945,0.11191149949999998,0.1072445989,0.0309344888,3.278638077,0.027676215702777777,2.001477957,0.138952598,0.90611738,0.294612199,73.80142212,983.1868286,998.3187256,20.70858002,20.49061012,19.94998932,21.79346085,23.57813072,57.05340958,43.31983948,2.089999914,0.055903852
0.1481268048,0.1431803942,0.1128487945,0.1118716002,0.10722509620000001,0.030577871200000002,3.090519905,0.02766230901111111,2.001029015,-0.071693383,0.909391701,0.320939809,73.80142212,983.237915,998.3182983,20.7086792,20.49074936,19.95115089,21.79334068,23.57176018,57.07175827,43.31818008,2.089999914,0.055903977199999996
0.1478436947,0.1430266023,0.1124315977,0.1118749022,0.1072054982,0.0307619005,3.2965190890000002,0.02764393064722222,2.000581026,-0.229171202,0.912666023,0.321694106,73.80142212,983.2888794,998.3178711,20.70877075,20.4908905,19.9523201,21.79322052,23.56538963,57.09011078,43.31652069,2.267499924,0.055904132100000004
0.1476027966,0.1428727984,0.11289650200000001,0.1118780971,0.1071859956,0.0301665515,4.385155869,0.02762406031388889,2.000205994,-0.179579407,0.915940285,0.34176749,73.80142212,983.3400269,998.3173828,20.70886993,20.49103928,19.95347977,21.79310036,23.55901909,57.10845947,43.31486893,2.307499886,0.0559042573
0.14747589830000002,0.1427693009,0.1124851942,0.1118813992,0.10716650489999999,0.0303982586,4.459542847,0.027615617116666668,1.999853969,0.52555418,0.919214606,0.305976987,65.19135284,983.2880859,998.3170166,20.70896912,20.49118042,19.88318062,21.79298019,23.55264091,57.12680817,43.31565094,2.217499971,0.0559044123
0.14738700389999998,0.1426826,0.11213949919999999,0.11184569600000001,0.1071468949,0.0306931794,3.039027023,0.02761098437777778,1.999503016,0.450212806,0.921981573,0.321719915,62.32133102,983.2017822,998.3165894,20.70907021,20.49131966,19.85964966,21.79286003,23.54627037,57.14516068,43.3172493,2.227499962,0.055904537399999996
0.14718300099999998,0.1424514055,0.11230640409999999,0.111796999,0.1071274042,0.030397328699999997,3.121281052,0.027596410116666664,1.999151945,-0.098158233,0.924579382,0.293665588,62.32133102,983.1156006,998.3162231,20.70916939,20.4914608,19.85964966,21.79273987,23.53989983,57.16350937,43.31884003,2.375,0.0559046924
0.14725569489999998,0.1425191998,0.11191300150000001,0.1117481947,0.1071058989,0.030538401,2.532611084,0.027578529780555555,1.998800993,-0.247291297,0.92717731,0.291398495,62.32133102,983.0294189,998.3156738,20.70926094,20.49160004,19.85964966,21.79261017,23.53352928,57.18186188,43.32043839,2.277499914,0.055904817600000004
0.1472473025,0.1423784971,0.1121515036,0.11169949770000001,0.10708379750000001,0.0303678095,2.8830919269999997,0.027560647327777778,1.998450041,-0.246218398,0.929775119,0.305338591,62.32133102,982.9431152,998.3153076,20.70936012,20.49173927,19.85964966,21.79249001,23.52716064,57.20021057,43.32202911,2.222500086,0.055904972600000005
0.1471768022,0.1423560023,0.1118177056,0.1116508007,0.1070616007,0.0305608511,3.24788208,0.027542764875,1.998098969,-0.172545999,0.932372928,0.296645612,67.78446198,982.8568115,998.3148804,20.7094593,20.49188042,19.88318062,21.79236984,23.52078056,57.21855927,43.32363129,2.377500057,0.055905097699999996
0.1471063018,0.1424090028,0.1116448045,0.11160210370000001,0.10703949930000001,0.0307514787,4.057563019,0.027532335916666668,1.997748017,-0.222495407,0.933365703,0.334013313,69.6055069,982.7706299,998.3145142,20.70956039,20.49201965,19.8946991,21.79224968,23.51441002,57.2369194,43.32522964,2.38499999,0.0559052527
0.1470356941,0.1422850966,0.11196069719999999,0.1115533948,0.1070173979,0.0304616988,3.150605965,0.02752140468888889,1.997396946,-0.205090597,0.933823526,0.332547486,69.6055069,982.6843262,998.3140259,20.70965958,20.4921608,19.89959908,21.79212952,23.50803947,57.25526047,43.32682037,2.220000029,0.0559053779
0.1469652057,0.1423058033,0.11167459490000001,0.1115389943,0.1069952011,0.030536779800000004,2.787966919,0.027509485880555556,1.997045994,-0.233224407,0.93428129,0.323405892,69.6055069,982.5980835,998.3135986,20.70974922,20.49230957,19.90449905,21.79200935,23.50167084,57.27362061,43.32841873,2.387500048,0.055905532800000005
0.1469746947,0.1423943043,0.11154350040000001,0.1115360975,0.10698970560000001,0.0307801694,2.6756719589999998,0.02749061160555556,1.996693969,-0.248364195,0.934739113,0.31800589,67.15891266,982.5117798,998.3131714,20.70985031,20.49245071,19.90940094,21.79188919,23.49530029,57.2919693,43.3300209,2.167500019,0.055905658000000004
0.1470106959,0.1422847033,0.1117938995,0.1113721013,0.10698970560000001,0.0306146085,2.2901380540000003,0.027469416724999998,1.996343017,-0.083137646,0.933296323,0.312606007,66.34336853,982.4255981,998.3128052,20.70994949,20.49258995,19.91431046,21.79177094,23.48892975,57.31032181,43.33161926,2.339999914,0.055905813000000006
0.1470468044,0.142485702,0.111519599,0.11140149829999998,0.10698970560000001,0.0307650894,2.539768982,0.027453193663888886,1.995991945,-0.138451606,0.931219876,0.354416013,66.34336853,982.3394165,998.3123779,20.71005058,20.49272919,19.91921043,21.79165077,23.48254967,57.3286705,43.33320999,2.190000057,0.0559059381
0.14708290100000002,0.14263099429999998,0.11161500220000001,0.1112498999,0.10698970560000001,0.0309289992,2.86521492,0.027450544569444447,1.995640993,0.054670371,0.929143727,0.31721741,66.34336853,982.2531128,998.3120117,20.71014977,20.49287033,19.92411041,21.79151917,23.47617912,57.3470192,43.33480835,2.042500019,0.055906087199999996
0.1473837018,0.1427158952,0.11155539750000001,0.1112007022,0.10698970560000001,0.031047120700000003,2.244362068,0.027436968486111112,1.995290041,0.158145696,0.92706728,0.351471514,66.34336853,982.1668091,998.3115234,20.71023941,20.49300957,19.92901039,21.79140091,23.46981049,57.3653717,43.33641052,2.147500038,0.0559062183
0.1474526048,0.142800796,0.11138050559999998,0.11121499539999999,0.10698970560000001,0.0312890202,2.589837074,0.027444250319444446,1.99493897,0.056220151,0.924991012,0.351687998,60.38119888,982.0806274,998.3110962,20.7103405,20.49315071,19.93391991,21.79128075,23.46343994,57.3837204,43.33800125,2.242500067,0.0559063673
0.1476014972,0.14295860529999999,0.11120569709999999,0.1112292051,0.10698970560000001,0.0315721899,3.03902092,0.02752471923888889,1.994588017,-0.180652305,0.922914684,0.329110414,58.39381027,982.0114136,998.31073,20.71043968,20.49328995,19.93881989,21.79116058,23.4570694,57.40206909,43.33959961,2.042500019,0.055906498400000004
0.1480396032,0.1431406975,0.1110905051,0.1111242056,0.10698970560000001,0.0318553597,2.702131081,0.027642601861111112,1.994235992,-0.247291297,0.920838416,0.337457508,58.39381027,981.947876,998.3101807,20.71054077,20.49342918,19.94371986,21.79104042,23.45070076,57.4204216,43.34120178,2.315000057,0.055906647399999995
0.1482174993,0.143322897,0.11099510189999999,0.11097949739999999,0.10698970560000001,0.032138520500000003,4.0032058720000006,0.027719099255555556,1.99388504,0.141813695,0.918168128,0.356112808,58.39381027,981.8845215,998.3098145,20.71063995,20.49357033,19.94861984,21.79092026,23.44432068,57.42850876,43.3427887,2.137500048,0.0559067786
0.1482836008,0.14333029989999999,0.11089969870000001,0.11099280119999999,0.1069591999,0.0324216902,3.9195190429999998,0.027763142055555558,1.993533969,-0.082899213,0.915299892,0.374768198,58.39381027,981.8209839,998.3093872,20.7107296,20.4937191,19.95352936,21.79080009,23.43795013,57.43318176,43.34439087,2.028749943,0.0559069276
0.14817490579999998,0.1432795048,0.1120918989,0.1110589027,0.106930995,0.031291759,3.858003998,0.027783667249999998,1.993183017,-0.074435227,0.912431717,0.360068798,59.03435135,981.7576294,998.309021,20.71083069,20.49386024,19.95842934,21.79067993,23.43157959,57.43785095,43.34598923,2.013750076,0.0559070706
0.1484091043,0.1434882998,0.1120679975,0.11112489699999999,0.1069067955,0.0312828988,3.091238976,0.027778860722222222,1.992831945,0.383335501,0.909563422,0.361555994,59.24785995,981.6940918,998.3084717,20.71092987,20.49399948,19.96332932,21.79055023,23.42521095,57.4425087,43.34757996,2.190000057,0.055907207699999996
0.1484825015,0.1435768008,0.11149580480000001,0.11106359960000001,0.10688259600000001,0.0320103496,3.263616943,0.027767611608333336,1.992480993,0.339465797,0.908191025,0.372144908,59.24785995,981.6306152,998.3081055,20.71102905,20.49414063,19.96822929,21.79043007,23.41884041,57.4471817,43.34917831,2.182499886,0.0559073508
0.1484578967,0.14348959919999998,0.1117817998,0.1111683011,0.1068583965,0.031794878799999995,3.164192963,0.027760821447222223,1.992130041,0.230029896,0.907316983,0.342157602,59.24785995,981.5671997,998.3076782,20.71113014,20.49427986,19.97314072,21.79030991,23.41246033,57.45185089,43.35078049,2.092499971,0.0559074879
0.1483561039,0.1433666945,0.11176400179999998,0.1113423944,0.106834197,0.0316544205,3.519683838,0.02774360656666667,1.993600011,-0.126292005,0.906443119,0.341532588,59.24785995,981.5037231,998.307312,20.71121979,20.4944191,19.9780407,21.79018974,23.40608978,57.45652008,43.35237885,2.38499999,0.055907630900000005
0.1482285023,0.1432438016,0.1118057013,0.1114066005,0.10680999760000001,0.03151384,3.682765961,0.02771545622222222,1.995677948,-0.242165297,0.905569196,0.31883809,69.22096252,981.4401855,998.3068237,20.71132088,20.49456024,19.98294067,21.79006958,23.39971924,57.46118164,43.35396957,2.4375,0.055907768000000004
0.14810099599999998,0.1431259036,0.11193280219999999,0.1114341974,0.10680669549999999,0.031327420499999994,4.205624008,0.027693930730555556,1.997756004,-0.245503202,0.904695272,0.335265607,72.54532623,981.367981,998.3063965,20.71142006,20.49469948,19.98784065,21.78994942,23.3933506,57.46585083,43.35116959,2.262500048,0.0559079111
0.1479735017,0.14300949570000002,0.1120599985,0.111461699,0.1068303943,0.031141001,4.169863129,0.02767538706388889,1.999832988,0.242547005,0.90382129,0.345883787,72.54532623,981.2927856,998.3060303,20.71151924,20.49484062,19.99275017,21.78982925,23.38698006,57.47052002,43.34690094,2.420000076,0.055908048200000005
0.1477022052,0.1428931952,0.11232429740000001,0.11148929599999999,0.1068606973,0.030725899299999998,4.186312866,0.027672737969444444,2.001910925,0.367599487,0.902947426,0.348871708,72.54532623,981.2177124,998.305481,20.71162033,20.4949894,19.99765015,21.78970909,23.38060951,57.47518921,43.34263992,2.265000105,0.0559081912
0.14762239459999998,0.1428573012,0.11211570500000001,0.11156690119999998,0.10689109560000001,0.030748111,3.564744949,0.02765850067222222,2.003988981,0.146463007,0.902073503,0.371159703,67.81970215,981.1425171,998.3051147,20.71170998,20.49513054,20.00255013,21.78959084,23.37422943,57.47985077,43.33837891,2.227499962,0.0559083283
0.1476572037,0.1428482056,0.11188620330000001,0.11157530550000001,0.10692139860000001,0.0309415191,2.762214088,0.027655523088888887,2.006066084,0.297980189,0.901199579,0.345505804,66.24449158,981.0673218,998.3046875,20.71180916,20.49526978,20.0074501,21.78945923,23.36786079,57.48451996,43.33411026,2.337500095,0.0559084713
0.1475311041,0.14281870130000002,0.11170740130000001,0.11155500410000001,0.10695179699999999,0.031134930300000002,3.064773941,0.027634328205555555,2.008143902,0.116302498,0.900325716,0.346558094,66.24449158,980.9921265,998.3043213,20.71191025,20.49541092,20.01235962,21.78933907,23.36149025,57.48918915,43.32984924,2.369999886,0.055908608400000004
0.1473476052,0.14260829690000001,0.1120918989,0.11155220269999999,0.1069821,0.030726918600000003,4.565406036000001,0.02762008878888889,2.010221004,-0.124742299,0.899451673,0.362554193,66.24449158,980.9168701,998.303894,20.71200943,20.49555016,20.0172596,21.78922081,23.35511971,57.49385071,43.3255806,2.19749999,0.0559087515
0.1471639991,0.1424860001,0.1122349024,0.1115553021,0.10698970560000001,0.030373451099999997,4.7549499509999995,0.027600879669444443,2.012299061,-0.149895802,0.898577809,0.358952194,66.24449158,980.8416748,998.3035278,20.71211052,20.49568939,20.02215958,21.78910065,23.34874916,57.50682068,43.32130814,2.267499924,0.0559088886
0.14716869589999998,0.1424123049,0.1122169971,0.1115584016,0.10698970560000001,0.03030352,3.6806179049999996,0.02759724087222222,2.014377117,0.043226179,0.897703886,0.378224999,47.03852081,980.7664795,998.3029785,20.71220016,20.49583054,20.02705956,21.78898048,23.34236908,57.52254868,43.31705093,2.047499895,0.055909031600000006
0.147084403,0.1422093987,0.1127117038,0.11156140569999999,0.10698970560000001,0.029712098799999996,3.080508041,0.027586975097222223,2.016453981,-0.03593003,0.896830022,0.380213588,40.63653183,980.6912842,998.3026123,20.71229935,20.49596977,20.03196907,21.78886032,23.33600044,57.53828049,43.31277847,2.297499895,0.0559091687
0.1469493985,0.1423149943,0.11193089490000001,0.1116726995,0.10698970560000001,0.030278539700000003,2.988237953,0.027572405072222222,2.014640093,-0.206163496,0.89595598,0.373173296,40.63653183,980.6160889,998.3021851,20.71240044,20.49611092,20.03686905,21.78874016,23.3296299,57.55401993,43.30852127,2.305000067,0.05590931179999999
0.14702830309999998,0.142334497,0.1115970969,0.111600101,0.10698970560000001,0.030717900399999998,2.7750919339999998,0.027544915941666668,2.011528015,-0.220707193,0.895082116,0.386978388,40.63653183,980.5410156,998.3018188,20.71249962,20.49625969,20.04177094,21.78862,23.32325935,57.56975174,43.30424881,2.105000019,0.055909448900000006
0.1469352007,0.14228630069999998,0.111787796,0.1116289973,0.10698970560000001,0.030517539399999998,3.2707698819999997,0.02753100925,2.008415937,-0.185261801,0.894208193,0.359051496,40.63653183,980.4658203,998.3012695,20.71260071,20.49640083,20.04667091,21.7884903,23.31689072,57.58547974,43.29999161,2.087500095,0.0559095919
0.1470494986,0.14241100550000002,0.1117818952,0.1115360022,0.10698970560000001,0.030572751199999998,3.2407260890000003,0.027532003191666665,2.005304098,-0.149816394,0.893334329,0.379541308,61.89545059,980.390625,998.3009033,20.71269035,20.49654007,19.97730064,21.78837013,23.31052017,57.60121918,43.30083847,2.182499886,0.055909729
0.147259903,0.142593503,0.11168650389999998,0.11138290170000001,0.10698970560000001,0.0307628095,3.5003719330000003,0.027518094380555556,2.00219202,0.110461198,0.892460287,0.380287111,68.98175812,980.3154297,998.3004761,20.71278954,20.49667931,19.95376968,21.78824997,23.30414009,57.61695099,43.30340958,2.247499943,0.0559098721
0.1472417951,0.1425694942,0.1120918989,0.11138679979999999,0.10698970560000001,0.0305057913,2.965353012,0.027503193750000002,1.999078989,-0.136901796,0.891586423,0.386560798,68.98175812,980.2401733,998.2999878,20.71289063,20.49682045,19.95376968,21.78812981,23.29776955,57.63267899,43.30596924,2.244999886,0.055910009100000005
0.1474370003,0.1427464962,0.1117521048,0.11144289970000001,0.10698970560000001,0.0308174193,2.844471931,0.02748994827222222,1.995967031,-0.243357301,0.8907125,0.359536499,68.98175812,980.164978,998.2996216,20.71298981,20.49695969,19.95376968,21.78800964,23.29140091,57.6484108,43.3085289,2.329999924,0.05591015219999999
0.14745140080000002,0.1427865982,0.1116626978,0.1113324046,0.10698970560000001,0.031137511099999998,3.214979935,0.0274846522,1.992854953,-0.161578596,0.889838576,0.380380988,68.98175812,980.0899048,998.2991943,20.7130909,20.49710083,19.95376968,21.78706932,23.28503036,57.66413879,43.31108856,2.097500086,0.055910289300000006
0.1473734021,0.1427510977,0.1117580056,0.1113566995,0.10698970560000001,0.0310568005,3.718526077,0.027525213030555554,1.989742994,0.080896787,0.888332605,0.373749107,57.40727997,980.0147095,998.2988281,20.71318054,20.49724007,20.04789925,21.78586006,23.27865982,57.67987061,43.31365967,2.25,0.0559104323
0.1475970984,0.1428774953,0.11162099839999999,0.1114446044,0.106969595,0.0311335802,2.904557037,0.027580187055555552,1.989439011,-0.142266303,0.886615992,0.351168185,53.54912186,979.9395142,998.2982788,20.71327972,20.49739075,20.07928085,21.7846508,23.27228928,57.69561005,43.31621933,2.150000095,0.055910581400000006
0.14766459469999998,0.14305800200000002,0.11196069719999999,0.1114367962,0.1069573045,0.030982831100000004,3.793632126,0.027598893908333335,1.990071058,-0.245622396,0.884899318,0.374145806,53.54912186,980.0435791,998.2979126,20.71338081,20.49752998,20.07928085,21.78343964,23.26590919,57.71134186,43.31877899,2.307499886,0.0559107125
0.1480371952,0.1432384014,0.1115375042,0.11139730219999999,0.1069499016,0.031534090599999995,2.956767082,0.0275985633,1.990702987,0.02522525,0.883182585,0.353097588,53.54912186,980.2075195,998.2974854,20.71348,20.49766922,20.07928085,21.78223038,23.25954056,57.72706985,43.3213501,2.252500057,0.0559108615
0.1481546998,0.14330660099999998,0.11169250010000001,0.1112089038,0.1069424033,0.031590101100000004,2.466810036,0.027590950861111112,1.991335034,-0.155379593,0.883411527,0.381402314,66.09017181,980.3712769,998.2971191,20.71357918,20.49781036,20.07928085,21.78101921,23.25317001,57.7428093,43.32390976,2.292500019,0.0559109926
0.1479854941,0.1433374047,0.111859405,0.1113659978,0.1069350004,0.0313913196,3.473191071,0.02757174173888889,1.991966963,0.016284451,0.884289026,0.350021005,70.27052307,980.5352173,998.2966919,20.71367073,20.4979496,20.07928085,21.77980042,23.24679947,57.75854111,43.32646942,2.402499914,0.055911141600000006
0.1485368013,0.1435039997,0.1122349024,0.11132060290000001,0.10697560310000001,0.0310786813,2.46752491,0.0275601493,1.99259901,0.159456998,0.885166287,0.350236386,70.27052307,980.6989746,998.2963257,20.71376991,20.49809074,20.07928085,21.77858925,23.24043083,57.7742691,43.32902908,2.400000095,0.0559112728
0.1483608007,0.1437158942,0.11192489859999999,0.11116390229999999,0.1069360971,0.0316008687,3.4553070069999996,0.027552202013888888,1.993231058,0.271038592,0.886043727,0.346568912,70.27052307,980.862915,998.2957764,20.71386909,20.49822998,20.07928085,21.77737999,23.23405075,57.79000092,43.33160019,2.089999914,0.05591142180000001
0.14866139890000002,0.14392770530000001,0.1118891954,0.1113929987,0.1068647027,0.0317252904,2.529037094,0.027541275025,1.993862987,-0.107456699,0.886921227,0.31834051,70.27052307,981.0266724,998.2954102,20.71397018,20.49836922,20.07928085,21.77617073,23.22768021,57.80572891,43.33415985,2.342499971,0.05591155290000001
0.14874060149999999,0.1437348008,0.1120321989,0.11131700280000001,0.1068444014,0.03179923,2.7386100769999997,0.02753432167777778,1.994495034,0.418383509,0.887798488,0.338304788,60.96260834,981.1906128,998.2949829,20.71406937,20.49851036,19.91456032,21.77495956,23.22130966,57.82146072,43.33671951,2.505000114,0.0559117019
0.148656702,0.14393850560000002,0.1117818952,0.1114094019,0.1068411946,0.0319328606,2.8959699629999998,0.02751909256111111,1.995126963,0.541170776,0.887708902,0.325143903,57.85997009,981.3544922,998.2946167,20.71416092,20.4986496,19.85964966,21.77375031,23.21493912,57.83720016,43.33927917,2.257499933,0.0559118271
0.1485728025,0.1438557029,0.11292029619999999,0.1114493966,0.1068379998,0.031018129,3.8215271,0.02751843134444444,1.99575901,-0.05011617,0.887296915,0.339276403,57.85997009,981.5183105,998.2941284,20.7142601,20.49879074,19.85964966,21.77253914,23.20857048,57.85292816,43.34185028,2.349999905,0.0559119821
0.1485205054,0.1439036012,0.1128131032,0.1114372969,0.106834805,0.031042701,3.805076981,0.027570417191666665,1.996391058,-0.244549498,0.886884928,0.332289606,57.85997009,981.6821899,998.2937012,20.71435928,20.49893951,19.85964966,21.77132988,23.20219994,57.86865997,43.34440994,2.079999924,0.055912107200000005
0.1484787941,0.1434453011,0.11289060120000001,0.11142519710000001,0.1068315983,0.031013101300000002,3.046178055,0.027626048194444443,1.997022986,0.221565902,0.886472881,0.331644297,57.85997009,981.8461304,998.2932739,20.71446037,20.49908066,19.85964966,21.77010918,23.19581985,57.88439941,43.34275818,2.142499924,0.05591226219999999
0.1481016994,0.1432278037,0.11233030559999999,0.1117149949,0.1068904042,0.031115001399999998,2.551211929,0.027703535291666664,1.997655988,-0.080991857,0.886060894,0.337100297,51.01150894,982.0098877,998.2927856,20.71455956,20.49921989,19.88318062,21.76889992,23.18944931,57.90013123,43.33971024,2.342499971,0.0559123874
0.14798669820000002,0.142672503,0.1125269055,0.11176869869999999,0.1069697976,0.030744490000000003,3.127717018,0.02781944486111111,1.998288035,0.015688371,0.886410296,0.342556387,48.7286911,982.1738281,998.2924194,20.7146492,20.49935913,19.89101982,21.76769066,23.18308067,57.84608078,43.33665848,2.375,0.0559125423
0.14799629450000001,0.1427240014,0.1125030994,0.11171020270000001,0.10698970560000001,0.030183970900000003,3.70708313,0.027930361416666664,1.998919964,-0.157883003,0.887013495,0.348012507,48.7286911,982.2081299,998.2919922,20.71475029,20.49950027,19.89101982,21.76647949,23.17671013,57.76877975,43.33361053,2.369999886,0.0559126675
0.14800599809999998,0.1430317044,0.11228849889999999,0.1116515994,0.10698970560000001,0.0304551095,4.126229858,0.028053222222222222,1.999552011,-0.146200299,0.887616694,0.326268286,48.7286911,982.1992188,998.291626,20.71484947,20.49963951,19.89101982,21.76527023,23.17033958,57.69147873,43.33055115,2.144999981,0.0559128225
0.1477046967,0.1428828001,0.11262830500000001,0.11174060109999999,0.1070369959,0.0304417908,4.310052109,0.02816980575,2.000184059,-0.212124005,0.888220012,0.347860485,66.63578033,982.1901855,998.2910767,20.71495056,20.49978065,19.89101982,21.76405907,23.16397095,57.61417007,43.32749939,2.287499905,0.05591294770000001
0.1478314996,0.14294550420000002,0.1126520991,0.1118788004,0.107072103,0.030241251000000004,3.464604187,0.02827047136111111,2.000816107,-0.238648504,0.888823211,0.342996687,72.60481262,982.1813965,998.2907104,20.71504974,20.49991989,19.89101982,21.76284981,23.15759087,57.53686905,43.32445145,2.277499914,0.0559131026
0.1478261948,0.1431293964,0.11190110449999999,0.11189299820000001,0.10709780449999999,0.0310359091,4.394453049,0.028337362083333335,2.001447916,-0.230303794,0.88942641,0.323491514,72.60481262,982.1724854,998.2902832,20.71515083,20.50005913,19.89101982,21.76164055,23.16171074,57.45957184,43.32139969,2.355000019,0.0559132278
0.14771770239999998,0.1429625988,0.11198450330000001,0.11186579469999999,0.1071234941,0.0311420202,4.329365921,0.02840422311111111,2.002079964,-0.095893241,0.89002949,0.333099991,72.60481262,982.1635742,998.289917,20.71524048,20.50020981,19.89101982,21.76042938,23.1693306,57.38227081,43.3183403,2.345000029,0.0559133828
0.1477735996,0.14296180009999998,0.11262830500000001,0.1119683981,0.1071491957,0.0303342998,2.760071945,0.02848833297222222,2.002712011,0.402766913,0.890632689,0.352412999,72.60481262,982.1547241,998.2894287,20.71533966,20.50035095,19.89101982,21.75922012,23.17695045,57.30496979,43.31528854,2.105000019,0.055913507900000006
0.14788420200000002,0.1432659984,0.1126013994,0.1119411945,0.1071748972,0.0302978098,4.197040939,0.028547278500000002,2.003344059,0.162318006,0.891235888,0.339625299,65.21011353,982.145813,998.2890015,20.71544075,20.50049019,19.89101982,21.75801086,23.18456078,57.22766113,43.3122406,2.172499895,0.05591366290000001
0.1481853008,0.1433913946,0.1123271942,0.1116886973,0.10720059870000001,0.0309179187,4.004634094,0.028590333722222225,2.003976107,-0.169684902,0.891839206,0.334224612,62.74520111,982.1370239,998.2885742,20.71553993,20.50062943,19.89101982,21.75679016,23.19218063,57.15036011,43.30918884,2.220000029,0.0559138
0.1485499978,0.1434339046,0.1125269055,0.1118162036,0.10722630019999999,0.0308645397,2.4432060239999998,0.02864233227777778,2.004607916,0.206664503,0.892442405,0.334852904,62.74520111,982.1281128,998.288208,20.71563911,20.50077057,19.89101982,21.7555809,23.19980049,57.07305908,43.3061409,2.317500114,0.0559139371
0.1483472943,0.1435946941,0.1128846049,0.111906302,0.10725200180000001,0.0305493504,4.362268066,0.028571777333333333,2.005239964,-0.041771401,0.893045604,0.335481286,62.74520111,982.1190796,998.2877808,20.71573067,20.50090981,19.89101982,21.75436974,23.20742035,56.99575043,43.30308914,2.07249999,0.0559140801
0.1485267997,0.14340159889999998,0.1138859034,0.11193540099999999,0.1072777033,0.029708769899999998,3.616957092,0.02835391575,2.005872011,-0.218561396,0.892871022,0.336109608,62.74520111,982.1102905,998.2874146,20.71582985,20.50105095,19.89101982,21.75316048,23.21503067,56.98846054,43.30002975,2.130000114,0.055914217200000005
0.1483695984,0.1432978034,0.1130813003,0.1119645953,0.1073034048,0.030320268900000003,3.528266907,0.028236026777777777,2.006504059,0.071598433,0.892436981,0.354044288,65.35510254,982.1013794,998.2869263,20.71593094,20.50119019,20.05574036,21.75194931,23.22265053,57.00450134,43.29698181,2.05250001,0.0559143603
0.1482730031,0.14326759579999998,0.1121216059,0.11199369429999999,0.1073290944,0.0312146097,3.704938889,0.028129389027777778,2.007136106,0.262336105,0.892003119,0.356355309,66.22506714,982.0925293,998.286499,20.71603012,20.50134087,20.11064911,21.75074005,23.23027039,57.02054977,43.29393005,2.279999971,0.0559144974
0.1482553959,0.1432374001,0.11396349670000001,0.1120229006,0.10735479590000001,0.029384571300000002,3.581914902,0.02809891594444444,2.007767916,-0.094224297,0.891569197,0.351535499,66.22506714,982.0836182,998.2860718,20.7161293,20.5014801,20.11064911,21.74953079,23.23789024,57.03659058,43.29087067,2.055000067,0.05591464040000001
0.1482377052,0.1436329961,0.11299790139999999,0.11205199960000001,0.1074764967,0.030262029200000002,3.566894913,0.02814130572222222,2.008399963,-0.241211504,0.891135275,0.324924886,66.22506714,982.074707,998.2855835,20.71622086,20.50161934,20.11064911,21.74831963,23.24550056,57.05263138,43.28781891,2.204999924,0.0559147775
0.1486441016,0.14357399939999999,0.11268199679999999,0.1119313955,0.1075281978,0.030897429599999998,2.2229080199999998,0.02821016736111111,2.009032011,-0.179341003,0.890701413,0.344340712,66.22506714,982.0657959,998.2852173,20.71632004,20.50176048,20.11064911,21.74710083,23.25312042,57.01197052,43.28477097,2.349999905,0.055914920599999994
0.1484213948,0.143316102,0.11299190519999999,0.1120213032,0.1075456977,0.030524748600000002,2.889533997,0.028289972944444446,2.00899601,-0.224641204,0.891152918,0.346983492,55.67306137,982.0568848,998.28479,20.71641922,20.50189972,19.8282795,21.74588966,23.26074028,56.95241928,43.28171921,2.377500057,0.055915057700000007
0.1484218001,0.14361560339999999,0.1128905058,0.11219789979999999,0.10756330489999999,0.030367359500000003,3.7364089970000003,0.02837211186111111,2.008738041,-0.242284402,0.891899586,0.314840287,52.15571976,982.0479736,998.2844238,20.71652031,20.50204086,19.73415947,21.7446804,23.2683506,56.89286041,43.27867126,2.207499981,0.0559152007
0.14876229759999998,0.14307789799999998,0.11326010230000001,0.1120049,0.1075809002,0.030340498700000003,3.390221024,0.028448248972222222,2.008479118,0.230029896,0.892646372,0.323653787,52.15571976,982.0391235,998.2838745,20.71661949,20.5021801,19.73415947,21.74346924,23.27597046,56.83330154,43.27561951,2.097500086,0.0559153378
0.1487681985,0.1434324026,0.1129024982,0.11199150090000001,0.10759840009999999,0.0301754802,3.3637550349999996,0.028477749305555557,2.008220911,-0.08874055,0.893393099,0.28691119,52.15571976,982.0593262,998.2835083,20.71670914,20.50231934,19.73415947,21.74225998,23.28359032,56.77375031,43.27256012,2.027499914,0.0559154809
0.1488556027,0.1438796043,0.11328990459999999,0.1120790005,0.1076210022,0.030142489099999996,3.348733902,0.028478416861111112,2.007961988,-0.247201905,0.894139826,0.330524594,67.93406677,982.0891724,998.2830811,20.71681023,20.50246048,19.92239952,21.74105072,23.29121017,56.71419144,43.26950836,2.144999981,0.055915617900000006
0.1490139961,0.1442206025,0.1126700044,0.1121665001,0.1076452971,0.0312459588,2.830167961,0.028458555,2.00770402,-0.247082695,0.894886613,0.339269698,73.19351196,982.1190796,998.2827148,20.71690941,20.50260925,19.98514938,21.73983955,23.2988205,56.65462875,43.26646042,2.234999895,0.055915760999999994
0.1491722941,0.1437381983,0.11255680320000001,0.11221530440000001,0.10766960379999999,0.031705719199999996,3.53756485,0.028427416472222224,2.007446051,-0.246963501,0.89563328,0.325174987,73.19351196,982.1489258,998.2822266,20.7170105,20.5027504,19.98514938,21.73863029,23.30644035,56.59508133,43.26340103,2.257499933,0.05591589810000001
0.14933069940000002,0.1442765951,0.1127634048,0.11225119830000001,0.1076938033,0.0309728414,4.603311157,0.028310860527777777,2.00718689,-0.246844307,0.896380126,0.359035701,73.19351196,982.178772,998.2817993,20.71710968,20.50288963,19.98514938,21.73741913,23.31406021,56.53551865,43.26034927,2.192500114,0.0559160411
0.14968860150000002,0.1448727965,0.1129699945,0.1121647,0.1077180982,0.0312497795,4.400177002,0.028118777805555557,2.006928921,0.01962233,0.897126794,0.328673899,73.19351196,981.9669189,998.2813721,20.71721077,20.50303078,19.98514938,21.73620033,23.32168007,56.53442001,43.25730133,2.25999999,0.0559161782
0.1496950984,0.1449013948,0.1128607988,0.11203739640000002,0.1077424049,0.031958711099999995,4.0983310699999995,0.02800322213888889,2.006669998,0.157787994,0.897873521,0.365055591,55.19797134,981.6743164,998.2808838,20.71730042,20.50317001,20.00868034,21.73498917,23.32929039,56.55279922,43.25424957,2.095000029,0.0559163213
0.14976780409999998,0.14492559430000002,0.1126461983,0.1123528004,0.1077666998,0.032243388899999996,2.9460369109999998,0.02792838838888889,2.006412029,0.01258887,0.897862494,0.323653609,49.19945145,981.3817139,998.2805176,20.7173996,20.50330925,20.01651955,21.73377991,23.33691025,56.57117844,43.25120163,2.075000048,0.0559164584
0.14990890029999998,0.1449973941,0.1134150982,0.112440896,0.1077908993,0.0315584213,3.8830379489999998,0.027887638944444446,2.00615406,-0.169684902,0.897598922,0.331565589,49.19945145,981.0891113,998.2802124,20.71750069,20.50345039,20.01651955,21.73257065,23.34453011,56.58956146,43.24814987,1.992499948,0.0559166014
0.14987479450000002,0.1450692058,0.11326010230000001,0.11240420339999999,0.1078151941,0.0317516714,5.298551941,0.02785716586111111,2.005894899,-0.237158403,0.897335172,0.323141187,49.19945145,981.2548218,998.2797241,20.71759987,20.50358963,20.01651955,21.73135948,23.35214996,56.60794067,43.24509048,2.25999999,0.05591673849999999
0.14978229999999998,0.1448997974,0.1135105014,0.1123674035,0.10783950090000001,0.031558290100000004,5.18768692,0.027849555555555554,2.00563693,-0.076938666,0.8970716,0.299757212,49.19945145,981.5734253,998.2792969,20.71769905,20.50373077,20.01651955,21.73015022,23.35976028,56.62633133,43.24203873,2.112499952,0.0559168816
0.1495916009,0.14464999439999998,0.11355220079999999,0.11249129769999999,0.10786379580000001,0.031286910200000004,4.8937099459999995,0.027838639166666665,2.005378008,-0.183871001,0.896808028,0.340566993,66.56617737,981.8919067,998.2788696,20.7177906,20.50387955,20.15770912,21.72893906,23.36738014,56.64471054,43.23899078,2.352499962,0.0559170187
0.1493680954,0.1444002032,0.11375479699999999,0.112668705,0.1078881025,0.0307640702,4.844356155,0.027823083666666668,2.005120039,-0.244668707,0.896544278,0.325041085,72.35508728,982.2103882,998.2783813,20.71788979,20.50402069,20.20478058,21.7277298,23.375,56.66308975,43.23593903,2.160000086,0.055917161699999995
0.1491446018,0.1439991951,0.1142256975,0.11279820199999999,0.10791230199999999,0.030137509099999998,3.4216911320000003,0.027818111833333336,2.004861116,0.111176498,0.896280706,0.361513913,72.35508728,981.9135132,998.2780151,20.71799088,20.50415993,20.20478058,21.72650909,23.38261032,56.68146896,43.23287964,2.194999933,0.0559172988
0.1489212036,0.14396799799999999,0.1136595011,0.1129117012,0.10803159479999999,0.030339768499999996,3.567605972,0.02779741711111111,2.004602909,0.031305019,0.896017075,0.351209611,72.35508728,981.411377,998.2775879,20.71809006,20.50429916,20.20478058,21.72529984,23.39023018,56.69985962,43.2298317,2.007499933,0.0559174418
0.1486976981,0.1437770009,0.1136237025,0.1128587961,0.10807019470000001,0.030318888999999998,4.044691086,0.027770260705555556,2.004343987,-0.194242403,0.895753384,0.332175791,72.35508728,980.9094238,998.2772217,20.71818924,20.50444031,20.20478058,21.72409058,23.39785004,56.71823883,43.22677994,2.005000114,0.0559175789
0.14864729640000002,0.1434860945,0.11368930340000001,0.11275030370000001,0.1080713987,0.0301315308,3.4803451539999997,0.027764466602777777,2.004086018,-0.109960102,0.895489812,0.344407201,64.07750702,981.0869751,998.2766724,20.71828079,20.50457954,20.11066055,21.72287941,23.40546989,56.73662186,43.22372818,2.157500029,0.055917722
0.14834489820000002,0.1433401942,0.1133852005,0.11279120449999999,0.1080726981,0.030118230000000003,3.8222389219999995,0.027755855983333334,2.003828049,-0.034141868,0.895226181,0.278866112,61.31830978,981.4912109,998.2763062,20.71837997,20.50472069,20.07928085,21.72167015,23.41308022,56.75500107,43.22068024,2.049999952,0.055917870999999994
0.14816570280000002,0.1432425976,0.113498497,0.1128818989,0.10807390210000001,0.0299017698,3.3136829380000004,0.027734993827777776,2.003568888,-0.171115398,0.894962609,0.339357108,61.31830978,981.8953857,998.2758789,20.71847916,20.50485992,20.07928085,21.72046089,23.42070007,56.77338028,43.21762085,1.992499948,0.055918002099999996
0.14823490379999998,0.1432886958,0.1132033944,0.1129726052,0.10807509420000001,0.0300501913,2.7836759570000003,0.027722076838888887,2.003310919,-0.1707578,0.894698977,0.288550287,61.31830978,982.2996216,998.2755127,20.71858025,20.50499916,20.07928085,21.71924973,23.42831993,56.79175949,43.21456909,2.214999914,0.0559181511
0.1483618975,0.1433827996,0.11271469590000001,0.11279120449999999,0.1080762982,0.030633801199999998,3.010411072,0.027712809244444445,2.003051996,-0.220826402,0.894435287,0.321383387,64.15531158,982.7039185,998.2750244,20.71867943,20.5051403,20.00868034,21.71804047,23.43593979,56.81015015,43.21152115,2.230000019,0.0559182823
0.1483337045,0.14347690340000002,0.11332559589999999,0.1127030969,0.10807750229999999,0.030152970600000002,4.058993149,0.027694594066666668,2.002794027,-0.192573398,0.892609894,0.318980485,65.10098267,983.1079712,998.2745972,20.71876907,20.50528908,19.98514938,21.7168293,23.44355011,56.82852936,43.20846939,2.329999924,0.0559184313
0.1485826969,0.1438454032,0.11317659620000001,0.11267620330000001,0.10807869430000001,0.030303189200000004,3.827249908,0.027673399183333332,2.002536058,-0.072408646,0.890263796,0.321958989,65.10098267,982.9595947,998.2741699,20.71887016,20.50543022,19.98514938,21.71562004,23.45116997,56.84690857,43.20541,2.407500029,0.0559185624
0.14873419999999998,0.14392340180000002,0.11304550170000001,0.1124832988,0.10807989840000001,0.030792561200000002,3.838692093,0.02765220853888889,1.999093056,-0.128795505,0.887917817,0.335755587,65.10098267,982.6270142,998.2736816,20.71896935,20.50556946,19.98514938,21.71441078,23.45878983,56.8652916,43.22129059,2.180000067,0.0559187114
0.1488167048,0.1441815019,0.1123481989,0.1126477003,0.10808119769999999,0.0315752804,3.550080872,0.027641446855555557,1.994588971,-0.223449096,0.885571718,0.285831213,65.10098267,982.2943115,998.2733154,20.71907043,20.5057106,19.98514938,21.71319008,23.46640015,56.88367081,43.24348068,2.309999943,0.0559188426
0.1488991976,0.144105196,0.1132779956,0.1125936985,0.10808240179999999,0.030903551,3.079434967,0.027634162902777776,1.990085006,-0.245354101,0.88322562,0.356601804,75.5615921,981.9616699,998.2728882,20.71916962,20.50584984,20.07926941,21.71198082,23.47402,56.90206146,43.26567078,2.117500067,0.0559189916
0.1489817977,0.1442268014,0.1128250003,0.1126685977,0.10808360580000001,0.0312801808,3.635554886,0.027621911366666668,1.98558104,-0.245950207,0.880879521,0.335273713,79.04846191,981.6290283,998.272522,20.71925926,20.50598907,20.11064911,21.71353912,23.48163986,56.92044067,43.28784943,2.367500067,0.055919122700000004
0.1492081046,0.1444630027,0.112795198,0.11248149869999999,0.10802179569999999,0.0314316094,3.9202308649999997,0.027608002555555556,1.981076956,-0.246546194,0.878756583,0.364094108,79.04846191,981.2963867,998.2720947,20.71936035,20.50613022,20.11064911,21.71600914,23.48925972,56.93881989,43.31003952,2.172499895,0.055919271699999995
0.1492270947,0.1445757985,0.11312890049999999,0.1124501944,0.10793910030000001,0.0313339889,4.2224319459999995,0.027584158580555556,1.97657299,-0.2471423,0.87670809,0.356465787,79.04846191,980.9636841,998.2717285,20.71945953,20.50626945,20.11064911,21.7184906,23.49687004,56.9571991,43.33222961,2.017499924,0.0559194028
0.1493721962,0.144846797,0.1126760006,0.11250890490000001,0.10791840550000001,0.0318998992,4.598664093,0.02755700641111111,1.977005959,-0.232628301,0.874659479,0.345636606,79.04846191,980.6311035,998.2711792,20.71956062,20.5064106,20.11064911,21.72097015,23.5044899,56.97558975,43.35440826,2.255000114,0.0559195518
0.1495877028,0.1448043942,0.1130694032,0.11234669690000001,0.10791840550000001,0.0317842901,4.066146088,0.027548561097222223,1.979086041,-0.185540006,0.872610986,0.384391904,63.8163414,980.5106201,998.270813,20.71965981,20.50655937,19.96945953,21.72344971,23.51210976,56.99396896,43.37659836,2.279999971,0.055919683
0.1495578051,0.1448132992,0.1134389043,0.11234580279999999,0.10791840550000001,0.0313677788,3.83583107,0.027546352811111112,1.981165051,-0.225833297,0.870562494,0.344889998,58.73896027,980.4608765,998.2703857,20.71974945,20.50670052,19.92239952,21.72591972,23.51972961,57.01234818,43.39878845,2.319999933,0.055919832
0.1498162031,0.145124197,0.1131767035,0.1124230981,0.10791840550000001,0.0316366702,3.390935898,0.027544144524999998,1.983243942,-0.226429299,0.869921625,0.37215361,58.73896027,980.4111938,998.2700195,20.71985054,20.50683975,19.92239952,21.72839928,23.52733994,57.0307312,43.42097092,2.377500057,0.0559199572
0.15004270079999998,0.1452322006,0.11315879820000001,0.1123813987,0.1078748941,0.0319423497,3.880179977,0.027526702880555556,1.985322952,-0.220230401,0.869750023,0.327927709,58.73896027,980.3615112,998.2694702,20.71994972,20.5069809,19.92239952,21.73088074,23.53495979,57.04911041,43.41838074,2.375,0.055920112099999995
0.1500368953,0.1452455997,0.11302759650000001,0.1124364972,0.10785479549999999,0.0321841389,3.91379509,0.027510147094444444,1.987401962,0.015926789,0.869578302,0.348169297,56.15634918,980.3118286,998.269104,20.72005081,20.50712013,20.03153992,21.73335075,23.54257965,57.06748962,43.40752029,2.144999981,0.055920237299999995
0.1501346946,0.1454738021,0.1126520991,0.11253700259999999,0.1078472018,0.0325893015,4.3093410489999995,0.02747869067777778,1.989480972,-0.161101699,0.869406581,0.354766309,55.29547882,980.262085,998.2686768,20.72014999,20.50725937,20.06792068,21.73583031,23.55019951,57.08588028,43.39665985,2.295000076,0.055920392299999996
0.1502869964,0.1454856038,0.1132063985,0.1124161959,0.10783970359999999,0.0322673202,4.956655884,0.02746743096111111,1.991559982,-0.080038168,0.8709988,0.34579891,55.29547882,980.2122803,998.2681885,20.72023964,20.50740051,20.06792068,21.73830986,23.55290031,57.10425949,43.38581085,2.099999905,0.055920529399999995
0.1503355026,0.14563380480000002,0.1128010988,0.112422204,0.1078322053,0.0326844305,5.315005875,0.027457330491666668,1.993638992,0.171735704,0.873179018,0.353211194,55.29547882,980.1627197,998.2678223,20.72034073,20.50753975,20.06792068,21.74078941,23.55397034,57.1226387,43.37495041,2.077500105,0.0559206724
0.1503492951,0.145490694,0.1126103997,0.1124948978,0.10782469509999999,0.0330233514,4.351536942,0.027444746230555556,1.995718002,-0.00779622,0.875359118,0.32627821,55.29547882,980.1129761,998.267395,20.72043991,20.50768089,20.06792068,21.74325943,23.55503082,57.14102173,43.36408997,2.032500029,0.0559208095
0.1501312017,0.14522479770000002,0.1135818958,0.11256769900000001,0.10781719679999999,0.0319427699,3.959569931,0.027434643638888888,1.997797012,-0.198176295,0.877539217,0.386441201,75.35256958,980.0631714,998.2670288,20.72053909,20.50782967,20.09996986,21.74574089,23.55610085,57.16667175,43.35324097,2.25,0.0559209526
0.1500159979,0.1455376029,0.1130277038,0.1126404047,0.1078096986,0.0322085202,5.206996918,0.027425376044444446,1.999876976,-0.241211593,0.879719377,0.3510167,82.03826904,980.0134888,998.2664795,20.72064018,20.50797081,20.11064911,21.74822044,23.55717087,57.19472885,43.34238052,2.24000001,0.055921089599999994
0.1503651977,0.1455814958,0.1134150982,0.1123468041,0.10780220030000001,0.0321225494,4.1219398499999995,0.027416102091666665,2.001955986,-0.225237295,0.881899476,0.340157002,82.03826904,980.1292725,998.2661133,20.72072983,20.50811005,20.11064911,21.75069046,23.55824089,57.22280121,43.33152008,2.1875,0.055921232700000004
0.15029740330000002,0.1454713941,0.1135969043,0.1123677015,0.1077947021,0.031965970999999996,4.497452926999999,0.02740683237777778,2.004034996,0.070167817,0.884079576,0.351823598,82.03826904,980.300293,998.265686,20.72083092,20.50824928,20.11064911,21.75317001,23.55929947,57.25086975,43.32065964,2.329999924,0.055921369799999995
0.1500455976,0.1453613997,0.1135372996,0.11253429649999999,0.1077872038,0.0318906307,5.285678863999999,0.027406501769444445,2.006114006,0.162675604,0.886259675,0.334902197,82.03826904,980.4713135,998.2653198,20.7209301,20.50839043,20.11064911,21.75564957,23.56036949,57.27893066,43.30981064,2.07249999,0.055921512799999996
0.1500349045,0.14502320289999998,0.11377270219999999,0.1125373006,0.1077795982,0.0315762788,3.519683838,0.027423057555555554,2.008193016,0.294046313,0.888439894,0.345882893,67.12686157,980.6422729,998.2647705,20.72102928,20.50852966,19.96945953,21.75812912,23.56143951,57.30699921,43.2989502,2.157500029,0.0559216499
0.1496366024,0.14493969680000002,0.113587904,0.1127267957,0.1077721,0.0314352691,3.414540863,0.027492930094444444,2.010272026,0.237063393,0.890619993,0.321543008,62.15639114,980.8132935,998.2644043,20.72113037,20.50867081,19.92239952,21.76059914,23.5625,57.33506012,43.28808975,2.231250048,0.055921787
0.14953390360000002,0.1452206969,0.1147323012,0.1127910972,0.10776460169999999,0.0302073807,3.673468018,0.027780693888888888,2.009341002,-0.000166696,0.892800212,0.342386812,62.15639114,980.984314,998.2639771,20.72122002,20.50881004,19.92239952,21.7630806,23.56357002,57.28676987,43.27724075,2.246249914,0.055921930099999996
0.14958169459999998,0.1450142026,0.1144641042,0.11278680560000001,0.1077571034,0.0307565898,3.435997009,0.027957861166666664,2.00740695,0.065757044,0.894980311,0.331874102,62.15639114,981.1552734,998.2636108,20.7213192,20.50896072,19.92239952,21.76556015,23.56464005,57.21302032,43.26638031,2.369999886,0.0559220672
0.1493700981,0.1446169019,0.1137905955,0.1127825022,0.10774960520000001,0.031223619,4.418772888,0.02800522275,2.005472898,-0.080634177,0.897160411,0.304118693,62.15639114,981.3261719,998.2631836,20.72142029,20.50909996,19.92239952,21.76803017,23.56571007,57.13927841,43.25551987,2.349999905,0.0559222102
0.1492357016,0.14440770149999999,0.11319450140000001,0.11277819870000001,0.10774209500000001,0.031422421299999996,3.007551956,0.02800222186111111,2.003539085,-0.220468804,0.89934063,0.341109186,56.31214905,981.4971924,998.2628174,20.72151947,20.5092392,19.99299049,21.77050972,23.56677055,57.06554031,43.24467087,2.352499962,0.055922347299999994
0.1491559029,0.1442610979,0.1138502002,0.1127738953,0.1077345967,0.0305466413,3.570465088,0.02798036152777778,2.001605034,-0.246933699,0.901520729,0.310143113,54.36407089,981.6682129,998.2623291,20.72162056,20.50938034,20.01913071,21.77298927,23.56784058,57.05308914,43.247509,2.442500114,0.055922490400000004
0.14900850059999998,0.14421880250000002,0.11367139820000001,0.1127696037,0.1077898979,0.0305861592,4.671260071,0.027955195111111112,1.999670982,0.035596631,0.903700829,0.330843598,54.36407089,981.8391724,998.2619019,20.72171021,20.50951958,20.02261925,21.77547073,23.5689106,57.06108093,43.25490952,2.462500095,0.0559226274
0.1491075993,0.1442111969,0.11388000250000001,0.11276530030000001,0.10778789520000001,0.0304054707,3.094812965,0.0279404725,1.997735977,-0.127960995,0.905880928,0.331038594,54.36407089,982.0101929,998.2614746,20.72180939,20.50966072,20.0261097,21.77794075,23.56996918,57.06906891,43.26231003,2.204999924,0.055922770499999996
0.1489349008,0.1440106034,0.1139991999,0.1127609968,0.10776000020000001,0.030234208699999997,3.382352829,0.027929193722222224,1.995802045,-0.215700403,0.908061087,0.315341592,56.02083969,981.9592285,998.2609863,20.72191048,20.50979996,20.02959061,21.7804203,23.5710392,57.07704926,43.26971817,2.05250001,0.0559229076
0.1488687038,0.1440201044,0.11290839909999999,0.1127568007,0.10781500340000001,0.0311022311,3.476052094,0.027910832305555557,1.993867993,-0.239542603,0.910241187,0.358970195,56.57310104,981.8341064,998.2606201,20.72200966,20.50993919,20.03307915,21.78289986,23.57210922,57.08504105,43.27711868,2.022500038,0.0559230506
0.1485613942,0.1435953021,0.1141363025,0.1127524972,0.1078976989,0.0298837811,4.865103912,0.027890082472222223,1.991933942,-0.09493953,0.912421286,0.323388189,56.57310104,981.7089844,998.2601929,20.72211075,20.51008034,20.0365696,21.78537941,23.57317924,57.09302902,43.28453064,2.372499943,0.0559231877
0.1485376954,0.1439833999,0.1129680037,0.11274820569999999,0.10791840550000001,0.0306272298,4.934481049,0.02786933263888889,1.99000001,-0.171115398,0.912891328,0.334297895,56.57310104,981.5839844,998.2598267,20.72220039,20.51022911,20.04005051,21.78784943,23.57423973,57.10100937,43.29193115,2.182499886,0.055923330800000004
0.1486436009,0.14359409809999998,0.1134567976,0.1124994993,0.10791840550000001,0.03052665,4.0167938229999995,0.02785322188888889,1.988065004,-0.210931897,0.912791073,0.342091709,56.57310104,981.4589844,998.2592773,20.72229958,20.51037025,20.04353905,21.79033089,23.57530975,57.10900116,43.29933929,1.982499957,0.0559234679
0.1482303977,0.143532002,0.11286070349999999,0.11278049949999999,0.10791840550000001,0.0307334393,3.469614029,0.027838639166666665,1.98842895,0.221923605,0.912690997,0.340015113,65.41677856,981.3339233,998.2589111,20.72240067,20.51050949,20.0470295,21.79281044,23.57637978,57.11698914,43.30673981,2.339999914,0.0559236109
0.14851260189999999,0.1437016964,0.1131348968,0.1127818942,0.1078987956,0.0303725511,3.191371918,0.027818777305555556,1.989557981,-0.092555337,0.912590921,0.352349102,68.3646698,981.2089233,998.2584839,20.72249985,20.51065063,20.05051994,21.79528046,23.57744026,57.12498093,43.31414032,2.132499933,0.055923747999999995
0.1484977961,0.1438714981,0.1135640979,0.11242959500000001,0.10787270069999999,0.030150169100000002,4.619763184,0.02779713947222222,1.990687966,-0.245670095,0.912490785,0.330776513,68.3646698,981.0839233,998.2581177,20.72260094,20.51078987,20.05400085,21.79776001,23.57851028,57.13296127,43.32154846,2.319999933,0.0559238911
0.148833704,0.1441730022,0.1128726959,0.11227740049999999,0.10783959629999999,0.0310057491,3.809365845,0.02777550591388889,1.991816998,-0.246051505,0.91239059,0.346415013,68.3646698,980.9589233,998.2576294,20.72269058,20.51092911,20.0574894,21.80023956,23.57958031,57.14094925,43.32894897,2.089999914,0.055924028199999996
0.1490100026,0.1442152977,0.1134210944,0.11221309900000001,0.1078040957,0.030751970400000002,3.105541992,0.027753870222222223,1.992946982,-0.246433005,0.911501884,0.319461703,68.3646698,980.8338013,998.2572021,20.72278976,20.51107025,20.06097984,21.80271912,23.58065033,57.14894104,43.33636093,2.122499943,0.0559241712
0.1490723968,0.144372499,0.1126700044,0.1122655988,0.1077685952,0.0315452695,3.62339592,0.027732236650000002,1.994076014,-0.246814504,0.910350323,0.34063971,73.02023315,980.7086792,998.2567749,20.72289085,20.51120949,20.06446075,21.80518913,23.58171082,57.15692902,43.34376144,2.282500029,0.0559243083
0.1492323041,0.1446017981,0.11253579849999999,0.11222820280000001,0.107733202,0.0318366498,4.349394989,0.02771060095833333,1.995205045,-0.247195899,0.909198701,0.339272708,74.57208252,980.5836792,998.2562866,20.72299004,20.51135063,20.0679493,21.80767059,23.58278084,57.16490936,43.35116959,2.087500095,0.0559244514
0.14942480330000002,0.1446869016,0.11281009909999999,0.1121479034,0.10769770149999999,0.0317917496,4.038967133,0.02769327163611111,1.99633503,0.008774135,0.90804708,0.322846502,74.57208252,980.4586792,998.2559204,20.72308922,20.51148987,20.07143974,21.81015015,23.58385086,57.17290115,43.3585701,2.167500019,0.055924588399999996
0.1496171951,0.14491430519999998,0.11262819770000002,0.11206749680000001,0.1076622009,0.0320586085,4.040399933,0.027694263458333333,1.997463942,-0.161220998,0.90735358,0.324216813,74.57208252,980.6619263,998.2556152,20.72318077,20.5116291,20.07492065,21.81262016,23.58492088,57.18088913,43.36597061,2.11500001,0.055924731500000005
0.1498096943,0.144995296,0.1130813003,0.1119871974,0.1076267004,0.031833058600000005,3.9145099639999996,0.027672076755555556,1.998592973,-0.232390001,0.906812906,0.290835798,74.57208252,980.9746094,998.255127,20.72327995,20.51177979,20.07840919,21.81509972,23.58597946,57.18886948,43.37337875,2.214999914,0.0559248686
0.1500967979,0.145302701,0.113152802,0.1119747043,0.10759119989999999,0.0319102585,4.616184998,0.027654861875,1.999722958,0.028324749,0.906272173,0.310642987,76.53040314,981.2871704,998.2546997,20.72337914,20.51192093,20.00868034,21.81757927,23.58704948,57.19686127,43.37292862,2.432499886,0.0559250116
0.1501356006,0.1453552961,0.11317069529999998,0.1119848967,0.10755579470000001,0.0321546286,5.449472046,0.027642498016666666,2.000381947,-0.1152054,0.90573138,0.291000605,77.1831665,981.5999146,998.2542725,20.72348022,20.51206017,19.98514938,21.82006073,23.58811951,57.20484924,43.3698616,2.30250001,0.0559251487
0.1500810981,0.1449743986,0.1135820031,0.11199510100000001,0.1075469017,0.0317733586,3.771453857,0.027630134158333333,2.00088501,-0.190427601,0.905190706,0.33703199,77.1831665,981.9125977,998.2537842,20.72357941,20.5121994,19.98514938,21.82253075,23.58917999,57.21282959,43.36679077,2.172499895,0.0559252918
0.14977910519999998,0.1448256969,0.1134269953,0.1122501016,0.1075469017,0.0315551698,3.91379509,0.02760915756111111,2.001386881,-0.1700425,0.904649973,0.330689698,77.1831665,982.2252197,998.253418,20.72366905,20.51234055,19.98514938,21.8250103,23.59025002,57.22082138,43.36371994,2.037499905,0.0559254289
0.1493945003,0.1446519971,0.1133674026,0.1123144031,0.1075469017,0.0314608604,5.812826157,0.02760419421666667,2.001889944,-0.203421697,0.904109299,0.330483705,54.06261063,981.77771,998.2529907,20.72377014,20.51247978,20.10280037,21.82748985,23.59132004,57.22880936,43.36064911,2.299999952,0.055925571900000005
0.14936369659999998,0.144432497,0.1136296988,0.1122879028,0.1075469017,0.0309572905,5.107574844,0.027617439694444443,2.002392054,0.256733209,0.903568625,0.357647091,46.35575867,981.0767822,998.2526245,20.72386932,20.51262093,20.14201927,21.82995987,23.59238052,57.23680115,43.35757828,2.265000105,0.055925709000000004
0.14898719789999998,0.1442178965,0.11319450140000001,0.1124467015,0.1075469017,0.031216290600000002,5.393682861,0.027593928444444443,2.002895117,0.285105407,0.903027773,0.29708299,46.35575867,980.3759155,998.2520752,20.72397041,20.51276016,20.14201927,21.83243942,23.59345055,57.24478912,43.35451126,2.30250001,0.05592585209999999
0.1488209009,0.1440049052,0.1133792996,0.11244180200000001,0.1075469017,0.0309019893,4.143397903,0.02756578021666667,2.003396988,0.578841627,0.902487099,0.3493357,46.35575867,980.2401123,998.251709,20.7240696,20.51291084,20.14201927,21.83492088,23.59452057,57.26554871,43.35144043,2.045000076,0.0559260011
0.1487761974,0.1439185023,0.1140885949,0.11236159800000001,0.1075469017,0.029937461,3.060482979,0.027547567155555557,2.003900051,-0.0108957,0.902472079,0.319715291,46.35575867,980.2924805,998.2512817,20.72415924,20.51305008,20.14201927,21.8373909,23.59559059,57.29058075,43.3483696,2.10374999,0.0559261322
0.1487315059,0.14387420420000002,0.1139366031,0.11228140589999999,0.10762259960000001,0.030015629500000002,3.5296981809999997,0.027531672583333333,2.004401922,-0.137617096,0.902632177,0.362355888,65.13564301,980.3449707,998.2509155,20.72426033,20.51318932,19.95376968,21.83987045,23.59664917,57.31560898,43.34529877,2.308749914,0.055926281200000004
0.1486868024,0.1438300014,0.1134716988,0.1122012019,0.1076393962,0.0304812789,3.96171608,0.027525711058333333,2.004904985,-0.180175498,0.902792513,0.318014085,71.39559937,980.397522,998.2504272,20.72435951,20.51333046,19.89101982,21.84235001,23.59771919,57.34062958,43.34223175,2.082499981,0.05592641229999999
0.1486420989,0.1436542988,0.11333760020000001,0.11235860589999999,0.1076282024,0.0305506587,3.3472999569999997,0.02751511467777778,2.005408049,-0.193765506,0.902952671,0.294364095,71.39559937,980.4498901,998.25,20.7244606,20.5134697,19.89101982,21.84482956,23.59878922,57.36566162,43.33916092,1.99000001,0.0559265614
0.14844319820000001,0.14343489410000002,0.1133137941,0.112383604,0.1076169968,0.030298841,3.6405620570000004,0.027501869202777775,2.00590992,-0.177075997,0.903112829,0.338552505,71.39559937,980.8701782,998.2495728,20.72455978,20.51361084,19.89101982,21.84729958,23.59985924,57.39068985,43.33609009,2.192500114,0.0559266925
0.1481928945,0.1433573008,0.1134330034,0.1123381972,0.107605803,0.0299839914,4.7692558290000004,0.027496573130555556,2.006412983,-0.207236394,0.902714014,0.369327098,71.39559937,981.4133301,998.2490845,20.72466087,20.51375008,19.89101982,21.84977913,23.60091972,57.41571045,43.33301926,2.282500029,0.055926841500000005
0.1482005,0.143327105,0.1133674026,0.11229280230000001,0.10759450200000001,0.0299788296,4.686286163,0.02748895645277778,2.006915092,-0.144292906,0.902128816,0.413127214,64.90454102,980.8057251,998.2487183,20.72475052,20.51388931,20.03450012,21.85226059,23.60198975,57.44073868,43.32994843,2.109999895,0.0559269726
0.1482939959,0.1432968974,0.11277730459999999,0.1122473955,0.1075832963,0.0306093812,3.852999878,0.027467763688888886,2.007417917,-0.073004693,0.901543617,0.394880205,62.74085999,979.8145142,998.248291,20.7248497,20.51403046,20.0823307,21.85473061,23.60305977,57.46577072,43.32688904,2.147500038,0.0559271216
0.1482031941,0.1432314992,0.11253889800000001,0.1122020006,0.1075721025,0.0307790399,2.710001945,0.027475378247222224,2.007920027,-0.197699502,0.9009583,0.39588809,62.74085999,978.8234253,998.2479248,20.72495079,20.51417923,20.0823307,21.85721016,23.60412025,57.49079895,43.32381058,2.157500029,0.0559272587
0.1482036948,0.143425405,0.11258360149999999,0.1123250008,0.1075608969,0.030585411200000003,3.4152549739999998,0.027463128830555555,2.007276058,-0.244787902,0.900373101,0.378351092,62.74085999,977.8322144,998.2474976,20.72504997,20.51432037,20.0823307,21.85968971,23.60519028,57.51581955,43.32073975,2.345000029,0.0559274018
0.1485219002,0.1437095046,0.11266700030000001,0.11205689910000001,0.1075497031,0.0306953311,4.090467072,0.027447564866666666,2.006248951,-0.020671019,0.899787903,0.37472859,62.74085999,977.7863159,998.2470703,20.72514915,20.51445961,20.0823307,21.86216927,23.6062603,57.54085159,43.31768036,2.132499933,0.0559275389
0.1485185981,0.14376310109999998,0.1122230053,0.11195149419999999,0.1074370027,0.0314724505,4.3021839139999996,0.027434317272222224,2.005223036,0.145628497,0.899202704,0.379377514,44.47969818,978.0554199,998.246582,20.72524071,20.51460075,20.10357094,21.86463928,23.60733032,57.56587982,43.31460953,2.182499886,0.055927681900000005
0.14854780439999998,0.1434743047,0.1132840037,0.11195009950000001,0.1074004054,0.0304791301,2.665653038,0.027435972425,2.004195929,0.128223702,0.898617387,0.343182802,38.3926506,978.324585,998.2462158,20.72533989,20.51473999,20.11064911,21.86712074,23.60839081,57.59090042,43.31510162,2.372499943,0.055927819000000004
0.1483314991,0.1436504006,0.11277730459999999,0.11210860010000001,0.1073804975,0.030696991099999998,3.523257065,0.02742272695,2.003170013,-0.150968701,0.898032188,0.362062007,38.3926506,978.593811,998.2457886,20.72543907,20.51487923,20.11064911,21.8696003,23.60256958,57.61592865,43.31678009,2.412499905,0.05592796209999999
0.14869459869999999,0.1440111041,0.1129382014,0.11195969580000001,0.1073539019,0.030757358699999997,3.127717018,0.02744259728333333,2.002142906,-0.239423394,0.89744699,0.323347598,38.3926506,978.862915,998.2454224,20.72554016,20.51502037,20.11064911,21.87207031,23.59444046,57.64096069,43.31847,2.380000114,0.055928099200000005
0.1487588048,0.1440870047,0.1126461983,0.1118734956,0.10732729430000001,0.0313799202,4.08331604,0.02755419201388889,2.001116037,-0.183871001,0.896861911,0.354754388,42.07098007,979.132019,998.244873,20.72563934,20.51515961,19.99299049,21.87454987,23.58632088,57.66598892,43.32014847,2.362499952,0.0559282422
0.1488736033,0.14425050020000002,0.11233630180000001,0.11184829469999999,0.1073006988,0.0317508012,4.146255112,0.027668103111111113,2.000089884,-0.2153427,0.895316482,0.354135513,43.29708862,979.4011841,998.2445068,20.7257309,20.51530075,19.95376968,21.87702942,23.57819939,57.67269135,43.32183075,2.13499999,0.0559283793
0.1490636945,0.1443475008,0.1125239968,0.1118232012,0.1072741985,0.031649211,4.526779175,0.02771645016111111,1.999063015,-0.243476495,0.893451095,0.352090895,43.29708862,979.6702881,998.2440796,20.72583008,20.51544952,19.95376968,21.87951088,23.57007027,57.67327881,43.32352066,2.367500067,0.055928522300000005
0.1491711974,0.1444022059,0.1128458023,0.1117980003,0.10724760289999999,0.031448510299999996,3.7871921540000004,0.027728703816666665,1.998036981,-0.240138605,0.891585588,0.356720388,43.29708862,979.9395142,998.2437134,20.72592926,20.51559067,19.95376968,21.8819809,23.56195068,57.67387009,43.32519913,2.440000057,0.055928659400000004
0.14925119879999998,0.1444568038,0.1127743006,0.1117727995,0.1072209954,0.031569790800000004,3.491791153,0.02771446016111111,1.997009993,-0.245622396,0.889720321,0.318381906,43.29708862,980.010498,998.2432251,20.72603035,20.5157299,19.95376968,21.88446045,23.55382919,57.67446899,43.32688904,2.400000095,0.0559288025
0.1493312001,0.14451060300000002,0.1125717044,0.11174759860000001,0.1071943998,0.0317983896,3.725680923,0.027702210744444445,1.995983005,-0.240377098,0.887854874,0.350803614,66.07566833,980.0153809,998.2427979,20.72612953,20.51586914,20.07143021,21.88694,23.54570007,57.67506027,43.32857132,2.457499981,0.055928939600000005
0.1494112015,0.1445641041,0.1124315977,0.1117223978,0.10716780420000001,0.0320269793,4.1441108700000004,0.027680021922222225,1.99495697,0.135614693,0.886839807,0.332541496,73.66853333,980.0203857,998.2423706,20.72621918,20.51601028,20.11064911,21.88941956,23.53758049,57.67565155,43.33024979,2.457499981,0.0559290826
0.1493734956,0.1446176052,0.1123124003,0.11169730419999999,0.10714130399999999,0.032255581,4.626916122,0.02766777038611111,1.993929982,-0.118304901,0.88610822,0.361931086,73.66853333,980.0253296,998.2418823,20.72632027,20.51614952,20.11064911,21.89188957,23.52946091,57.67623901,43.3319397,2.112499952,0.0559292197
0.1492966056,0.1446710944,0.11305149789999999,0.1116721034,0.10711469650000001,0.0316167295,5.320726013,0.027660266027777776,1.992902994,-0.175764605,0.885376573,0.368632495,73.66853333,980.0302734,998.2415161,20.72641945,20.51629066,20.11064911,21.89436913,23.52133942,57.67683029,43.33361816,2.082499981,0.05592936280000001
0.14953210349999999,0.1446051002,0.1128249049,0.11164690260000001,0.10708810090000001,0.0318615496,3.9660091399999997,0.027652757433333335,1.99187696,0.640354574,0.884644926,0.3321428,73.66853333,980.0352173,998.2410889,20.72652054,20.5164299,20.11064911,21.89685059,23.5132103,57.6774292,43.33530045,2.027499914,0.0559294999
0.1492812037,0.1444991946,0.11255680320000001,0.11170070169999999,0.1070615053,0.0319868386,3.648431015,0.02762406031388889,1.990849972,0.678025186,0.883913279,0.345497191,56.32102966,980.0402222,998.2407227,20.72661972,20.51656914,20.13418007,21.8993206,23.50509071,57.67802048,43.33699036,2.13499999,0.0559296429
0.1491742015,0.144422102,0.11327199939999999,0.11178090570000002,0.1070348978,0.0312066287,3.735694885,0.0276091618,1.989824057,0.225499898,0.883181572,0.353708208,50.53852844,980.045105,998.2401733,20.72670937,20.51671982,20.13658905,21.90180016,23.49696922,57.69272995,43.33866882,2.285000086,0.05592978
0.14918069839999998,0.1443546057,0.1127892017,0.11172750000000001,0.1070083976,0.0316644013,3.217124176,0.02759028540833333,1.989949942,0.133826599,0.882449985,0.353651494,50.53852844,980.0499878,998.2398071,20.72681046,20.51685905,20.12935066,21.85055923,23.4888401,57.71215057,43.3403511,2.079999924,0.055929917100000004
0.1491873026,0.1442870975,0.1133674026,0.11162960529999999,0.106981802,0.031060850600000002,2.786536026,0.027579686905555557,1.990460992,-0.148822993,0.882801414,0.353594691,50.53852844,980.0549927,998.2393799,20.72690964,20.5170002,20.12211037,21.8324604,23.48072052,57.73155975,43.34204102,2.089999914,0.0559300601
0.1490566969,0.1443094015,0.11321250199999999,0.1118145943,0.10695519449999999,0.031095731300000002,5.7720619200000005,0.02756064520833333,1.990970969,-0.246814504,0.883513808,0.325022608,50.53852844,980.1290894,998.2390137,20.72701073,20.51713943,20.11487007,21.83135986,23.47260094,57.75098038,43.34371948,2.089999914,0.0559301972
0.14921720030000002,0.1443616033,0.11224679950000001,0.1118111968,0.10692859889999999,0.0320745796,5.306420135,0.02753746668611111,1.991482019,-0.234297305,0.884226322,0.338303208,44.59727097,980.2263184,998.2385864,20.72710991,20.51728058,20.10762978,21.83027077,23.46446991,57.77038956,43.34540176,2.267499924,0.055930340300000006
0.14898420569999998,0.1439851046,0.1123839021,0.11171360020000001,0.10690200329999999,0.0319181412,3.983892059,0.027528690761111113,1.99199295,-0.145723507,0.884938717,0.342173189,42.61685944,980.3234863,998.2382202,20.72719955,20.51741982,20.10038948,21.82917023,23.45635033,57.78981018,43.34708023,2.127500057,0.0559304774
0.1485826015,0.1437589049,0.1126461983,0.11200100180000001,0.10692780019999999,0.0313212395,4.448815917999999,0.027518761952777776,1.992503047,-0.204494506,0.885651112,0.337199897,42.61685944,980.4207153,998.2376709,20.72730064,20.51755905,20.09314919,21.82806969,23.44823074,57.80921936,43.34877014,2.172499895,0.0559306204
0.1485898972,0.1436305046,0.11304550170000001,0.11188839669999999,0.1069708943,0.0307243288,4.573273087,0.027506838905555556,1.993013978,-0.238290906,0.886363387,0.355955005,42.61685944,980.5178833,998.2373047,20.72739983,20.5177002,20.0859108,21.82696915,23.44009972,57.82863998,43.35044861,2.142499924,0.0559307575
0.1484048009,0.143501997,0.11295909879999999,0.1118409991,0.1069242954,0.0306934088,5.380093002000001,0.02750584496388889,1.993525028,-0.244728297,0.887075782,0.330659211,65.57071686,980.6151733,998.2368774,20.72750092,20.51783943,20.0786705,21.82588005,23.43198013,57.84804916,43.35213089,2.345000029,0.0559309006
0.1483530045,0.1433735967,0.11268490550000002,0.1118739009,0.10684770349999999,0.0308511406,4.729203033,0.027488625844444444,1.994035006,0.088764779,0.887788296,0.357098192,73.22200775,980.7122803,998.2365112,20.7276001,20.51798058,20.07143021,21.82477951,23.42386055,57.86746979,43.3538208,2.457499981,0.0559310377
0.1479858994,0.14324519630000002,0.11299190519999999,0.1119070053,0.106834805,0.030367580100000003,4.282875061,0.027480678558333332,1.994546056,0.069214158,0.88850069,0.350022286,73.22200775,980.8095703,998.2360229,20.72768974,20.51812935,20.06418991,21.82368088,23.41572952,57.88687897,43.35549927,2.275000095,0.055931180700000006
0.1478876948,0.14327490329999998,0.11311709880000001,0.11194000239999999,0.106843102,0.030120340000000002,3.652006912,0.027460147011111113,1.995056987,-0.170876995,0.889213085,0.324102104,73.22200775,980.9067993,998.2355957,20.72779083,20.51827049,20.05694962,21.82258987,23.40760994,57.90629959,43.35718918,2.337500095,0.055931317800000005
0.1481142998,0.14335720540000002,0.11190110449999999,0.11191300150000001,0.10685139889999999,0.0313098013,3.3451580049999996,0.027468424902777774,1.995566964,0.459272891,0.891103506,0.3197245,73.22200775,981.0040283,998.2352295,20.72789001,20.51840973,20.04970932,21.82148933,23.39949036,57.92570877,43.35887146,2.410000086,0.055931460899999993
0.1480497003,0.143256402,0.1124434948,0.11186610459999999,0.10685960050000001,0.030892381099999998,4.42378006,0.02752604378611111,1.996078014,0.028801581,0.893386722,0.30604881,56.22694016,981.1011963,998.2346802,20.7279892,20.51855087,19.95376968,21.8203907,23.39135933,57.94512939,43.36054993,2.217499971,0.0559315979
0.1481289029,0.14345190530000002,0.11254479889999999,0.11181919570000001,0.1068678975,0.0307133406,4.366559982,0.027676713730555556,1.996588945,-0.008869123,0.895669818,0.314195603,50.56192017,981.1085205,998.234314,20.72809029,20.51869011,19.92239952,21.8192997,23.38323975,57.96455002,43.36223984,2.05250001,0.055931741
0.1482954025,0.1437664032,0.1125627041,0.1116050959,0.1068655014,0.0308399588,3.7171001429999997,0.02781647152777778,1.997099042,-0.172069103,0.897952914,0.294493496,50.56192017,981.0858154,998.2338867,20.72817993,20.51882935,19.92239952,21.81819916,23.37512016,57.91648865,43.3639183,1.997499943,0.0559318781
0.14846190210000001,0.1436594009,0.1130216002,0.11160000560000001,0.10685950520000001,0.0307281405,3.724251175,0.027929721416666668,1.997609973,-0.245026305,0.900236011,0.334288895,50.56192017,981.0631104,998.2335205,20.72827911,20.51897049,19.92239952,21.81710052,23.36698914,57.84593964,43.36560059,1.967499971,0.05593202109999999
0.14862849709999998,0.1438887,0.11227060559999999,0.11168320179999999,0.10685349699999999,0.031388840099999996,3.070496941,0.02801049975,1.998121023,-0.242642105,0.901673675,0.335501999,50.56192017,981.0404053,998.2329712,20.7283802,20.51910973,19.92239952,21.81600952,23.35886955,57.77539063,43.3672905,2.08375001,0.055932158200000005
0.1486557007,0.1437942982,0.11225869660000001,0.11176639799999999,0.10684750080000001,0.031576469499999996,3.699927902,0.028082027444444442,1.998631001,-0.240257904,0.902829587,0.342377901,54.76705933,981.0178223,998.232605,20.72847939,20.51925087,20.01652908,21.81491089,23.35074997,57.70484924,43.36896896,2.248749971,0.0559323013
0.1486364007,0.1439327955,0.11233619450000001,0.1117501974,0.1068415046,0.03151173,3.802212906,0.02814661025,1.999142051,-0.026154719,0.9039855,0.33235231,56.16876984,980.9951172,998.2321777,20.72858047,20.51939964,20.04789925,21.81381035,23.34262085,57.63430023,43.37065125,2.095000029,0.05593243839999999
0.1487390995,0.1442026973,0.1123124003,0.1117007971,0.10683549640000001,0.0316100389,3.347304916,0.028219778277777777,1.999652982,-0.159909606,0.905141413,0.313748211,56.16876984,980.9677124,998.2318115,20.72867012,20.51954079,20.04789925,21.81271935,23.33449936,57.56375122,43.37234116,2.180000067,0.0559325814
0.148882401,0.1441895962,0.1135938048,0.11162300110000001,0.1068295002,0.030597451300000002,3.8043579100000002,0.028296610527777776,2.000163078,-0.056911211,0.906297326,0.340560704,56.16876984,980.9387207,998.2313232,20.7287693,20.51968002,20.04789925,21.81162071,23.32637978,57.49319839,43.37401962,2.154999971,0.0559327185
0.1491490006,0.1445176005,0.1123600006,0.1115357041,0.106823504,0.0318296403,4.026089096,0.028361528194444444,2.000674009,0.01020466,0.906700015,0.321771592,69.06868744,980.9096069,998.2310181,20.72887039,20.51981926,20.00083923,21.81052017,23.31825066,57.42264938,43.3757019,2.227499962,0.055932861599999995
0.1493229985,0.1444215059,0.11286070349999999,0.11144839529999999,0.1068174958,0.031656909,4.343674088,0.02844033347222222,2.001183987,-0.152399302,0.90685159,0.342077911,73.36865997,980.8806152,998.2305298,20.72896957,20.5199604,19.99080086,21.80942917,23.31012917,57.35211182,43.37739182,2.214999914,0.0559329987
0.1494524956,0.1445737004,0.1124614,0.1116590023,0.1068114996,0.0319601297,3.8608680730000002,0.028517165722222224,2.001694918,0.511129677,0.907003224,0.343509793,73.36865997,980.8516235,998.2301025,20.72907066,20.52009964,19.99832916,21.80833054,23.30200958,57.28155899,43.37907028,2.244999886,0.0559331417
0.14943399429999998,0.1446197033,0.1130694032,0.1115170956,0.10680550339999999,0.031504339,4.671981049,0.02855755488888889,2.002206087,0.35234049,0.907154918,0.349334687,73.36865997,980.8225708,998.2296753,20.72916031,20.52024078,20.00585938,21.80723,23.29388046,57.21100998,43.38074875,2.192500114,0.0559332788
0.1493662,0.144581604,0.1134806991,0.1116376996,0.10688290600000001,0.031172511000000003,5.076105881,0.028596611027777778,2.002717018,0.168397799,0.907306492,0.344538093,73.36865997,980.7935791,998.229187,20.72925949,20.52038002,20.01339912,21.8061409,23.28576088,57.14046097,43.38243103,2.012500048,0.0559334219
0.1495555043,0.14472440479999998,0.1124851942,0.11173150540000001,0.10691590310000001,0.032107529,3.8758850099999997,0.028489028083333333,2.003042936,0.485022485,0.907458127,0.334281206,56.86462021,980.7645874,998.2288208,20.72936058,20.52051926,20.02092934,21.80504036,23.27763939,57.06991959,43.38412094,2.25999999,0.0559335589
0.1493623972,0.1444977045,0.11269379850000001,0.1117704034,0.10692490340000001,0.0320306093,4.032529831,0.028259860138888888,2.003309011,-0.01459124,0.90760982,0.3240242,51.36326981,980.7357178,998.2283936,20.72945976,20.52066994,20.02845955,21.80393982,23.26951027,57.06370163,43.38134003,2.262500048,0.055933701999999995
0.149228406,0.14447920320000002,0.11391580100000001,0.11180939670000001,0.1069337964,0.030581951099999997,4.600452042,0.02815088908333333,2.003573895,0.092579544,0.907761395,0.297224909,51.36326981,980.7067261,998.2280273,20.72956085,20.52080917,20.03598976,21.80285072,23.26139069,57.0789299,43.37707138,2.319999933,0.055933851
0.1495736003,0.1448500037,0.1128309011,0.11168899539999999,0.10694270130000001,0.0316482693,3.705651855,0.02814063813888889,2.00383997,0.138595,0.907913029,0.31117779,51.36326981,980.9464722,998.227478,20.7296505,20.52095032,20.04352951,21.80175018,23.2532692,57.09415817,43.37281036,2.140000105,0.0559339881
0.1495610952,0.1447541952,0.1130336046,0.11151560540000001,0.1069517016,0.0318163812,5.075387955,0.028189000027777775,2.004105091,-0.145246595,0.908064723,0.340552896,51.36326981,981.2758789,998.2271118,20.72974968,20.52108955,20.05105972,21.80064964,23.24514008,57.10939026,43.36854172,2.099999905,0.05593413109999999
0.1497503042,0.14496190550000002,0.1135820031,0.11169979569999999,0.1069605947,0.0311722308,4.372994995,0.028237334361111113,2.004370928,0.208214298,0.906772196,0.341812104,76.8955307,981.6052856,998.2266846,20.72985077,20.5212307,19.93149948,21.7995491,23.23702049,57.05699158,43.36426926,2.08375001,0.055934268200000005
0.1496942043,0.14509350059999998,0.1136535048,0.11176869869999999,0.106969595,0.0312672406,6.045288086,0.028311333138888888,2.004636049,-0.031161601,0.904998302,0.3602795,85.40628052,981.2855225,998.2263184,20.72994995,20.52136993,19.89101982,21.79846001,23.22890091,56.98205185,43.36000061,2.048749924,0.0559344113
0.1498466015,0.1451452971,0.1134449005,0.11175949570000002,0.1069784999,0.0316308111,4.495307159,0.02839544508333333,2.004901886,0.244454503,0.903224409,0.364425987,85.40628052,980.7492065,998.2258301,20.73004913,20.52150917,19.89101982,21.79735947,23.22077942,56.90710068,43.35573959,2.325000048,0.05593454839999999
0.1499043941,0.14496190550000002,0.11336150169999999,0.1117503047,0.1069875002,0.0317880303,3.041885948,0.028476083555555556,2.005167007,0.053478278,0.901450574,0.360845387,85.40628052,980.2128906,998.2254028,20.73014069,20.52165031,19.89101982,21.79626083,23.2126503,56.83216095,43.35147095,2.292500019,0.0559346914
0.1498937964,0.1448197007,0.11308720109999999,0.1117974997,0.10710120199999999,0.0318764687,3.440290833,0.028545638194444445,2.005433083,-0.199249193,0.899676681,0.383053094,85.40628052,979.6765747,998.2249756,20.73023987,20.52179909,19.89101982,21.79516983,23.21431923,56.75722122,43.34719849,2.025000095,0.0559348285
0.1496387005,0.1447173953,0.1137845993,0.1118635058,0.1071627021,0.0310350507,4.692007065,0.028601917694444444,2.005697966,-0.244430304,0.897902787,0.342803389,78.83647156,979.1403809,998.2244873,20.73033905,20.52194023,20.00868034,21.79406929,23.21924973,56.68227005,43.34292984,2.017499924,0.05593497160000001
0.14967600109999998,0.1446710944,0.1148336053,0.11189039949999999,0.10719499589999999,0.0298836708,4.197755051,0.02863005533333333,2.005964041,0.176027298,0.896129012,0.37501061,76.64653778,979.1409302,998.2241211,20.73044014,20.52207947,20.04789925,21.79297066,23.22418022,56.60733032,43.33866882,2.234999895,0.0559351087
0.1495354056,0.1446434975,0.1143628001,0.1119042039,0.10722739699999999,0.030382320299999998,4.314347839,0.02850091722222222,2.006228924,0.148489505,0.895047486,0.343288511,76.64653778,979.3203735,998.2236938,20.73053932,20.52222061,20.04789925,21.79187965,23.22911072,56.53239059,43.33440018,2.359999895,0.0559352517
0.1492941976,0.1443356991,0.11461910010000001,0.11208659409999999,0.107259798,0.0300491005,4.418777846999999,0.028289332916666667,2.006494999,0.08161211,0.894196808,0.343772501,76.64653778,979.4998779,998.2233276,20.73063087,20.52235985,20.04789925,21.79077911,23.23403931,56.52742004,43.33013153,2.349999905,0.0559353888
0.1490528941,0.1442991018,0.1135879993,0.1123252988,0.10729210380000001,0.0307477802,4.096186829,0.02815622116666667,2.006759882,-0.05726881,0.893346071,0.365655899,55.17927933,979.6793823,998.2229004,20.73073006,20.52249908,20.04104042,21.78968048,23.2389698,56.54579163,43.32587051,2.355000019,0.0559355319
0.14881160259999998,0.1441089988,0.11383229489999999,0.11238650080000001,0.107317996,0.0304667711,5.240613937,0.028074749833333332,2.007025957,-0.138451606,0.892495394,0.33367461,48.02352142,979.8588867,998.2224731,20.73082924,20.52264023,20.03189087,21.78858948,23.2439003,56.56415939,43.32160187,2.127500057,0.0559356689
0.14875619410000002,0.14382719989999998,0.1132959008,0.1123885036,0.1073416948,0.0307757407,4.770687866,0.027992638472222223,2.007291079,0.228956997,0.891644716,0.361645311,48.02352142,980.0385132,998.2219849,20.73093033,20.52277946,20.02272987,21.78749084,23.2488308,56.58253098,43.31732941,2.244999886,0.055935811999999994
0.1484428048,0.1435454011,0.11361780169999999,0.1123904943,0.10736550090000001,0.030228421100000003,3.6899169919999997,0.02793666627777778,2.007556915,-0.096608467,0.890793979,0.378254592,48.02352142,980.2180176,998.2216187,20.73102951,20.52292061,20.01358032,21.7863903,23.25375938,56.60089111,43.31306076,2.130000114,0.05593594910000001
0.1484287024,0.1434767008,0.11389789580000001,0.11239249710000002,0.10738919970000001,0.029658040400000002,3.2629039759999996,0.02791513866666667,2.007822037,-0.228694394,0.889943421,0.382420391,48.02352142,980.0073853,998.2211914,20.73111916,20.52305984,20.00443077,21.7852993,23.25868988,56.61925888,43.30879974,2.122499943,0.0559360921
0.1485497952,0.1437361956,0.1131767035,0.11221560239999999,0.10741300579999999,0.0303000003,3.2743480679999997,0.027895194166666665,2.008088112,-0.241092294,0.889092684,0.370005488,68.57039642,979.666687,998.2208252,20.73122025,20.52319908,19.99527931,21.78420067,23.26362038,56.63763046,43.3045311,2.102499962,0.0559362292
0.1485602975,0.1437577009,0.1133911967,0.1121247053,0.10743670460000002,0.030344981,4.493875122,0.027872998972222222,2.008352995,-0.185063094,0.888242006,0.352063805,75.4193573,979.3259888,998.2202759,20.73131943,20.52334976,19.98612976,21.78310013,23.26855087,56.6559906,43.30025864,2.05250001,0.0559363723
0.1485339999,0.143671,0.11340320109999999,0.1120821953,0.1074604988,0.0303296,4.6698341370000005,0.027850805916666665,2.00861907,0.01413862,0.887391329,0.351086408,75.4193573,979.3082275,998.2199097,20.73142052,20.52349091,19.97698021,21.78200912,23.27347946,56.67435837,43.29598999,2.325000048,0.0559365094
0.1485075951,0.14358450169999998,0.1136237025,0.11214720010000001,0.10748419760000001,0.030106350799999997,3.5912109379999997,0.027828638277777776,2.008883953,0.548919618,0.886540711,0.355763793,75.4193573,979.3980103,998.2194824,20.7315197,20.52363014,19.96783066,21.78091049,23.27840996,56.69272995,43.29172897,2.180000067,0.055936652399999995
0.1486413956,0.1437070012,0.1132123947,0.11224809890000001,0.1075078964,0.0303944498,3.013989067,0.027803221805555556,2.009150028,0.000667755,0.885689914,0.360441089,75.4193573,979.487793,998.2191162,20.73162079,20.52376938,19.9586792,21.77980995,23.28334045,56.71109009,43.28746033,2.025000095,0.05593678949999999
0.1485396981,0.14366639850000001,0.11318860049999999,0.1123489022,0.10753170249999999,0.0305628985,3.903067017,0.027802528805555553,2.009414911,0.120951802,0.884839177,0.355490386,54.84305954,979.5775757,998.2186279,20.73171043,20.52391052,19.94952965,21.77872086,23.28827095,56.72946167,43.28319168,2.292500019,0.0559369326
0.1485285044,0.1438740969,0.11305739880000001,0.11244980099999999,0.1075554013,0.0306237698,4.01822319,0.027782666944444444,2.009680986,-0.123073399,0.883988619,0.347330302,47.98429108,979.6674194,998.2182007,20.73180962,20.52404976,19.9403801,21.77926064,23.29319954,56.74782944,43.27891922,2.450000048,0.055937069699999994
0.1485795975,0.14391779899999999,0.1137310028,0.1123522997,0.10757919549999999,0.0301431,4.903723907,0.027782361777777775,2.006767988,-0.239482999,0.883137882,0.339170188,47.98429108,979.7570801,998.2177734,20.73191071,20.5241909,19.93123055,21.78035927,23.29813004,56.76620102,43.2746582,2.387500048,0.0559372127
0.1489004016,0.1440616012,0.1134925961,0.1121886969,0.1076028943,0.030425238599999998,3.284363174,0.027772746616666667,2.002794981,-0.2335224,0.882654309,0.337423891,47.98429108,979.8469238,998.2172852,20.73200989,20.52433014,19.92207909,21.78145981,23.30306053,56.78456116,43.2843399,2.082499981,0.0559373498
0.1487854004,0.1440248013,0.1132779956,0.11228710410000001,0.1076267004,0.030804538700000002,2.8852420810000003,0.02774443308611111,1.998821974,-0.243119001,0.882293105,0.337815613,47.98429108,979.9367065,998.2169189,20.73210907,20.52448082,19.91292,21.78255081,23.30798912,56.80292892,43.29866028,1.982499957,0.0559374928
0.1488561988,0.1441612005,0.11292029619999999,0.1124729037,0.1076328993,0.0311114192,4.117649078,0.02771197848888889,1.994850039,-0.177791297,0.881931901,0.355755299,57.97544098,980.0264893,998.2164917,20.73220062,20.52462006,19.90377045,21.78364944,23.31291962,56.82130051,43.31298828,2.039999962,0.055937629899999994
0.14904730319999998,0.1443825006,0.1129680037,0.1122537017,0.10763319730000001,0.031245431299999998,4.537511063,0.027700886197222226,1.990877032,-0.2227339,0.881570697,0.343398988,61.30582809,980.116272,998.2161255,20.7322998,20.52475929,19.8946209,21.78474998,23.31785011,56.83966064,43.32730865,2.015000105,0.055937767000000006
0.14923830030000002,0.1444165945,0.1135939002,0.1121140003,0.10763349529999999,0.0308060408,4.26427803,0.027675056458333333,1.986904979,-0.246814504,0.881209373,0.34632951,61.30582809,980.2061157,998.2155762,20.73240089,20.52490044,19.88546944,21.78585052,23.32278061,56.85802841,43.34164047,2.269999981,0.0559379101
0.149209404,0.1452818036,0.1134269953,0.11219220160000001,0.1076339006,0.030989620099999997,4.403041077,0.02766280492222222,1.982931972,0.172927797,0.880848229,0.325834811,61.30582809,980.2957764,998.21521,20.73250008,20.52503967,19.87631989,21.78693962,23.3277092,56.87639999,43.35596085,2.375,0.05593804719999999
0.1492238045,0.1449674964,0.113647604,0.11231919530000001,0.10763419869999999,0.031634330700000005,3.744997025,0.027646579741666667,1.983677983,0.066233881,0.880487025,0.351041496,65.19873047,980.3856201,998.2147827,20.73259926,20.52518082,19.86717033,21.78804016,23.33263969,56.89477158,43.37028885,2.275000095,0.0559381902
0.1492771983,0.14475510119999999,0.1134925961,0.11241970059999999,0.1076344967,0.0314749509,4.6304958339999995,0.027619756063888886,1.985996008,-0.097919837,0.880125821,0.31426549,66.49636841,980.4754028,998.2144165,20.73269081,20.52532005,19.85802078,21.7891407,23.33757019,56.91313171,43.38462067,2.285000086,0.0559383273
0.14953589439999998,0.1447407007,0.1131348968,0.1125115991,0.107634902,0.0316069096,3.614810944,0.027601545122222224,1.988314033,-0.148465395,0.88003552,0.33950159,66.49636841,980.5651855,998.2139893,20.73278999,20.52545929,19.84886932,21.79023933,23.34250069,56.93149948,43.39894104,2.457499981,0.055938470399999995
0.1495882988,0.1447263956,0.1132779956,0.1123968005,0.1076352,0.0314583302,3.592639923,0.027596908144444446,1.990633011,0.351625204,0.880486071,0.33085981,66.49636841,980.6550293,998.213623,20.73288918,20.52560043,19.83971977,21.79133034,23.34742928,56.94987106,43.41326904,2.299999952,0.0559386075
0.1495491028,0.14471210240000001,0.113587904,0.1124168992,0.10763549800000001,0.0311516702,3.594073868,0.027580680847222223,1.992951035,-0.05488462,0.881086886,0.324520707,66.49636841,980.744812,998.2130737,20.73299026,20.52574921,19.83057022,21.79243088,23.35235977,56.96823883,43.42760086,2.200000048,0.0559387505
0.14950989480000001,0.14482380150000002,0.11346880200000001,0.11250499490000002,0.1076357961,0.0312477291,3.809366989,0.027570417191666665,1.995268941,-0.156333297,0.88168782,0.344645202,66.97802734,980.8344727,998.2127075,20.73308945,20.52589035,19.96945953,21.79352951,23.35729027,56.98659897,43.42790985,2.30250001,0.0559388876
0.1497961044,0.145204103,0.11274160150000001,0.11259299519999999,0.1076362014,0.0320823103,4.575416183,0.027545912000000002,1.996418953,0.125243396,0.882288575,0.293428808,67.20619965,980.9243164,998.2122803,20.73317909,20.52602959,20.01651955,21.79462051,23.36222076,57.00497055,43.4235611,2.220000029,0.055939030599999995
0.1499101043,0.1454419971,0.11289650200000001,0.112350595,0.1076364994,0.0323075503,4.897999954,0.027532335916666668,1.997179985,-0.132133394,0.88288939,0.329243898,67.29634857,981.0139771,998.2119141,20.73328018,20.52617073,20.01651955,21.79571915,23.36714935,57.02333069,43.41920853,2.202500105,0.0559391677
0.15037120580000002,0.14580880400000001,0.1127177,0.11223089690000002,0.10763679740000001,0.0327243388,3.3465888980000003,0.027518427108333333,1.997939944,-0.037360579,0.883490324,0.297977895,67.3864975,981.1038208,998.2114258,20.73337936,20.52630997,20.01651955,21.79681969,23.37207985,57.04169846,43.41484833,2.059999943,0.055939310799999996
0.150612998,0.1460075974,0.11277730459999999,0.11218880410000001,0.10763720269999999,0.0330672801,2.926011086,0.02749259948611111,1.998700976,-0.149180606,0.884091079,0.342406988,67.47664642,981.1936035,998.2109985,20.73348045,20.5264492,20.01651955,21.79791069,23.37701035,57.06007004,43.41049957,2.30250001,0.055939447899999994
0.1508623958,0.1463891983,0.11299190519999999,0.11227020029999998,0.10763750080000001,0.0330152005,4.367272949,0.027482829625,1.999461055,-0.215104297,0.884691894,0.300162405,67.56680298,981.2833862,998.2105713,20.73357964,20.52659035,20.0635891,21.79900932,23.38194084,57.07844162,43.40615082,2.355000019,0.0559395909
0.15115499500000001,0.1466130972,0.1135282993,0.1121206999,0.10763000250000002,0.0328567713,4.818606949,0.027479519313888888,2.000221014,-0.222415999,0.886029422,0.338522106,67.6569519,981.37323,998.210083,20.73368073,20.52672958,20.07045937,21.80010986,23.38686943,57.09680939,43.40179062,2.144999981,0.055939728
0.1514475942,0.1465976954,0.11433299779999999,0.11206070180000001,0.1076200008,0.032280090500000004,4.109061813,0.027463292016666665,2.000982046,-0.229727596,0.887612581,0.367749691,67.74710083,981.4630127,998.2097168,20.73377037,20.52687073,20.05868912,21.8012104,23.39179993,57.11516953,43.39744186,2.275000095,0.0559398711
0.1511191964,0.14652980570000002,0.1140468955,0.1123208046,0.10760990379999999,0.0325027287,6.342124939,0.027442760466666667,2.001741886,0.076724418,0.889195681,0.334185392,67.83724976,981.0864868,998.2092896,20.73386955,20.5270195,20.04692078,21.8022995,23.39673042,57.13354111,43.39308929,2.422499895,0.0559400082
0.1513069987,0.1464617968,0.1138085008,0.1124091983,0.1075997949,0.0327070385,5.100426102,0.027445574866666666,2.002502918,-0.130226001,0.89077878,0.363441706,73.12236023,980.5546875,998.2089233,20.73397064,20.52716064,20.03516006,21.80340004,23.40166092,57.15428162,43.3887291,2.13499999,0.055940151199999996
0.1509435058,0.1461056948,0.1141780019,0.1124114037,0.10758969780000001,0.0322843403,4.708457184,0.027425376044444446,2.003262997,0.002217524,0.892361879,0.331264704,74.87654877,980.3145752,998.208374,20.73406982,20.52729988,20.02338982,21.80450058,23.40658951,57.17580032,43.38438034,2.337500095,0.055940288299999995
0.15065109729999998,0.1459275007,0.11371910569999999,0.11267039780000002,0.1075796008,0.0323866814,4.491728973,0.027415440877777777,2.004024029,-0.126649693,0.893944979,0.364468396,74.87654877,980.1715698,998.2080078,20.73417091,20.52743912,20.01161957,21.80559921,23.41152,57.19733047,43.38002014,2.454999924,0.055940431400000004
0.1504703999,0.1456123948,0.11468470099999999,0.1126052022,0.1075695992,0.031242769999999996,4.22779808,0.027412353091666668,2.004784107,0.05991568,0.89610368,0.363739401,74.87654877,980.0286255,998.2075806,20.73426056,20.52758026,19.99986076,21.80669022,23.4164505,57.21886063,43.37567139,2.272500038,0.0559405684
0.1502897978,0.1457507968,0.11369520429999999,0.11267730000000001,0.10755950210000001,0.0319171309,6.054587936,0.027409261066666666,2.005544901,-0.128795505,0.89845413,0.325180411,74.87654877,979.8856812,998.2072144,20.73435974,20.5277195,19.98809052,21.80779076,23.42137909,57.24039078,43.37131882,2.1875,0.0559407175
0.15028159619999998,0.145293498,0.1147025943,0.11250480410000001,0.1075494051,0.0310482115,5.582511902,0.027424384222222223,2.006304979,-0.236562297,0.900804579,0.36977309,67.50541687,979.7426758,998.2067871,20.73446083,20.52786064,19.82043076,21.80888939,23.42630959,57.26192093,43.36697006,2.029999971,0.0559408486
0.14984500409999998,0.1449954033,0.11478899719999999,0.1126670957,0.10761660340000001,0.030495539300000003,4.9802558900000005,0.0274376297,2.007066011,-0.168015897,0.903155088,0.352559805,65.04837799,979.5996704,998.2064209,20.73456001,20.52799988,19.76552963,21.80998039,23.43124008,57.28345108,43.36260986,2.242500067,0.0559409976
0.1496371031,0.14483610389999999,0.1142524958,0.1127462029,0.10770950319999999,0.0306916714,4.614043045,0.027465114594444444,2.00782609,-0.197699502,0.905505598,0.370686591,65.04837799,979.4567261,998.2058716,20.73465919,20.52813911,19.76552963,21.81108093,23.43617058,57.30498123,43.35826111,2.232500076,0.055941128699999995
0.149346602,0.1444682002,0.1147801042,0.11274789569999999,0.10773270130000001,0.030039981,4.619049835,0.02759061601388889,2.007015944,-0.239065796,0.907855988,0.367830396,65.04837799,979.3137817,998.2055054,20.73475075,20.52828979,19.76552963,21.81217957,23.44109917,57.32651138,43.35390091,2.327500105,0.0559412777
0.1491824031,0.14456559419999998,0.11426739690000001,0.1127496004,0.10773270130000001,0.0301551908,4.650521088,0.027753857505555556,2.005682945,-0.2393042,0.910206616,0.3506715,65.04837799,979.1707764,998.2050781,20.73484993,20.52843094,19.76552963,21.81328011,23.44602966,57.31953049,43.34954834,2.38499999,0.0559414089
0.1494135022,0.1444216967,0.1139515042,0.11248279809999999,0.10773270130000001,0.030634540300000002,3.5554489140000003,0.027834000055555554,2.004349947,-0.229290396,0.912557006,0.37332201,51.58634186,979.027771,998.2047119,20.73494911,20.52857018,19.85964966,21.8143692,23.45096016,57.30303955,43.34519958,2.382499933,0.05594155790000001
0.1491868019,0.1443837047,0.11331980230000001,0.11262940169999999,0.1077751994,0.0311138898,3.746421814,0.027845916749999998,2.003016949,-0.242165193,0.914907515,0.339921296,47.09899902,978.8848267,998.2042236,20.7350502,20.52870941,19.89101982,21.81546974,23.45589066,57.28656006,43.34651184,2.252500057,0.055941689
0.1489969015,0.1444275975,0.114172101,0.1127377987,0.107793498,0.0301863194,5.034621048,0.02781577852777778,2.00168395,-0.2451455,0.917258024,0.332281113,47.09899902,978.7418823,998.2037964,20.73514938,20.52885056,19.89101982,21.81657028,23.46081924,57.27006912,43.34972,2.315000057,0.055941838
0.1494793057,0.1446431994,0.1141661048,0.1126081944,0.1077991962,0.030253058700000002,3.571897888,0.027800888472222222,2.000350952,-0.220111206,0.919608414,0.340930194,47.09899902,978.864502,998.2034302,20.73524094,20.52898979,19.89101982,21.81765938,23.46574974,57.25358963,43.35292053,2.147500038,0.0559419811
0.149566102,0.144915998,0.11334949729999999,0.1124220967,0.1078048944,0.0312756985,5.339321136000001,0.027777377233333334,1.999017954,0.018668629,0.921958923,0.331753492,47.09899902,979.0756836,998.2028809,20.73534012,20.52913094,19.89101982,21.81875992,23.47068024,57.23711014,43.35612106,2.109999895,0.0559421182
0.1494549036,0.1447546005,0.1137964964,0.11240340470000001,0.1078104973,0.0311134487,4.700588989,0.027759168413888886,1.997684956,-0.152637705,0.924309373,0.345734507,48.34117889,979.2869263,998.2025146,20.7354393,20.52927017,19.89101982,21.81986046,23.47561073,57.2206192,43.35932922,2.210000038,0.055942261199999996
0.1493435979,0.1446663022,0.114022994,0.1124403,0.10781619549999999,0.0307314992,3.9080730440000004,0.027739630805555554,1.996351957,-0.03688373,0.925193071,0.332547605,48.75524139,979.4981079,998.2020874,20.73554039,20.52940941,19.89101982,21.82095909,23.48053932,57.22874069,43.3625412,2.412499905,0.055942398299999994
0.1495187998,0.1446506977,0.1149170995,0.1124773979,0.10781630280000001,0.0297880709,4.324361038,0.02774327596111111,1.995018959,-0.178148896,0.925588012,0.374294788,48.75524139,979.7092896,998.2017212,20.73563957,20.52955055,19.89101982,21.82205009,23.48546982,57.24505997,43.36574173,2.289999962,0.055942541400000004
0.1493813038,0.1447613955,0.1137845993,0.1124313951,0.1078145981,0.030879050499999998,5.328594970999999,0.02771247863888889,1.993685961,-0.242284402,0.925982773,0.356701195,48.75524139,979.5039063,998.2011719,20.73572922,20.52969933,19.89101982,21.82315063,23.49040031,57.26137924,43.36894989,2.25999999,0.055942678499999995
0.1496323943,0.14491410259999998,0.11311110259999999,0.1123576999,0.10781290530000001,0.0317082196,4.345814896,0.027688301933333333,1.992352962,-0.218442306,0.926377714,0.336675286,56.1257019,979.159729,998.2008057,20.73583031,20.52984047,19.89101982,21.82424927,23.49533081,57.27769852,43.37215042,2.352499962,0.055942821499999996
0.1495947003,0.1448179007,0.1135282993,0.11233990190000001,0.1077949047,0.0314050794,4.024657822,0.027688963147222224,1.991019011,-0.153829902,0.926772475,0.367409796,58.58251953,978.8154297,998.2003784,20.73592949,20.52997971,19.89101982,21.82534027,23.5002594,57.29402924,43.37535095,2.342499971,0.0559429586
0.14971309900000002,0.1450958014,0.1133137941,0.11234060530000001,0.10777150390000001,0.0315041095,3.407387161,0.027670756447222222,1.989686012,-0.203421697,0.925792277,0.311858892,58.58251953,978.4711304,998.2000122,20.73603058,20.53012085,19.89101982,21.82644081,23.5051899,57.31034088,43.37855911,2.24000001,0.0559431016
0.1501147032,0.145431006,0.1134567976,0.1121116996,0.1077481031,0.0316389501,3.8515640259999997,0.027650472852777778,1.988353014,-0.226310194,0.924353778,0.325561494,58.58251953,978.9541016,998.1995239,20.73612976,20.53026009,19.89101982,21.82753944,23.51012039,57.3266716,43.38177109,2.277499914,0.055943238699999995
0.1503808022,0.1457347035,0.11316180229999999,0.11198530200000001,0.10772470240000001,0.032186150600000005,4.509611893000001,0.027632261911111112,1.987020016,-0.221303299,0.92291528,0.305141896,58.58251953,979.7128296,998.1990967,20.73621941,20.53039932,19.89101982,21.82863998,23.51505089,57.34299088,43.38497162,2.045000076,0.055943381800000004
0.1507678986,0.1461087942,0.1126492023,0.11191849709999999,0.1077013016,0.033057838699999995,4.3315120700000005,0.027614046733333335,1.985687017,-0.126649693,0.921476901,0.306365609,70.51857758,980.4716187,998.1987305,20.7363205,20.53054047,20.07926941,21.82972908,23.51997948,57.35931015,43.38817978,2.267499924,0.0559435189
0.1508643031,0.1461320043,0.1134328961,0.11185179949999999,0.1076778054,0.032614240100000004,4.792139816000001,0.027595833672222222,1.986248016,0.344234198,0.920038402,0.354050308,74.49726105,981.2302246,998.1983032,20.73641968,20.5306797,20.14201927,21.83082962,23.52490997,57.37562943,43.39138031,2.309999943,0.0559436619
0.1508430958,0.1460304976,0.1143270016,0.11188659670000001,0.1076544046,0.0317137301,3.8315368650000003,0.02759326722777778,1.987439036,0.137164503,0.918599904,0.312390208,74.49726105,981.2487793,998.197876,20.73652077,20.53082085,20.14201927,21.83193016,23.52984047,57.3919487,43.39458084,2.095000029,0.055943799
0.150821805,0.1461056948,0.1145236969,0.11195540429999999,0.1076310039,0.0314557403,3.995336151,0.027568100822222222,1.98863101,-0.021863131,0.917161405,0.352050811,74.49726105,981.0206299,998.1973877,20.73661041,20.53096962,20.14201927,21.83301926,23.52947044,57.40827942,43.397789,2.0,0.0559439421
0.1508005977,0.1459079027,0.11468470099999999,0.11202410460000001,0.10760760309999999,0.0314119309,4.321496964,0.02755750020277778,1.98982203,-0.187208906,0.915723026,0.326617509,74.49726105,980.7924805,998.1970215,20.73670959,20.53111076,20.14201927,21.8341198,23.52733994,57.42459106,43.40098953,2.057499886,0.055944079199999996
0.15054579969999998,0.1455991983,0.1143628001,0.1120928049,0.10758420230000001,0.0316358,4.148398972,0.02754293229722222,1.991014004,0.293330997,0.914284527,0.349973798,61.50807953,980.5643921,998.1965942,20.73681068,20.53125,20.07143021,21.83522034,23.52519989,57.44092178,43.40420151,2.095000029,0.055944222200000004
0.1502130985,0.1452906013,0.1138620973,0.1124083042,0.1075608015,0.0317084193,4.094044113000001,0.027540283202777776,1.992205977,0.394541293,0.912846029,0.366791904,57.17834854,980.3361816,998.196228,20.73690987,20.53138924,20.04496002,21.83632088,23.52306938,57.45724106,43.40740967,2.025000095,0.0559443593
0.1497625947,0.1450191021,0.1139961958,0.1125419974,0.1075994015,0.0312723011,4.714176941,0.027527039844444445,1.993396997,-0.093151353,0.911407471,0.355476409,57.17834854,980.1079712,998.1956787,20.73700905,20.53153038,20.04103088,21.83740997,23.52094078,57.47356033,43.4106102,2.142499924,0.0559445024
0.1495535016,0.144759798,0.11434199810000001,0.1125877023,0.1076586008,0.030693310499999998,3.905929184,0.027519423166666664,1.994588971,0.059200399,0.909968972,0.379830599,57.17834854,979.8798828,998.1953125,20.7371006,20.53166962,20.03710938,21.83851051,23.51880074,57.48987961,43.41381073,2.190000057,0.055944639399999996
0.1494379044,0.14450050590000002,0.11491119860000001,0.1123885036,0.1077178955,0.0298774689,3.14559803,0.027507502238888887,1.995779991,-0.077534713,0.908530474,0.318088114,57.17834854,979.6517944,998.1948853,20.73719978,20.53181076,20.03318977,21.83960915,23.51667023,57.50619888,43.41701889,2.317500114,0.0559447825
0.1493222952,0.1446920037,0.1134269953,0.1124047995,0.10773270130000001,0.0310812294,4.030382919,0.027484982808333332,1.996971965,-0.1915005,0.907091975,0.348042488,71.76650238,979.423584,998.194519,20.73730087,20.53195,20.02927017,21.84070015,23.51453972,57.52251816,43.417099,2.367500067,0.0559449196
0.1495143056,0.1447584033,0.1127534032,0.11238060000000001,0.10773270130000001,0.0319385201,3.597647095,0.027482664319444444,1.998164058,-0.132491097,0.905653596,0.335423291,76.62921906,979.4152222,998.1939697,20.73740005,20.53208923,20.02533913,21.84180069,23.51239967,57.53884888,43.41614151,2.212500095,0.0559450626
0.1493577003,0.1445544004,0.1137310028,0.1123098969,0.10773270130000001,0.031027358799999998,4.813605118,0.027477035522222224,1.999354959,-0.154068202,0.904215097,0.333010405,76.62921906,979.4801025,998.1936035,20.73749924,20.53223991,20.02141953,21.84289932,23.51026917,57.55516052,43.41516876,2.234999895,0.0559451997
0.1494232059,0.1449517012,0.11312299969999999,0.112302494,0.1076781988,0.0314314812,5.225595093,0.027475710974999998,2.000546932,-0.018882841,0.902776599,0.343358815,76.62921906,979.5449829,998.1931763,20.73759079,20.53237915,20.01749992,21.84399986,23.50814056,57.57149124,43.41421127,2.132499933,0.0559453428
0.14961290359999999,0.1447289944,0.1153640985,0.1120316982,0.10765360589999999,0.029587560899999997,5.093986893,0.027498889500000002,2.001738071,-0.155498803,0.9013381,0.319460809,58.16205978,979.6099243,998.192688,20.73768997,20.53252029,19.87533951,21.84509087,23.50600052,57.58781052,43.41324997,2.105000019,0.0559454799
0.149802494,0.1452154994,0.1133733034,0.1122444987,0.10764490369999999,0.0313556194,5.179101944,0.027583995394444442,2.002929926,-0.238469705,0.899441302,0.352036804,52.00634003,979.6746826,998.1923218,20.73778915,20.53265953,19.8282795,21.8461895,23.50387001,57.60412979,43.41228104,2.335000038,0.055945622900000005
0.1498433948,0.1447468996,0.1144641042,0.11209009889999999,0.1076362014,0.030751329700000003,4.347959137,0.027701218922222222,2.004122019,0.488837212,0.897391796,0.352352887,52.00634003,979.739624,998.1918945,20.73789024,20.53280067,19.8282795,21.84729004,23.5017395,57.62044907,43.41131973,2.319999933,0.05594576
0.1496415019,0.1449722052,0.1137845993,0.11240650420000001,0.1076274991,0.030962300300000002,3.735694885,0.027782334222222222,2.00531292,0.57335788,0.895342171,0.360155195,52.00634003,979.8045044,998.1915283,20.73798943,20.53293991,19.8282795,21.84837914,23.49959946,57.62108994,43.41035843,2.087500095,0.055945897099999996
0.1496654987,0.1450502038,0.11397529840000001,0.11236239669999999,0.1076187015,0.0309968501,4.864384079,0.027836000666666666,2.006505013,-0.04618223,0.893292606,0.341799796,52.00634003,979.8693237,998.190979,20.73807907,20.53307915,19.8282795,21.84947968,23.49747086,57.61650085,43.40940094,2.102499962,0.055946040200000005
0.14978630539999999,0.1449543953,0.11368919609999999,0.11212509870000001,0.1076099992,0.031330481199999996,3.9760261540000004,0.027866138888888888,2.007695913,0.003648041,0.891242981,0.360335886,51.99869156,979.9342041,998.1906128,20.73818016,20.53322029,19.96945953,21.85058022,23.49534035,57.61191177,43.40843964,2.30250001,0.0559461772
0.1496847987,0.1448585987,0.1130216956,0.11218090060000001,0.1076012969,0.0318616599,3.222845078,0.027871110694444444,2.008888006,-0.153233796,0.889193475,0.351013511,51.98849106,979.9990845,998.1901855,20.73827934,20.53336906,20.01651955,21.85168076,23.4932003,57.60731888,43.4074707,2.082499981,0.0559463203
0.1495092034,0.14487550259999998,0.1136237025,0.11233429909999999,0.1075925946,0.031214669299999998,5.8049579620000005,0.027838999416666666,2.010080099,-0.235072196,0.88714391,0.282972097,51.97829056,979.6165161,998.1898193,20.73838043,20.53351021,20.01651955,21.85276985,23.49106979,57.6027298,43.4065094,2.410000086,0.0559464574
0.1496747971,0.1451019049,0.1135939002,0.1122450948,0.1075839043,0.0312816501,6.37502594,0.027813472750000002,2.011271,-0.239125401,0.885094404,0.304673195,51.9681015,980.057373,998.1893921,20.73847961,20.53364944,20.01651955,21.85387039,23.48893929,57.59814072,43.4055481,2.130000114,0.055946600400000004
0.1499541998,0.145105505,0.11321250199999999,0.1120748997,0.107575202,0.031889480399999996,5.064659882,0.027798555166666666,2.010536909,0.194385797,0.883044779,0.290035009,51.957901,980.8225708,998.1890259,20.73856926,20.53379059,20.01651955,21.85497093,23.48679924,57.59355164,43.40459061,2.297499895,0.055946737499999996
0.149724102,0.1450158,0.1134449005,0.1123479962,0.10756649970000001,0.0316606492,5.348622131,0.027773403591666666,2.009160042,-0.081349447,0.880995274,0.327053189,66.57269287,981.5878906,998.1884766,20.73867035,20.53392982,19.8282795,21.85606956,23.48467064,57.58895874,43.4036293,2.077500105,0.055946880600000005
0.14974989889999998,0.144926095,0.1138820052,0.11234550480000001,0.1075577974,0.0311338186,5.074671936,0.027752212947222223,2.007782936,-0.156810105,0.878945589,0.320246905,71.44513702,981.7092285,998.1881104,20.73876953,20.53406906,19.76552963,21.85716057,23.48254013,57.58436966,43.40266037,2.112499952,0.055947017700000004
0.1497959018,0.1449476957,0.114319098,0.112201798,0.1075490952,0.030606991099999998,4.907297897,0.02774360656666667,2.006407022,-0.213912204,0.878653228,0.30768311,71.44513702,981.6160278,998.1876831,20.73887062,20.53421021,19.76552963,21.8582592,23.48040009,57.57978058,43.40169907,2.077500105,0.0559471607
0.149801302,0.145212698,0.1141242981,0.1122051001,0.10742989780000001,0.030821248899999997,4.958797073,0.02771645016111111,2.005029917,-0.234774202,0.878946483,0.34846279,71.44513702,981.5228271,998.1873169,20.7389698,20.53434944,19.76552963,21.85935974,23.47826958,57.5751915,43.40074158,2.282500029,0.0559472978
0.1501155972,0.14531090259999999,0.1139873028,0.1120859027,0.1073850989,0.0312825292,3.795774078,0.027701878016666667,2.003654003,-0.243357405,0.879239678,0.309998691,71.44513702,981.4296265,998.1868286,20.73907089,20.53449059,19.76552963,21.86045074,23.47613907,57.58861923,43.39978027,2.164999962,0.0559474528
0.15015879869999998,0.1453305006,0.1135820031,0.11218220000000001,0.10737739799999999,0.0317438185,4.350823975,0.027675056458333333,2.002276897,-0.246814504,0.879532993,0.340791613,49.6436615,981.3364258,998.1864014,20.73916054,20.53463936,19.83612061,21.86154938,23.47400093,57.60807037,43.39881897,2.092499971,0.055947578
0.1500772953,0.1453500986,0.1133972049,0.1122218013,0.1073696971,0.0319628507,4.6884300230000004,0.027656843397222224,2.000900984,-0.246814504,0.879826307,0.32909891,42.37649918,981.243103,998.1859741,20.73925972,20.5347805,19.85964966,21.86264992,23.47187042,57.62752151,43.39785004,2.05250001,0.055947732900000005
0.1499958038,0.1453696012,0.11360280510000001,0.1122123003,0.1073619962,0.0317592114,5.526005936,0.02765949249166667,1.999523997,-0.188520193,0.880119622,0.321853101,42.37649918,981.1499023,998.1854858,20.73936081,20.53491974,19.85964966,21.86374092,23.46973991,57.64696121,43.39688873,2.0625,0.055947858100000004
0.150157702,0.1453891993,0.1139008999,0.11220270400000001,0.10735440249999999,0.0314415812,5.335029984,0.027630685169444447,1.998147011,-0.227025494,0.880412817,0.324549407,42.37649918,981.0565796,998.1851196,20.73945999,20.53506088,19.85964966,21.86483955,23.46759987,57.66640854,43.39643097,2.190000057,0.055948007099999995
0.1501356959,0.1454087973,0.1137249947,0.11219320299999999,0.1073467016,0.031688711,5.649031067,0.02761247211111111,1.996770978,-0.247052893,0.880706072,0.298814505,43.70692825,980.9633789,998.1846924,20.73955917,20.53520012,19.85964966,21.86594009,23.46546936,57.68584824,43.39614105,2.17750001,0.0559481382
0.1500254035,0.145301199,0.11355220079999999,0.11218359470000001,0.10733900069999999,0.0318679214,4.65552597,0.027612802716666666,1.995393991,-0.092793733,0.882394612,0.378158092,44.1504097,981.602417,998.1843262,20.73965073,20.53533936,19.85964966,21.86704063,23.46334076,57.70529938,43.39585876,2.362499952,0.0559482872
0.1499150991,0.1451513052,0.1134330034,0.11234220269999999,0.1073312998,0.0317990214,3.5704669950000003,0.027610816955555555,1.994017959,0.355678499,0.884548187,0.374042213,44.1504097,981.0806885,998.1837769,20.73974991,20.5354805,19.85964966,21.86812973,23.46120071,57.72475052,43.39556885,2.422499895,0.0559484184
0.1498049021,0.1450013995,0.1137966037,0.1123404026,0.10732359890000001,0.0313073814,4.192752075,0.027588958738888888,1.992640972,0.411111593,0.886701822,0.396427095,44.1504097,980.0908203,998.1834106,20.73984909,20.53561974,19.85964966,21.86923027,23.45907021,57.74419022,43.39527893,2.247499943,0.0559485674
0.1496945977,0.1450803995,0.11348060369999999,0.1122663975,0.1073158979,0.031512621000000005,5.106866074,0.02756809658611111,1.991265059,-0.004696775,0.888855398,0.380788505,44.1504097,979.1008301,998.1829834,20.73995018,20.53576088,19.85964966,21.87033081,23.45693016,57.76364136,43.39500046,2.287499905,0.055948698500000005
0.1498172045,0.1450512052,0.11370710129999999,0.11219240429999999,0.10730819700000001,0.0313731998,4.953794098,0.027566441430555557,1.989887953,0.306205899,0.891008973,0.384907603,80.30316162,978.1109009,998.1826172,20.74004936,20.53590012,19.85964966,21.87142944,23.45479965,57.78308105,43.39471054,2.380000114,0.055948847499999996
0.1494161963,0.1449604988,0.1137608051,0.1122756958,0.1073004961,0.0312636793,6.575301360999999,0.027539619869444445,1.989835024,0.181391805,0.893162608,0.385300606,92.3540802,977.9000244,998.1821899,20.74014091,20.5360508,19.85964966,21.87252045,23.45266914,57.80252838,43.39442062,2.369999886,0.0559489787
0.1496701002,0.1448698044,0.1143092036,0.11213819979999999,0.10729279519999999,0.0306701392,3.804362106,0.027541277144444445,1.990221977,-0.155260399,0.895316184,0.342658192,92.3540802,977.9487915,998.1818237,20.7402401,20.53619003,19.85964966,21.87361908,23.4505291,57.82197952,43.39413071,2.345000029,0.055949127700000004
0.1493564963,0.1446686029,0.11424959900000001,0.11220129729999999,0.1072850943,0.0307043105,4.124800873,0.027523064083333333,1.990610003,-0.244430304,0.897469819,0.40276131,92.3540802,977.9976196,998.1812744,20.74033928,20.53632927,19.85964966,21.87471962,23.4484005,57.84141922,43.39384842,2.122499943,0.0559492588
0.1493886948,0.1447347999,0.1136832952,0.11236159800000001,0.1072774053,0.031010231399999998,4.475283051,0.027500877380555556,1.990996957,0.106527202,0.899623394,0.36601761,92.3540802,978.0463257,998.1809082,20.74044037,20.53647041,19.85964966,21.87581062,23.44626999,57.86087036,43.3935585,2.019999981,0.055949407799999996
0.14944930080000002,0.1446532011,0.1136832952,0.112064898,0.1072697043,0.0310514897,4.2564098360000004,0.027486968569444447,1.991384983,-0.115801498,0.901777029,0.3817707,78.69996643,978.0952148,998.180481,20.74053955,20.53660965,19.85964966,21.87690926,23.44412994,57.88031006,43.39326859,2.182499886,0.0559495389
0.1493186951,0.1446472049,0.1134150982,0.1120388985,0.1072620034,0.031238070099999998,4.22779808,0.027467100355555555,1.991772056,0.080896877,0.903930604,0.357561409,74.14859772,978.1439209,998.1801147,20.7406292,20.53675079,19.85964966,21.8780098,23.44199944,57.8997612,43.39299011,2.285000086,0.055949688
0.1493878007,0.1446941018,0.1135939002,0.1121538997,0.10725430250000001,0.0310643405,4.448102951,0.027462798225,1.992159009,-0.139405295,0.905912817,0.333264291,74.14859772,978.192688,998.1796265,20.74073029,20.53689003,19.85964966,21.8791008,23.43987083,57.9192009,43.3927002,2.307499886,0.055949831000000005
0.1493546963,0.14474099869999998,0.1141363025,0.1119627953,0.1072442055,0.0305324405,4.960232925,0.02746456146111111,1.992547035,-0.247291297,0.907837927,0.355023801,74.14859772,978.5654297,998.1791992,20.74082947,20.53702927,19.85964966,21.88019943,23.43773079,57.93864822,43.39241028,2.220000029,0.055949968100000004
0.1494820952,0.1449797034,0.1133733988,0.11186389919999999,0.10723320249999999,0.0313579708,4.72347908,0.027466326819444442,1.992933989,0.025940521,0.909762979,0.320651889,74.14859772,979.0460815,998.178772,20.74093056,20.53717041,19.85964966,21.88129997,23.43560028,57.95809937,43.39212036,2.182499886,0.0559501112
0.1496834993,0.1448708057,0.1133553982,0.11182980540000001,0.1072221994,0.0315973014,3.717811966,0.02750650829722222,1.993322015,-0.145485103,0.911688089,0.351027697,74.41381836,979.5266724,998.1782837,20.74102974,20.53731918,19.81258965,21.88240051,23.43346977,57.97753906,43.39184189,2.13499999,0.0559502482
0.1495584965,0.1448120952,0.1133792996,0.1118582964,0.10721119640000001,0.0314825386,3.983177185,0.027618100908333332,1.993708968,0.446874887,0.913613319,0.325558603,74.50222015,980.0073853,998.1779175,20.74113083,20.53746033,19.7968998,21.88348961,23.43132973,57.9969902,43.39154816,2.022500038,0.0559503913
0.1495000958,0.1450024009,0.1129977942,0.1119076967,0.1072002053,0.031814220500000004,4.827907944,0.027716448041666668,1.994096994,0.681363225,0.915538371,0.321982414,74.50222015,980.4880981,998.1774902,20.74122047,20.53759956,19.7968998,21.88459015,23.42919922,57.95494843,43.39125824,2.132499933,0.0559505284
0.14970749619999998,0.1449321985,0.1133792996,0.1118471026,0.1071892023,0.0316315591,4.699876022,0.027803861833333336,1.994483948,0.280575395,0.917463481,0.359221011,74.50222015,980.968811,998.177124,20.74131966,20.53774071,19.7968998,21.88569069,23.42707062,57.89241028,43.39097977,2.224999905,0.0559506714
0.1500622988,0.1451179028,0.1137071967,0.11174980400000001,0.10717819930000001,0.0312278509,3.343727875,0.02789127775,1.994871974,-0.130702898,0.918039083,0.334137112,68.78530884,980.7468262,998.1765747,20.74142075,20.53787994,19.7968998,21.88678932,23.42493057,57.82986832,43.39068985,2.105000019,0.055950808500000004
0.1499675989,0.1454247952,0.1128309011,0.1117717981,0.1070683002,0.032277679399999995,5.840010834,0.027965306166666665,1.995259047,0.033093151,0.918165028,0.367352486,66.87966919,980.2905273,998.1762085,20.74151993,20.53801918,19.7968998,21.88788033,23.42370033,57.76733017,43.39039993,2.285000086,0.0559509516
0.1500810981,0.14511460069999998,0.1134328961,0.11162929530000001,0.1070322037,0.0320511013,5.256351852,0.028034833277777775,1.995646954,-0.060010679,0.918290913,0.342272013,66.87966919,979.8342896,998.1757813,20.74161911,20.53816032,19.7968998,21.88898087,23.42276955,57.70479965,43.39011002,2.217499971,0.0559510887
0.1500916004,0.1452011943,0.1138978004,0.11174980400000001,0.10703179839999999,0.0312375307,4.8436409,0.028115806583333333,1.996034026,0.073267333,0.918416679,0.378330112,66.87966919,979.3781128,998.175415,20.74171066,20.53829956,19.7968998,21.8900795,23.42182922,57.64226151,43.38983154,2.319999933,0.055951231700000006
0.1502223969,0.14530750509999998,0.11468470099999999,0.1117743015,0.1070312977,0.0305164605,5.77134285,0.028195612166666665,1.996422052,-0.131060496,0.918542624,0.37212351,66.87966919,978.921814,998.1749268,20.74180984,20.5384407,19.7968998,21.8911705,23.42090034,57.57971954,43.38954163,2.160000086,0.0559513688
0.1501667023,0.1453536034,0.11308720109999999,0.11173009869999999,0.1070309043,0.0321819097,5.605403900000001,0.028244944666666667,1.996809006,-0.207713202,0.917448521,0.375667304,50.91043091,978.4655762,998.1744995,20.74191093,20.53858948,19.89102936,21.89226913,23.41996956,57.51718903,43.38925171,2.075000048,0.055951511899999994
0.1500272036,0.1448372006,0.1140648007,0.1118525982,0.10703049899999999,0.0312760413,3.9574260709999995,0.0283224445,1.997197032,-0.107933499,0.915947795,0.390477806,45.58734894,978.0092773,998.1740723,20.74201012,20.53873062,19.92239952,21.89336967,23.41904068,57.45465088,43.38896942,2.220000029,0.055951649000000006
0.1498877048,0.1451123953,0.1138085008,0.1120306969,0.1070299983,0.0310288012,4.257839966000001,0.028399584027777775,1.997583985,-0.202348694,0.91444701,0.359256715,45.58734894,977.5531006,998.1737061,20.7421093,20.53886986,19.92239952,21.89447021,23.41810036,57.39210892,43.3886795,2.32249999,0.055951792
0.1502907991,0.1454056025,0.11334949729999999,0.11169489619999999,0.10702960489999999,0.0317629308,4.362982941,0.02846650016666667,1.997972012,-0.234058902,0.912946284,0.413649708,45.58734894,977.2462158,998.1732788,20.74220085,20.53900909,19.92239952,21.89555931,23.41716957,57.32957077,43.38838959,2.460000038,0.0559519291
0.15058920380000002,0.1455958962,0.1137310028,0.111620605,0.10702919959999999,0.0316918194,4.80072403,0.028547278500000002,1.998358965,0.069810182,0.911445498,0.349155992,45.58734894,976.9890747,998.1729126,20.74230003,20.53915024,19.92239952,21.89665985,23.41624069,57.26702881,43.38809967,2.275000095,0.05595207210000001
0.1504925013,0.145786202,0.11348659990000001,0.1116906047,0.1070286989,0.0321386307,6.243416977,0.028608555277777777,1.998746991,-0.069309182,0.909944773,0.418042392,44.33724976,976.7318726,998.1724243,20.74239922,20.53928947,20.02898026,21.89776039,23.41530991,57.18473053,43.3878212,2.357500076,0.055952209200000005
0.1508275986,0.1457630992,0.11430319550000001,0.1116111994,0.1070283055,0.0314908892,5.114014053,0.02867047202777778,1.999133945,0.119163603,0.908443987,0.397430807,43.9205513,976.4749146,998.1719971,20.74250031,20.53943062,20.06451035,21.89886093,23.41436958,57.09584045,43.38753128,2.087500095,0.055952352299999994
0.1507037044,0.145858705,0.1144044995,0.11166900399999999,0.10708340409999999,0.031358549,5.421577835,0.028721472416666668,1.999521971,-0.127245799,0.906943321,0.421064198,43.9205513,976.2177124,998.1715698,20.74259949,20.53956985,20.06451035,21.89995003,23.4134407,57.00695038,43.38724136,2.220000029,0.055952489400000006
0.1506950974,0.1457607031,0.1145117998,0.1117890954,0.10715709920000001,0.0313468695,6.752689362,0.02862874986111111,1.999909043,-0.244549498,0.905442476,0.413565814,43.9205513,975.9605713,998.1710815,20.74268913,20.53970909,20.06451035,21.90105057,23.41250992,56.9180603,43.38695908,2.089999914,0.0559526324
0.15079560279999998,0.1455772042,0.1139276981,0.1119230986,0.1071755052,0.0318455786,4.484579849,0.028398251,2.00029707,-0.03533401,0.90394181,0.433121085,43.9205513,975.7034912,998.1707153,20.74279022,20.53985977,20.06451035,21.9021492,23.41157913,56.89834976,43.38666916,2.25999999,0.0559527695
0.1501927018,0.1451220989,0.114517796,0.1120615959,0.1071755052,0.031063550699999998,3.5833450319999995,0.02826150047222222,2.000684023,-0.176718295,0.902441025,0.396239191,62.9971199,975.4464111,998.1702881,20.7428894,20.54000092,19.88734055,21.84341049,23.41064072,56.90171051,43.38637924,2.407500029,0.0559529126
0.1497553945,0.1450404048,0.11475019449999999,0.1123798013,0.10725820059999999,0.030371809,5.1404788969999995,0.028203887944444443,2.00107193,0.008774135,0.902457416,0.387707502,69.35597229,975.18927,998.1699219,20.74299049,20.54014015,19.8282795,21.82448959,23.40970993,56.90505981,43.38608932,2.220000029,0.0559530497
0.1499541998,0.1451133013,0.114022994,0.11214020250000001,0.1073004961,0.031054559399999997,4.832199097,0.028146917555555557,2.001458883,0.344830185,0.902979612,0.407040685,69.35597229,976.3917847,998.1693726,20.74308968,20.54027939,19.8282795,21.82547951,23.40877914,56.90840912,43.38468933,2.329999924,0.0559531927
0.1498307943,0.1447602987,0.11466079950000001,0.1119874001,0.10732020140000001,0.0304648697,4.978113937,0.028160499999999998,2.001847029,-0.047970399,0.90350157,0.429830015,69.35597229,976.5811768,998.1690063,20.74317932,20.54042053,19.8282795,21.82646942,23.40784073,56.91175842,43.38291168,2.150000095,0.05595332979999999
0.1495442033,0.1445271969,0.1151496053,0.11232960219999999,0.10733989479999999,0.029610758999999997,5.198414993,0.02820488825,2.002233982,-0.031519242,0.904023826,0.385475308,64.29807281,976.270813,998.1685791,20.74328041,20.54055977,19.92239952,21.82747078,23.40690994,56.91511154,43.38113022,2.377500057,0.0559534729
0.14928920269999998,0.1443814993,0.1146787047,0.1124138951,0.10735960010000001,0.0298817486,6.104655075,0.028235333749999997,2.002620935,-0.167300701,0.904545903,0.386190206,62.61209869,975.9603882,998.1682129,20.74337959,20.54070091,19.95376968,21.82846069,23.40597916,56.90021133,43.37934875,2.1875,0.0559536099
0.149228096,0.14405219549999998,0.1143568039,0.11236809489999999,0.1073794007,0.0299605489,4.277867889,0.028239638,2.003009081,-0.188758597,0.90506798,0.409388691,62.61209869,976.1602783,998.1677246,20.74348068,20.54084015,19.95376968,21.82945061,23.40504074,56.87921906,43.37757111,2.015000105,0.055953747
0.1490625978,0.1438490033,0.1141661048,0.1126026988,0.1073990941,0.0298610687,3.451018143,0.028236999500000002,2.003396988,0.172212601,0.905590117,0.383482307,62.61209869,976.5303955,998.1672974,20.74357986,20.54099083,19.95376968,21.83045006,23.40410995,56.85821915,43.37578964,2.042500019,0.0559538901
0.1487169027,0.1437083006,0.1146013021,0.11256840230000001,0.1075013995,0.0292200595,4.790710831,0.028222416777777776,2.003783941,-0.04952012,0.906112313,0.408192903,62.61209869,976.9005127,998.1668701,20.74366951,20.54113007,19.95376968,21.83143997,23.40288925,56.83723068,43.37400818,2.352499962,0.0559540272
0.1490118027,0.1441208959,0.1132065058,0.11241339450000001,0.1075317979,0.0304925799,4.383728027,0.028203887944444443,2.004170895,-0.192692697,0.907213807,0.354264289,68.7780304,977.2705078,998.1663818,20.7437706,20.5412693,19.95376968,21.83242989,23.40156937,56.8162384,43.37223053,2.420000076,0.0559541702
0.1489155054,0.1439813018,0.113331604,0.1122583985,0.1075289965,0.030789318700000002,6.02383194,0.028171443944444444,2.00455904,0.756585479,0.90850848,0.385406196,70.83334351,977.640625,998.1660156,20.74386978,20.54141045,19.95376968,21.83342934,23.40024948,56.79524994,43.37044907,2.079999924,0.05595430729999999
0.14897700549999998,0.1441205978,0.1138502002,0.11238989829999999,0.107526195,0.0302056104,4.952360916,0.02815322238888889,2.004945993,0.288920313,0.909803212,0.366927594,70.83334351,978.0106201,998.1655884,20.74397087,20.54154968,19.95376968,21.83441925,23.3989296,56.77426147,43.36867905,1.985000014,0.055954462299999994
0.1491598964,0.144215703,0.1146309972,0.1121469021,0.1075232983,0.0295143902,4.646944046,0.02815222211111111,2.0053339,-0.178506494,0.911097825,0.388066888,70.83334351,978.3806763,998.1652222,20.74407005,20.54169083,19.95376968,21.83540916,23.39760971,56.7532692,43.3669014,2.230000019,0.0559545875
0.14925240280000002,0.14423789979999999,0.11448199750000002,0.11213289500000001,0.1075204968,0.0297660798,4.516769028000001,0.02812508263888889,2.005721092,-0.246099204,0.910352588,0.394824803,70.83334351,978.7506714,998.1647949,20.7441597,20.54183006,19.95376968,21.83641052,23.39628983,56.73226929,43.36511993,2.0625,0.0559547424
0.1493147969,0.1442600012,0.1134449005,0.1122475982,0.1075176954,0.0308075696,4.514622116,0.028094944416666667,2.006108999,-0.087786883,0.908927381,0.3376109,65.41484833,979.1207886,998.1644287,20.74426079,20.5419693,19.88348961,21.83740044,23.39496994,56.71128082,43.36333847,2.30250001,0.0559548676
0.1492040992,0.144282198,0.1133733034,0.11236219409999999,0.10751490589999999,0.0308919907,5.098276901,0.02803336038888889,2.006495953,-0.194242403,0.907502174,0.348346293,63.60868073,979.4907837,998.1638794,20.74435997,20.54211044,19.86005974,21.83839035,23.39365005,56.69028854,43.36156082,2.192500114,0.0559550226
0.14921100140000002,0.1444488049,0.1138442993,0.11230930089999999,0.1075121045,0.0304392606,5.433023071,0.027937666583333333,2.006884098,0.167563304,0.906077087,0.353927314,63.60868073,979.6431885,998.1635132,20.74445915,20.54224968,19.86005974,21.8393898,23.39233017,56.66930008,43.35977936,2.262500048,0.0559551477
0.1495690942,0.14466350079999998,0.11370710129999999,0.11220040319999999,0.1075093031,0.030762261200000002,3.8172359470000004,0.02786413827777778,2.007271051,-0.102926701,0.90465188,0.348333806,63.60868073,979.7230225,998.1630859,20.74456024,20.54239082,19.86005974,21.84037971,23.39101028,56.67977142,43.35800171,2.107500076,0.0559553027
0.1496263981,0.1446943045,0.1137249947,0.1120915055,0.1075065017,0.0309799612,4.159135056,0.027831861694444446,2.007658958,-0.237039194,0.903226674,0.352023095,63.56629944,979.8029175,998.1627197,20.74464989,20.5425396,20.00094032,21.84136963,23.3896904,56.70072174,43.35622025,2.362499952,0.0559554279
0.1497486949,0.1449229002,0.1136355996,0.11212359670000001,0.1075037003,0.0310702503,4.715610122999999,0.027809999250000002,2.008045912,-0.033545811,0.901801586,0.358806789,63.50978851,979.8826294,998.1621704,20.74474907,20.54268074,20.04789925,21.84236908,23.38837051,56.72167969,43.35443878,2.237499952,0.0559555829
0.14993699789999998,0.14493629930000002,0.1150601983,0.1119871974,0.1075008988,0.029862689999999997,5.033189011,0.027788639055555554,2.008434057,-0.175526306,0.900376379,0.365590394,63.4532814,979.9624023,998.1618042,20.74485016,20.54281998,20.04789925,21.8433609,23.38705063,56.74263,43.35266113,2.272500038,0.05595570800000001
0.1498996973,0.145204103,0.114011097,0.1119441986,0.1074980021,0.0309251785,5.466640091,0.027767446305555554,2.008821011,-0.039387181,0.898951173,0.332223386,63.39677048,980.0421753,998.161377,20.74494934,20.54295921,20.04789925,21.84435081,23.38573074,56.76359177,43.35087967,2.369999886,0.055955857
0.1501752973,0.14510519500000002,0.1142138004,0.11195609570000001,0.1074952006,0.030990260800000002,3.832255936,0.027755192650000003,2.009208918,-0.177791297,0.897526026,0.365417212,63.34025955,980.1220093,998.1608887,20.74505043,20.54310036,20.04789925,21.84535027,23.38441086,56.78454971,43.34910965,2.42750001,0.055955988199999994
0.1499472976,0.1450759053,0.114291203,0.11216599940000001,0.1074923992,0.030813908600000002,4.694150925000001,0.027734993827777776,2.009596109,0.154807702,0.896100879,0.352449685,50.83306122,980.2017822,998.1605225,20.74514008,20.54323959,19.93024063,21.84634018,23.38308907,56.80550003,43.34732819,2.263750076,0.0559561372
0.15029360060000002,0.1454535961,0.1134328961,0.11224360470000001,0.1074895978,0.0316430211,4.62477417,0.027719099255555556,2.009984016,0.02009918,0.894675672,0.382867485,46.66870117,980.2816162,998.1600952,20.74523926,20.54338074,19.89101982,21.84733009,23.38176918,56.82645035,43.34555054,2.028749943,0.0559562683
0.1502202988,0.1453420997,0.1144165039,0.11205379959999999,0.1074867964,0.031037190599999997,5.4258689879999995,0.027699892255555553,2.01037097,-0.202825606,0.893250525,0.337012708,46.66870117,980.3615112,998.159729,20.74534035,20.54351997,19.89101982,21.84832954,23.3804493,56.84740829,43.34376907,2.329999924,0.055956417300000005
0.1504004002,0.1456310987,0.1136355996,0.1121544957,0.10748399500000001,0.0317064613,5.794945145,0.027678697375,2.009079933,-0.069189928,0.891825318,0.342761815,46.66870117,980.4412231,998.1591797,20.74543953,20.54365921,19.89101982,21.84931946,23.37912941,56.86837006,43.34199142,2.150000095,0.0559565485
0.150740695,0.1456063986,0.11396939749999999,0.1120337009,0.1074812055,0.0316616595,3.733546066,0.027668433719444444,2.007230043,-0.082780033,0.890400171,0.327683687,46.66870117,980.5211182,998.1588135,20.74554062,20.54380989,19.89101982,21.85032082,23.37780952,56.88932037,43.34020996,2.275000095,0.0559566975
0.1505972028,0.1457054019,0.1140349984,0.1120295048,0.107478404,0.031571421,4.496735000999999,0.027649887933333336,2.005378962,-0.195076898,0.888975024,0.33049649,49.55918121,980.6008301,998.1583862,20.74563026,20.54394913,20.12634087,21.85131073,23.37648964,56.91027832,43.3384285,2.07249999,0.055956828599999994
0.1508736014,0.1459028006,0.11354629990000001,0.1121021032,0.1074754953,0.0321200311,4.076160049,0.02763465881388889,2.003529072,0.04775615,0.888618708,0.315010101,50.52267075,980.6937256,998.15802,20.74572945,20.54409027,20.20478058,21.85230064,23.37516975,56.93122864,43.33665085,2.10374999,0.0559569776
0.1509297013,0.1459254026,0.11367139820000001,0.11196680070000001,0.10747270579999998,0.032204338900000004,4.866530990999999,0.02762185202777778,2.001678944,-0.128676295,0.888622999,0.321504593,50.52267075,980.7907715,998.1575928,20.74583054,20.54422951,20.20478058,21.85329056,23.37384987,56.9521904,43.33486938,2.268749952,0.0559571087
0.1508476973,0.1458899021,0.11377869839999999,0.1119683027,0.1074699044,0.0320776701,5.573928833,0.027609049480555557,1.999827981,0.741087973,0.888628721,0.338627011,50.52267075,980.8878784,998.1572266,20.74592972,20.54437065,20.20478058,21.85429001,23.37252998,56.97314072,43.33309937,2.317500114,0.0559572577
0.1507657051,0.14585429430000002,0.1138025045,0.1120383978,0.107467103,0.0321154088,5.154064941,0.027590950861111112,1.997977972,0.557145178,0.888634384,0.302048802,50.52267075,980.9849854,998.1566772,20.74603081,20.54450989,20.20478058,21.85527992,23.3712101,56.99409866,43.33575821,2.140000105,0.0559573889
0.1505874038,0.1455929995,0.1154893041,0.11210860010000001,0.1074633956,0.030381488800000002,5.967324066,0.027581011455555558,1.996127009,0.360327691,0.888640225,0.319819093,69.20600128,981.0822144,998.156311,20.74612045,20.54464912,20.0635891,21.85627937,23.36989021,57.01506042,43.33990097,2.200000048,0.0559575379
0.15072849989999998,0.1454995036,0.11531649829999999,0.11217889789999999,0.1074594021,0.030276471399999998,4.121936035,0.027549552916666668,1.994277,-0.065255977,0.888645887,0.335665107,75.43377686,981.1793213,998.1558838,20.74621964,20.54479027,20.01651955,21.85726929,23.36857033,57.03601074,43.34405136,2.112499952,0.055957680899999994
0.15027610060000002,0.1451868057,0.1155905962,0.1122300982,0.1074553967,0.029908850799999998,5.3836689,0.027531178791666666,1.992426991,-0.236443102,0.888651609,0.324356705,75.43377686,981.2764282,998.1555176,20.74632072,20.54494095,20.01651955,21.8582592,23.36725044,57.05696106,43.34820175,2.017499924,0.055957818000000006
0.150257802,0.1450091958,0.1147711039,0.11245579720000001,0.10745140310000001,0.030388870800000002,4.37013588,0.027519916958333335,1.990576029,-0.246218398,0.888657272,0.350700796,75.43377686,981.3734741,998.1550293,20.74641991,20.54508018,20.01651955,21.85924911,23.36593056,57.07791901,43.35234833,2.150000095,0.055957961099999995
0.1498383999,0.1449100018,0.11344790460000001,0.1125201941,0.1074447989,0.0315582305,5.384386063,0.027497234344444444,1.98872602,-0.244787797,0.888663113,0.350695908,70.71734619,981.085083,998.1546021,20.74651909,20.54521942,19.87533951,21.86025047,23.36461067,57.09888077,43.35649109,2.237499952,0.055958098199999994
0.1498404026,0.1448109031,0.11393959520000001,0.11251080040000001,0.10743739599999999,0.0310019612,5.206996155000001,0.027491605547222225,1.986876011,-0.185063094,0.888668776,0.337039798,69.14521027,980.6682739,998.1541748,20.74661064,20.54536057,19.8282795,21.86124039,23.36329079,57.11983109,43.36064148,2.055000067,0.0559582412
0.1498324037,0.14500819439999998,0.11374889610000001,0.11231739519999999,0.1074300051,0.031071910299999998,5.792800903,0.027483988866666666,1.986904979,0.273184389,0.888674498,0.338241011,69.14521027,980.2514038,998.1536865,20.74670982,20.5454998,19.8282795,21.86223984,23.3619709,57.14078903,43.36479187,2.267499924,0.0559583783
0.1498499036,0.1450047016,0.1140766978,0.11206270460000001,0.1074224949,0.030899009100000003,5.306420898,0.027473392486111112,1.987561941,0.022364231,0.888524115,0.414691001,69.14521027,979.8345947,998.1533203,20.74681091,20.54564095,19.8282795,21.86322975,23.36064911,57.16173935,43.36893082,2.24000001,0.0559585214
0.1499004006,0.1449012995,0.1144343019,0.1120602012,0.1074151039,0.0305080295,4.385873032,0.027462798225,1.98821795,0.199392706,0.888321579,0.388545603,69.14521027,979.4177246,998.1528931,20.7469101,20.54578018,19.8282795,21.86421967,23.35932922,57.18270111,43.37308121,2.237499952,0.0559586585
0.1501181006,0.1451691985,0.11369520429999999,0.1121418953,0.10740770100000001,0.0311888397,3.923093033,0.027452199725,1.988875031,-0.080157317,0.888119102,0.363649607,68.67610168,978.2816162,998.1525269,20.74700928,20.54591942,19.85181046,21.86521912,23.35800934,57.20365906,43.3772316,2.107500076,0.0559588015
0.1499976993,0.1451529026,0.1140887022,0.11213740109999999,0.1074002028,0.0310805887,5.121881866,0.027435641819444443,1.989531994,-0.01280307,0.887916625,0.373215109,68.51973724,978.0858765,998.1519775,20.74710083,20.54606056,19.85964966,21.86621094,23.35668945,57.22460938,43.38137054,2.089999914,0.055958938599999994
0.1504132032,0.1453313947,0.1140944958,0.1121042967,0.10739279989999999,0.0310583115,4.172723007,0.027432992722222223,1.990188003,-0.171711504,0.887714088,0.35796839,68.51973724,978.2836304,998.1516113,20.74720001,20.54620934,19.85964966,21.86720085,23.35536957,57.24555969,43.38552094,2.099999905,0.0559590816
0.1501284957,0.14524799589999998,0.11563229559999999,0.11207120420000001,0.10738539700000001,0.0296989799,6.598191071,0.027418749066666668,1.990844965,-0.246576101,0.887511671,0.397245198,68.51973724,978.4813843,998.1511841,20.74729919,20.54635048,19.85964966,21.8682003,23.35404968,57.26652145,43.38967133,2.039999962,0.0559592187
0.150325501,0.1453663945,0.11455940010000001,0.11204090120000001,0.1073778987,0.0306884497,5.932995987,0.027404844497222223,1.991500974,-0.246894002,0.887309194,0.346400708,68.51973724,978.6790771,998.1508179,20.74740028,20.54648972,19.85964966,21.86919022,23.3527298,57.28234863,43.39382172,2.049999952,0.055959361799999996
0.1502729058,0.14512499569999998,0.1140766978,0.11201150419999999,0.1073704958,0.0312896997,4.989556122,0.02740683237777778,1.992158055,-0.247211799,0.887106717,0.37828511,74.53379822,978.87677,998.1503296,20.74749947,20.54663086,19.85964966,21.87018013,23.35140991,57.2964592,43.39796066,2.32249999,0.0559594989
0.1497038007,0.1450147033,0.11346869470000001,0.11234749559999999,0.1073631048,0.0316562414,7.008040619000001,0.02740352206666667,1.992813945,0.078155003,0.88690418,0.365067691,76.53848267,979.074585,998.1499023,20.74758911,20.5467701,19.85964966,21.87117958,23.35009003,57.31058121,43.40211105,2.200000048,0.0559596419
0.149532795,0.1450001001,0.11311709880000001,0.11233979460000001,0.10736119749999999,0.0318377703,5.139762878,0.02741477966388889,1.993471026,0.445563704,0.886701822,0.367340386,76.53848267,979.2722778,998.1494751,20.7476902,20.54690933,19.85964966,21.87216949,23.34877014,57.3246994,43.40626144,2.025000095,0.055959779
0.1494462013,0.1446514964,0.1145714045,0.1121768951,0.10736119749999999,0.0304087907,5.689802933,0.027487629783333335,1.994127035,0.069094963,0.886499286,0.384232014,76.53848267,979.4699707,998.1491089,20.74778938,20.54705048,19.85964966,21.87315941,23.34745026,57.33880997,43.41040039,2.380000114,0.055959922100000004
0.1496759057,0.1448923945,0.11405279639999999,0.11228419540000001,0.10736119749999999,0.030598661300000003,4.051126098999999,0.02765353308888889,1.994783998,-0.190308407,0.886296809,0.351992488,76.53848267,979.4608154,998.1486816,20.74789047,20.54718971,19.85964966,21.87416077,23.34613037,57.35292816,43.41455078,2.315000057,0.0559600592
0.150020504,0.144968605,0.1143748045,0.112065196,0.1073209047,0.030517658600000004,4.0979778289999995,0.027798582722222222,1.995440006,-0.241807595,0.886094272,0.370852202,80.20085907,979.3826294,998.1483154,20.74798965,20.54733086,19.85964966,21.87515068,23.34481049,57.34410858,43.41870117,2.317500114,0.055960202199999996
0.1500185966,0.1452134967,0.1140766978,0.1120157957,0.10729930400000001,0.030891901300000003,5.097924042,0.027846917055555555,1.996096969,-0.205805898,0.88649261,0.369507313,81.42165375,979.3043823,998.1478271,20.74809074,20.54747009,19.85964966,21.87614059,23.3434906,57.32764053,43.42284012,2.047499895,0.055960339299999995
0.1505970001,0.14576179979999998,0.1130277038,0.11206920149999999,0.107288301,0.0321858287,4.989556122,0.02786016675,1.996551991,-0.184109405,0.887090981,0.353930414,81.42165375,979.2260742,998.1473999,20.74818039,20.54762077,19.85964966,21.87714005,23.34217072,57.31116104,43.42699051,2.317500114,0.0559604824
0.150664103,0.1457672954,0.1138085008,0.11186590190000001,0.10727729800000001,0.031953358700000004,5.355059052,0.027859834027777777,1.996940017,-0.125338405,0.887689412,0.37745589,81.42165375,979.1937866,998.1469727,20.74827957,20.54776001,19.85964966,21.87812996,23.34085083,57.29468918,43.42673874,2.372499943,0.0559606194
0.15101619959999998,0.14615360500000002,0.1138620973,0.1119521022,0.107266295,0.0319051594,3.9266689300000004,0.027838971888888887,1.997328043,-0.050473791,0.888287902,0.333963811,73.34996033,979.1768799,998.1464844,20.74838066,20.54789925,19.85964966,21.87911987,23.33953094,57.27822113,43.42501831,2.102499962,0.055960762500000004
0.1513466954,0.1462792993,0.1147443056,0.111829102,0.1072553039,0.031409359,4.409474945,0.02783236186111111,1.99771595,-0.01494888,0.888886273,0.375235289,70.65940094,979.1599121,998.1461182,20.74847984,20.54804039,19.85964966,21.88011932,23.33820915,57.26174927,43.42329025,2.319999933,0.0559608996
0.15143829579999998,0.1465698957,0.1140171051,0.111789,0.1072443008,0.032262250799999996,5.937997818,0.027805527583333333,1.998103023,0.394064397,0.889484823,0.342188686,70.65940094,979.1428833,998.1456909,20.74858093,20.54817963,19.85964966,21.88110924,23.33688927,57.24528122,43.42156982,2.24000001,0.0559610426
0.1514724016,0.14636429550000002,0.11450589900000001,0.1118136048,0.10723329779999999,0.032064071300000004,5.993787003,0.02779361088888889,1.998491049,0.356512904,0.890083194,0.363711298,70.65940094,979.1259155,998.1453247,20.74867058,20.54832077,19.85964966,21.88209915,23.33556938,57.22880936,43.4198494,2.089999914,0.0559611917
0.1512181044,0.14617890120000002,0.1146788001,0.1119477034,0.1072222948,0.0316177487,5.311426926,0.02777771208055556,1.998878956,0.099255353,0.890681624,0.375499308,70.65940094,979.1088867,998.1447754,20.74876976,20.54846001,19.85964966,21.88310051,23.3342495,57.2351799,43.41812897,2.292500019,0.055961322800000005
0.1511237025,0.1460670948,0.11491119860000001,0.11211819649999999,0.10721130370000001,0.0312641412,4.872967911,0.027762811449999997,1.999266982,-0.059653051,0.891280115,0.373850703,56.52825165,979.09198,998.1444092,20.74887085,20.54859924,19.85964966,21.88409042,23.33292961,57.2491684,43.41640854,2.279999971,0.055961471799999996
0.1511147022,0.14595530029999998,0.1150364041,0.1120378971,0.1072003007,0.031057781,5.062514114,0.02774161868611111,1.999655008,-0.1690889,0.891878486,0.381951511,51.81787109,979.0750122,998.1439819,20.74897003,20.54874039,19.85964966,21.88508034,23.33160973,57.26314926,43.41468811,2.11500001,0.0559616029
0.15075429680000002,0.1464063048,0.1154237986,0.11210139990000001,0.1071892023,0.0305384606,5.702674866000001,0.027728703816666665,2.000042915,-0.232866794,0.892476976,0.375373811,51.81787109,979.0579834,998.1436157,20.74906921,20.54888916,19.85964966,21.88607979,23.33028984,57.27714157,43.4129715,2.220000029,0.0559617519
0.1505679965,0.1460625052,0.11490520239999999,0.11242289539999999,0.1071782947,0.031501078599999996,5.512417984,0.02772539138888889,2.000431061,-0.009345978,0.893075407,0.362819791,51.81787109,979.0410156,998.1431274,20.74916077,20.5490303,19.85964966,21.8870697,23.33278084,57.29113007,43.41125107,2.420000076,0.0559618771
0.15033999680000001,0.1453914046,0.1146548986,0.11234710219999999,0.1072227955,0.031382671,6.699044037,0.02770519256666667,2.000818968,-0.149538204,0.894850492,0.336508512,51.81787109,979.0239868,998.1427002,20.74925995,20.54916954,19.85964966,21.88806915,23.33654022,57.30511093,43.40953064,2.342499971,0.0559620321
0.1500658035,0.1450598001,0.11416020389999999,0.11248639819999999,0.10726749900000002,0.0311669886,5.629721069,0.02769757588611111,2.001207113,0.658355474,0.897017717,0.359674811,45.34685898,979.007019,998.1422729,20.74935913,20.54931068,20.02676964,21.88905907,23.34029961,57.31909943,43.40781021,2.232500076,0.055962157199999994
0.1498458982,0.14484139680000002,0.1139456034,0.1125535011,0.1073060036,0.0310983509,3.814373016,0.02768035464722222,2.001594067,0.146582201,0.899185002,0.345180303,43.18984985,978.9901123,998.1417847,20.74946022,20.54944992,20.08247948,21.89005089,23.3440609,57.33309174,43.40608978,2.022500038,0.055962312199999996
0.1494874001,0.1446230054,0.11471450329999999,0.1125558019,0.1073446035,0.0301109999,4.994564056,0.027657835219444447,2.001981974,-0.214865893,0.901352286,0.358773589,43.18984985,978.9730835,998.1414185,20.7495594,20.54958916,20.08247948,21.8910408,23.34782982,57.34708023,43.40436935,2.3125,0.055962437399999995
0.1498985052,0.14469599719999998,0.1144582033,0.1123451948,0.1073830962,0.0301771313,3.787194824,0.027648237016666664,2.002370119,0.191882402,0.903838217,0.360824615,43.18984985,978.9915161,998.1411133,20.74964905,20.5497303,20.08247948,21.89204025,23.3515892,57.3610611,43.40264893,2.257499933,0.0559625924
0.1495239019,0.1448662043,0.11376680139999999,0.1122714996,0.1074216962,0.0310073704,6.9751350400000005,0.027627042133333335,2.002758026,0.235513702,0.906430304,0.337678701,43.18984985,979.0217285,998.140625,20.74975014,20.54986954,20.08247948,21.89303017,23.35535049,57.37504959,43.40092087,2.301249981,0.0559627175
0.1499709964,0.14491540190000002,0.1136474967,0.1122671962,0.1074602008,0.031216579700000004,5.5796520229999995,0.02761346605,2.003145933,0.124170497,0.90902251,0.353627592,48.64802933,979.0518188,998.1401978,20.74984932,20.55001068,19.98595047,21.89402962,23.35910988,57.3890419,43.39920044,2.436249971,0.055962872500000004
0.1499837041,0.1449244022,0.1137189984,0.1122627974,0.10749870539999999,0.0311842412,5.0110160829999995,0.027595252991666666,2.003534079,-0.01316072,0.911614478,0.350984007,50.46741867,979.0819702,998.1397705,20.74995041,20.55015945,19.95376968,21.89501953,23.36286926,57.4030304,43.39748001,2.387500048,0.055962997699999996
0.14972109790000002,0.1449334025,0.11439859869999999,0.1124477983,0.10753730539999999,0.03059071,6.528096008,0.027574060227777777,2.003921986,-0.161936104,0.914206684,0.354006886,50.46741867,979.1121826,998.1392822,20.75004959,20.5503006,19.95376968,21.89600945,23.36663055,57.41701889,43.39575958,2.142499924,0.055963152599999996
0.1500944972,0.1453709006,0.1133672953,0.1123731971,0.1075469017,0.031587949399999996,5.48380394,0.027557832930555557,2.004309893,0.185325801,0.915605724,0.344331801,50.46741867,979.142395,998.138916,20.75013924,20.55043983,19.95376968,21.8970108,23.37038994,57.43099976,43.39403915,2.039999962,0.0559632778
0.1501899958,0.1453505993,0.1138442993,0.11219110489999999,0.1075538993,0.0315266997,4.485292053,0.027580019633333334,2.004698038,-0.01554497,0.916607082,0.362667114,71.67617035,979.1726074,998.1384888,20.75024033,20.55057907,19.83612061,21.89800072,23.37416077,57.44498825,43.39231873,2.075000048,0.055963432800000004
0.15012220140000002,0.1454586983,0.1140885949,0.1122696996,0.10756330489999999,0.0312620014,4.904441071,0.02758167478888889,2.005084991,-0.2146274,0.9176085,0.392372489,78.74575043,979.2028198,998.1381226,20.75033951,20.55072021,19.7968998,21.89899063,23.37792015,57.45898056,43.3905983,2.112499952,0.055963558000000004
0.1506832004,0.1456763983,0.1142138004,0.112005198,0.10757260319999999,0.031282490499999996,4.088322067,0.02757240083611111,2.005472898,-0.243715003,0.918609917,0.344519109,78.74575043,979.1154785,998.1375732,20.7504406,20.55085945,19.7968998,21.89999008,23.38167953,57.47296906,43.38888168,2.217499971,0.0559637129
0.1506119013,0.145768404,0.1137428999,0.1119243026,0.1075819969,0.0319019288,6.611781311,0.027554189894444445,2.005861044,-0.242761299,0.919611216,0.367440194,78.74575043,978.9890747,998.137207,20.75053978,20.5510006,19.7968998,21.90098,23.38544083,57.48694992,43.38716125,2.414999962,0.055963838099999996
0.1508455038,0.14497760529999998,0.11305149789999999,0.1119524002,0.10759129519999999,0.0327021807,6.661846924,0.0275180965,2.006248951,-0.241807595,0.920612574,0.333075792,78.74575043,978.862793,998.1367798,20.75062943,20.55113983,19.7968998,21.90196991,23.38920021,57.50093842,43.38544083,2.342499971,0.0559639871
0.1508165956,0.14506469959999999,0.1141481996,0.1119804025,0.1076007009,0.030829429600000003,5.736294937,0.027513792250000002,2.006000996,0.640354514,0.921613991,0.379673988,81.00321198,978.8485718,998.1364136,20.75073051,20.55127907,19.84395981,21.90296936,23.39295959,57.51493073,43.3837204,2.352499962,0.0559641182
0.150259304,0.14553780560000001,0.1136952996,0.1122856021,0.1076099992,0.0313722193,6.633241271999999,0.027506838905555556,2.005541086,0.726901829,0.92261529,0.348696202,81.75569916,978.8717041,998.1359253,20.7508297,20.55142975,19.85964966,21.90395927,23.39672089,57.52891922,43.38199997,2.234999895,0.0559642673
0.1504873991,0.145412302,0.11547739509999999,0.1122135997,0.10761940480000001,0.0300612897,5.044636917,0.02751925786388889,2.005079985,0.475366414,0.922032714,0.358451098,81.75569916,978.8948975,998.135498,20.75093079,20.55157089,19.85964966,21.90494919,23.40048981,57.54290009,43.3802681,2.287499905,0.0559644103
0.1505023003,0.14561669829999999,0.1150781035,0.1121080995,0.1076254964,0.0303342193,4.388016891,0.02753978517222222,2.004620075,0.264362812,0.920922101,0.370978385,81.75569916,978.9180908,998.1350708,20.75102997,20.55171013,19.85964966,21.90595055,23.40424919,57.55688858,43.37855148,2.200000048,0.055964547399999995
0.1506044984,0.1456032991,0.11475030180000001,0.1120434999,0.1076305032,0.030866459000000002,3.8372631069999996,0.027616941663888887,2.004159927,0.115229599,0.919811487,0.375663012,81.75569916,978.9412231,998.1345825,20.75111961,20.55184937,19.85964966,21.90694046,23.40801048,57.57088089,43.37683105,2.30250001,0.055964690399999996
0.15055270199999998,0.1454584002,0.11410059930000001,0.11221530440000001,0.1076356053,0.031475350299999996,3.300093842,0.027712972427777777,2.003700018,0.532468617,0.918700874,0.405504405,61.8608017,978.9644165,998.1342163,20.7512207,20.55199051,20.14203072,21.90793037,23.41176987,57.58486176,43.37511063,2.424999952,0.0559648275
0.1504209995,0.1453135014,0.11404089930000001,0.1124660015,0.10764060019999999,0.0313377887,4.441659927,0.027782694499999996,2.003240108,0.106408,0.91759032,0.379848003,55.22917175,978.5753784,998.1337891,20.75131989,20.55212975,20.23616028,21.90892982,23.41552925,57.59312057,43.3733902,2.285000086,0.0559649706
0.15028920169999999,0.14545229669999998,0.1147382975,0.11235860589999999,0.1076455951,0.0305516988,6.241270827999999,0.027813805472222224,2.002779007,-0.177910402,0.916479588,0.4052549,55.22917175,978.0488892,998.1334229,20.75141907,20.55227089,20.23616028,21.90991974,23.41929054,57.59947968,43.37166977,2.147500038,0.0559651077
0.1506441951,0.14568560120000001,0.1152210951,0.1121319056,0.1076506972,0.0303043395,5.3514789579999995,0.027807693472222225,2.002319098,-0.235489398,0.915368974,0.389415205,55.22917175,977.522522,998.1329956,20.75152016,20.55241013,20.23616028,21.91090965,23.42304993,57.60583115,43.36994934,2.390000105,0.055965250700000004
0.1506108046,0.1456665993,0.1147562027,0.11207250360000001,0.10765570399999999,0.030953741099999998,4.483145905,0.027792445277777775,2.00185895,-0.247291297,0.91425842,0.384336293,66.96063995,976.9959717,998.1326294,20.7516098,20.55256081,19.93025017,21.9119091,23.42682076,57.61219025,43.37073135,2.487499952,0.0559653878
0.15067800280000002,0.1455636024,0.1148038983,0.11233659979999999,0.1076607943,0.030972328799999997,3.8179519650000002,0.02778566572222222,2.00139904,-0.02937342,0.913147688,0.359379113,70.8711319,977.4398193,998.1320801,20.75171089,20.55270004,19.8282795,21.91290092,23.43058014,57.61854172,43.37234879,2.174999952,0.055965530900000005
0.150445199,0.14546060560000001,0.11511379479999999,0.1124341965,0.107665801,0.030500969300000003,5.189831924,0.027781694194444442,2.000938892,-0.1742149,0.912037075,0.341280609,70.8711319,978.2069702,998.1317139,20.75181007,20.55283928,19.8282795,21.91389084,23.43433952,57.62488937,43.37397003,2.317500114,0.055965668
0.1504518032,0.14603719710000002,0.1147264004,0.1124464989,0.10767079589999999,0.0307390302,5.585374832,0.027747908697222223,2.000478983,0.078631803,0.910926521,0.397621512,70.8711319,978.9741821,998.1312866,20.75190926,20.55298042,19.8282795,21.91489029,23.43810081,57.63124847,43.37559128,2.460000038,0.055965811
0.15058200360000001,0.1456737041,0.11526880260000001,0.1123419046,0.1076758981,0.030768358699999998,4.302899933,0.027728038363888888,2.000017881,-0.127245799,0.909341395,0.405241489,70.8711319,978.685791,998.1309204,20.75201035,20.55311966,19.8282795,21.9158802,23.4418602,57.63759995,43.37720108,2.480000019,0.055965948099999996
0.1504171014,0.1455971003,0.11407070159999999,0.1124529004,0.1076809049,0.031602931,5.52600708,0.027716117436111114,1.999557972,-0.235966295,0.907598019,0.436324507,64.69212341,978.0454712,998.1303711,20.75209999,20.5532608,19.99299049,21.91687012,23.44561958,57.64395905,43.37881851,2.337500095,0.0559660912
0.1504889011,0.1457458973,0.1142912984,0.11240550279999999,0.10768599510000001,0.0312244385,4.741358948,0.027704196505555556,1.999097943,-0.204732895,0.905854702,0.403473288,62.6324501,977.4052124,998.1300049,20.75219917,20.55340004,20.04789925,21.91786957,23.44938087,57.65031052,43.38043976,2.087500095,0.0559662282
0.15039010049999998,0.14589459899999999,0.1152210951,0.1124431014,0.1076910019,0.0305220902,5.109009171,0.02767538706388889,1.998638034,-0.233582005,0.904111385,0.421086788,62.6324501,976.7648926,998.1295776,20.75230026,20.55353928,20.04789925,21.91885948,23.45314026,57.65665817,43.382061,2.282500029,0.0559663713
0.15071020129999999,0.1459344983,0.11504230499999998,0.11234060530000001,0.1076959968,0.030860450900000003,4.864387131,0.027656843397222224,1.998177052,-0.247172102,0.902368009,0.397548497,62.6324501,976.1245728,998.1292114,20.75239944,20.55368042,20.04789925,21.92120934,23.45690918,57.66302109,43.38367081,2.30250001,0.055966508400000003
0.1508438945,0.1456436992,0.1150840044,0.11217299700000001,0.10770109889999999,0.030850478999999997,4.628348923,0.027643600038888886,1.997717023,-0.114967003,0.900624692,0.400216103,62.6324501,976.1687012,998.1287231,20.75250053,20.55381966,20.04789925,21.92402077,23.46067047,57.66936874,43.38528824,2.099999905,0.0559666514
0.1505825043,0.1456944942,0.1144641042,0.1124042988,0.10770610570000001,0.031179618799999996,5.164801025,0.02762936062222222,1.997256994,0.005316994,0.898881316,0.37902379,72.54534149,976.440979,998.1282959,20.75259018,20.5539608,19.85964966,21.92682076,23.46442986,57.67572021,43.38690948,2.025000095,0.055966788499999996
0.1507056952,0.1458919048,0.11413040160000001,0.1125453949,0.1077111959,0.0314923614,6.623226929,0.027605853611111113,1.996796966,-0.177075997,0.897138,0.378306001,75.84963989,976.7133179,998.1279297,20.75268936,20.55410957,19.7968998,21.92963028,23.46818924,57.68207932,43.38853073,2.305000067,0.055966931600000006
0.1509876966,0.1461752057,0.11361169820000001,0.11226439479999999,0.1077162027,0.0322561592,6.918633269999999,0.027599228752777778,1.996337056,-0.113298103,0.895394683,0.388859689,75.84963989,976.9855957,998.1273804,20.75279045,20.55425072,19.7968998,21.93243027,23.47195053,57.68843079,43.39014816,2.295000076,0.0559670687
0.1512696981,0.146203196,0.1142375946,0.1121716022,0.10772119760000001,0.0319375694,5.049642944,0.027579358419444446,1.995875955,-0.202706397,0.893651307,0.349394709,75.84963989,977.2578735,998.1270142,20.75288963,20.55438995,19.7968998,21.93523979,23.47570992,57.70151901,43.39176941,2.289999962,0.0559672117
0.151088202,0.1463474989,0.1143388987,0.11217999460000001,0.1076993942,0.0318641692,5.893651962,0.027566774155555553,1.995416045,0.303821594,0.89190799,0.387219012,75.84963989,977.5302124,998.1265869,20.75299072,20.55452919,19.7968998,21.93803978,23.47948074,57.71685028,43.39337921,2.232500076,0.055967348800000004
0.1515745044,0.146757102,0.11389189959999999,0.11218849420000002,0.10766860250000002,0.0324556291,5.633298111,0.027549389733333332,1.994956017,0.01580755,0.890164614,0.358677089,68.93859863,977.8024902,998.1262207,20.75308037,20.55467033,19.93808937,21.9408493,23.48324013,57.73218918,43.39500046,2.247499943,0.0559674919
0.1516378999,0.146734798,0.1141541958,0.1120295048,0.10763779879999999,0.032602939,6.23483696,0.027528858186111112,1.994495988,0.01556915,0.888421297,0.368292987,66.63491821,978.0748291,998.1256714,20.75317955,20.55480957,19.98514938,21.94364929,23.48699951,57.74752045,43.3966217,2.237499952,0.055967629
0.151979804,0.1468171954,0.11449990269999999,0.11203500029999999,0.1076069951,0.0322349101,4.185596085,0.027531672583333333,1.994035959,0.047517739,0.886677921,0.374189496,66.63491821,978.3469849,998.1253052,20.75328064,20.55495071,19.98514938,21.94646072,23.4907608,57.76285172,43.39823914,2.36500001,0.055967772000000006
0.1517688036,0.1469895959,0.1144104958,0.1121137977,0.1075762987,0.0324259013,5.920830917,0.027511475880555553,1.993574977,-0.172426805,0.884934604,0.349441111,66.63491821,978.6193848,998.1248779,20.75337982,20.55508995,19.98514938,21.94926071,23.49452019,57.77817917,43.39986038,2.470000029,0.055967921
0.1520117044,0.1471621037,0.11455349919999999,0.1121927023,0.10754549499999999,0.0323710114,6.983718872,0.027491438125,1.993114948,0.02796708,0.883962274,0.354260415,65.43656158,978.8917236,998.1245117,20.75348091,20.55522919,19.98044014,21.9520607,23.49827957,57.79351044,43.40147018,2.287499905,0.0559680521
0.1521407008,0.14720410109999998,0.1144582033,0.11219660039999999,0.10751470329999999,0.0326800704,6.618930054000001,0.027474882338888888,1.992655039,0.363069504,0.883247077,0.339435786,65.03710938,979.1638794,998.1240845,20.75357056,20.55537987,19.97417068,21.95487022,23.50204086,57.80884171,43.40309143,2.11500001,0.0559682012
0.1520467043,0.1469076991,0.1152449012,0.1121755958,0.1074838996,0.0319591314,5.922977066,0.027479682497222224,1.99219501,0.270084798,0.882531822,0.36335659,65.03710938,979.4362183,998.1237183,20.75366974,20.5555191,19.96788979,21.95767021,23.50580025,57.82416916,43.40470886,1.997499943,0.0559683323
0.1519168019,0.146807301,0.1153640985,0.1123226047,0.1074530959,0.0315451413,5.001715088,0.027511471641666667,1.991734982,-0.072051004,0.881816626,0.369612813,65.03710938,979.7086182,998.12323,20.75377083,20.55566025,19.96161079,21.96047974,23.50956917,57.83951187,43.40633011,2.127500057,0.0559684813
0.1517869949,0.1465968013,0.1155071974,0.1122902036,0.1074542999,0.0313671708,4.7749759670000005,0.027573729622222223,1.991273999,-0.225714102,0.88110131,0.364494592,65.03710938,979.7213745,998.1228027,20.75387001,20.55579948,19.95533943,21.96327972,23.51333046,57.85483932,43.40793991,2.285000086,0.05596861239999999
0.1514562964,0.14650880100000002,0.1154297948,0.1124555945,0.1074661016,0.031189200299999997,6.12039299,0.027591281466666666,1.990813971,-0.245383993,0.880386114,0.359376401,72.92697906,979.6478271,998.1223755,20.75396919,20.55594063,19.83612061,21.96608925,23.51708984,57.87017059,43.40956116,2.319999933,0.0559687614
0.1513568997,0.14648489950000002,0.11498860120000001,0.1125237942,0.10747799870000001,0.031520679600000004,6.764137268000001,0.02758134206111111,1.990353942,-0.245383993,0.879670799,0.332655698,75.55693817,979.5742188,998.1218872,20.75406075,20.55607986,19.7968998,21.96565056,23.52084923,57.88550186,43.41117859,2.140000105,0.0559688926
0.15131560559999999,0.1459776998,0.1162701011,0.11234110589999999,0.10748980050000001,0.030214869999999998,5.585374832,0.02758001751388889,1.993090034,-0.245383993,0.878955483,0.378159106,75.55693817,979.5006104,998.121521,20.75415993,20.5562191,19.7968998,21.9641304,23.51999092,57.90082932,43.41279984,2.222500086,0.055969041600000005
0.1509840012,0.1461469054,0.1148097992,0.1126091003,0.1075016975,0.0311678499,6.880722046,0.027562796275,1.996891975,-0.245383993,0.879801273,0.349603891,75.55693817,979.427002,998.1210938,20.75425911,20.55636024,19.7968998,21.96261978,23.51759911,57.91616058,43.41442108,2.05250001,0.0559691727
0.1512964964,0.1458796978,0.1153640985,0.1123492956,0.10751349930000001,0.030782750199999997,5.738441086,0.02755385928611111,2.000694036,-0.245383993,0.881167471,0.367206305,75.55693817,979.3533936,998.1207275,20.7543602,20.55651093,19.7968998,21.96109962,23.51519966,57.93149948,43.40438843,2.00999999,0.0559693217
0.15077530150000001,0.1457604051,0.11445809600000001,0.1124716043,0.10756629710000001,0.031421568999999996,7.257668304000001,0.027541938358333334,2.004496098,0.392633885,0.88253361,0.355336487,72.29891968,979.2797852,998.1201782,20.75445938,20.55665016,19.90395927,21.95957947,23.51280975,57.94683075,43.39049149,2.184999943,0.05596945290000001
0.15070149900000002,0.14576979880000002,0.1143628001,0.1126350045,0.1076326013,0.0314438313,6.787019347999999,0.02753432167777778,2.008296967,0.596723318,0.883899689,0.356678396,71.21291351,979.2061768,998.119812,20.75455093,20.5567894,19.93964958,21.95807076,23.51041031,57.9621582,43.37657928,2.194999933,0.0559696019
0.15039930340000002,0.1454745054,0.1153522015,0.112529397,0.10763189790000001,0.030432981300000002,6.397912979,0.02756876203611111,2.012099028,0.141813695,0.887082279,0.384272009,71.21291351,979.1326294,998.1193848,20.75465012,20.55693054,19.93964958,21.9565506,23.5080204,57.97748947,43.36267853,2.0,0.055969727000000004
0.15040860179999999,0.1455587029,0.1154119015,0.1126392007,0.10760890249999999,0.030062639699999998,4.970960999,0.027635320027777778,2.015901089,-0.187685803,0.890870392,0.368571788,71.21291351,979.059021,998.1190186,20.7547493,20.55706978,19.93964958,21.95503044,23.50563049,57.99282074,43.34877014,2.112499952,0.055969882000000006
0.1505769014,0.1454053998,0.11461910010000001,0.1123988032,0.10758589510000001,0.0309395492,3.941691971,0.027716117436111114,2.019702911,-0.222257003,0.894658387,0.361965597,71.21291351,978.9854126,998.1185303,20.75485039,20.55721092,19.93964958,21.95351028,23.50322914,58.00815964,43.33486938,2.07249999,0.055970007200000005
0.1501232982,0.1451195002,0.1142912984,0.1125736952,0.10756289960000001,0.031060230700000004,5.842871094,0.027786666027777778,2.016855001,-0.203898504,0.89844662,0.363779813,65.53072357,978.9118042,998.118103,20.75494957,20.55735016,19.8325901,21.95199966,23.50083923,57.96247101,43.320961,2.265000105,0.05597016219999999
0.149969399,0.1453086972,0.11485160590000001,0.1127493024,0.1075397968,0.030249988999999998,7.340637207,0.027858833750000003,2.011790991,-0.097562186,0.902234614,0.365594,63.63665009,978.8381958,998.1176758,20.75503922,20.5574894,19.7968998,21.95047951,23.49843979,57.89645004,43.30706024,2.430000067,0.0559702873
0.1503589988,0.1453168988,0.11511980299999999,0.1123976946,0.1075168014,0.0301889211,6.093214035,0.02792605505555556,2.006727934,-0.201275796,0.904380023,0.367408186,63.63665009,978.7645874,998.1171875,20.7551403,20.55763054,19.7968998,21.94895935,23.49604988,57.83042908,43.32255936,2.392499924,0.0559704423
0.1503097057,0.1452118993,0.1145535946,0.11244169470000001,0.10749380589999999,0.030753341299999997,4.607603836,0.028019777944444442,2.001663923,-0.247291297,0.905977726,0.369222403,63.63665009,978.690979,998.1168213,20.75523949,20.55777931,19.7968998,21.94743919,23.49365044,57.76441956,43.34786987,2.234999895,0.0559705675
0.1500723958,0.14510689969999999,0.1146430016,0.11266920570000001,0.1074707985,0.030564710499999998,5.1991310120000005,0.028106223222222223,1.996600032,-0.247291297,0.907575488,0.3710365,51.59436035,978.6173706,998.1165161,20.75534058,20.55792046,19.93808937,21.94593048,23.49126053,57.69839096,43.37318039,2.400000095,0.05597072239999999
0.1501875043,0.1453151941,0.1143448949,0.1127424002,0.1075423002,0.030761718799999997,6.217665863,0.028167139694444447,1.991536975,-0.247291297,0.90917331,0.372850686,47.58026886,978.5438232,998.1160278,20.75543976,20.55805969,19.98514938,21.94441032,23.48885918,57.63237,43.39849091,2.184999943,0.0559708476
0.1504201055,0.1446789026,0.11453570129999999,0.1124752045,0.10752170089999999,0.0307795793,6.757697296000001,0.028239832972222222,1.986472964,-0.223329902,0.910771072,0.374664903,47.58026886,978.4702148,998.1156006,20.75554085,20.55820084,19.98514938,21.94289017,23.48646927,57.56634903,43.42380905,2.119999886,0.0559710026
0.15043790340000002,0.1451519966,0.1145535946,0.1124294996,0.10746010539999999,0.0301611215,6.985151672000001,0.028318638277777777,1.986860991,-0.085521877,0.912368894,0.376479089,47.58026886,978.3966064,998.1151733,20.75563049,20.55834007,19.98514938,21.94137955,23.48406982,57.50033951,43.44911957,2.002500057,0.055971139700000005
0.1506736994,0.1454810977,0.1144343019,0.1123083949,0.1073984027,0.030729571,5.454478073,0.028403888277777775,1.989065051,0.01568836,0.913966715,0.378293306,47.58026886,978.322998,998.1146851,20.75572968,20.55847931,19.98514938,21.93985939,23.48167992,57.43431091,43.47441864,2.305000067,0.0559712827
0.1506394982,0.1454681993,0.1147441983,0.1123049974,0.1073845983,0.030736750400000002,5.475222015,0.028462528638888887,1.991269946,0.197008505,0.915564477,0.369355291,61.68346024,978.2495117,998.4389038,20.75583076,20.55862045,19.84395981,21.93833923,23.47928047,57.36828995,43.49972916,2.472500086,0.0559714198
0.1504830003,0.14541009659999998,0.1142495036,0.11236089469999999,0.1075587034,0.0311494887,5.341466904,0.028531415722222224,1.99347496,0.300006896,0.917162299,0.377110809,66.38452911,978.1757813,998.5465698,20.75592995,20.55875969,19.7968998,21.93681908,23.47689056,57.30226898,43.49240875,2.107500076,0.05597156290000001
0.1503265023,0.1454293013,0.11519130470000001,0.1124168038,0.107584703,0.030195748799999998,5.223448943999999,0.028591999472222223,1.996140957,-0.106383801,0.918760121,0.371959507,66.38452911,978.1021729,998.5462036,20.75602913,20.55890083,19.7968998,21.93531036,23.47448921,57.23625946,43.4742012,2.257499933,0.0559717
0.150672102,0.1456293941,0.1163596034,0.11236649750000001,0.1075420976,0.0290697604,5.42730217,0.028665500222222223,1.998962045,-0.247291297,0.920357823,0.387951612,66.38452911,978.0286255,998.5457153,20.75612068,20.55904961,19.7968998,21.93379021,23.4720993,57.15909958,43.45600128,2.065000057,0.055971837
0.1510131955,0.14612059589999998,0.1144044995,0.1120664954,0.1074995041,0.031224879599999998,5.00529213,0.028726083972222222,2.00178194,0.073505752,0.921955585,0.39316231,66.38452911,977.9550171,998.5452271,20.75621986,20.55919075,19.7968998,21.93227005,23.4697094,57.07823181,43.43778992,2.142499924,0.0559719801
0.1510769963,0.14576439859999998,0.11497080330000001,0.1120792031,0.10745699410000001,0.0311498404,3.8415569310000004,0.028754584,2.004601955,-0.101019301,0.923553407,0.39170149,76.92225647,977.8814087,998.5446777,20.75632095,20.55932999,19.86749077,21.93075943,23.46730995,56.99736023,43.41959,2.342499971,0.055972117200000004
0.15083739759999998,0.14591909649999998,0.11383229489999999,0.11249920129999999,0.1074144006,0.031932050000000003,4.735638046,0.02858569463888889,2.007422924,-0.218442202,0.923634589,0.390240788,80.43483734,977.8078003,998.5443115,20.75642014,20.55946922,19.89101982,21.92923927,23.46492004,56.91648865,43.40137863,2.089999914,0.0559722602
0.1509078979,0.1460706949,0.11439859869999999,0.1123834014,0.1073717952,0.0315205187,5.95373497,0.028323112055555554,2.010242939,-0.169804201,0.923210204,0.388779998,80.43483734,977.7653809,998.5438232,20.75651932,20.55961037,19.89101982,21.92771912,23.4625206,56.92475128,43.38317108,2.035000086,0.0559723973
0.151107502,0.1461302042,0.1149945974,0.11205790040000001,0.10736119749999999,0.031042370200000002,5.843584061,0.02811480627777778,2.013063908,-0.062990978,0.922785819,0.404486686,80.43483734,977.7332764,998.5432739,20.75661087,20.5597496,19.89101982,21.9262104,23.46013069,56.96271896,43.36497116,2.25999999,0.055972540400000007
0.1513069987,0.1465119004,0.114428401,0.11192109580000001,0.10736119749999999,0.0316906303,5.764188003999999,0.02805719375,2.012092113,-0.193527102,0.922361374,0.405255198,72.08876038,977.7011719,998.5429077,20.75671005,20.55989075,19.82043076,21.92469025,23.45772934,57.00067902,43.3467598,2.075000048,0.0559726775
0.1515064955,0.1463561058,0.11496479509999999,0.11184699540000001,0.10736119749999999,0.031547081500000004,4.8851291660000005,0.028094276861111114,2.009855986,-0.201752707,0.921936989,0.399136811,69.30673981,977.6691284,998.5424194,20.75680923,20.56002998,19.7968998,21.92317009,23.45533943,57.03865051,43.32855988,2.335000038,0.0559728205
0.15132460590000002,0.1463248968,0.1146608949,0.11212179659999999,0.10736119749999999,0.0316952288,6.194065094,0.028154555416666664,2.007620096,-0.05297723,0.921512604,0.370970994,69.30673981,977.6370239,998.5418701,20.75691032,20.56016922,19.7968998,21.92164993,23.45293999,57.03089905,43.31034851,2.232500076,0.0559729576
0.1512812972,0.1462072015,0.11476210360000001,0.1121391058,0.10736119749999999,0.031562700900000004,6.867133331,0.028192971555555554,2.005383968,0.28307879,0.919715583,0.390454799,69.30673981,977.6049194,998.5415039,20.75700951,20.56031036,19.7968998,21.92013931,23.45055008,57.00791168,43.31478882,2.242500067,0.0559731007
0.15132670399999998,0.1462596059,0.1144641042,0.1120316982,0.10736119749999999,0.031742999,6.297064971999999,0.028211500388888887,2.003149033,0.07374417,0.917461097,0.387028903,69.30673981,977.5728149,998.5410156,20.75709915,20.56045914,19.7968998,21.91861916,23.44815063,56.9849205,43.32677078,2.32249999,0.0559732378
0.1512150049,0.1462206006,0.1147084951,0.11205170149999999,0.10736119749999999,0.0315510511,6.274172974,0.028202249750000002,2.000912905,-0.155021995,0.915206611,0.369855493,60.66249847,977.5407104,998.5405273,20.75720024,20.56060028,20.07928085,21.91710091,23.44576073,56.96192932,43.33874893,2.265000105,0.05597338080000001
0.1512405038,0.146124804,0.11442240480000002,0.1121140003,0.10736119749999999,0.03179923,5.277090073,0.028193471694444444,1.998677015,1.07309103,0.912952125,0.386918604,57.78108978,977.4901123,998.539978,20.75729942,20.56073952,20.17340088,21.91559029,23.44337082,56.93894958,43.3507309,2.232500076,0.055973517900000005
0.1511119008,0.14602899549999998,0.11462500099999999,0.11217639450000001,0.10736119749999999,0.031495189699999995,5.377231978999999,0.028187499583333334,1.996441007,0.552734494,0.91069752,0.384530187,57.78108978,977.4332275,998.5396118,20.75740051,20.56088066,20.17340088,21.91407013,23.44096947,56.91595078,43.36270905,2.335000038,0.0559736609
0.1509107947,0.1459331989,0.1165979981,0.1121117949,0.10736119749999999,0.0294587702,6.8671287539999994,0.028160167277777776,1.994204998,-0.125934407,0.908100784,0.408089191,57.78108978,977.3764038,998.5391235,20.75749969,20.5610199,20.17340088,21.91254997,23.43857956,56.89297104,43.37469101,2.347500086,0.055973798
0.1511631012,0.1462602973,0.1148038983,0.1120049,0.10736119749999999,0.0311391413,5.719126892,0.02812575022222222,1.991969943,-0.246576101,0.905389905,0.394949406,57.78108978,977.3195801,998.5385742,20.75760078,20.56115913,20.17340088,21.91102982,23.43618011,56.86997986,43.38666916,2.339999914,0.0559739411
0.15111320020000002,0.1457155943,0.11568009850000001,0.111898005,0.10736119749999999,0.0305802107,4.5739860530000005,0.02810522291666667,1.989734054,-0.1798179,0.902679086,0.398679703,66.45236969,977.2628174,998.538208,20.75769043,20.56130028,19.98514938,21.9095192,23.43379021,56.84698868,43.39865112,2.377500057,0.0559740782
0.1506330967,0.1456429958,0.11511379479999999,0.1123343945,0.10736119749999999,0.030601719,5.365071106,0.028077388333333335,1.987498045,-0.017809959,0.899968207,0.413453013,69.34279633,977.2058716,998.5377197,20.75778961,20.56143951,19.92239952,21.90800095,23.43139076,56.82400131,43.41062927,2.097500086,0.05597422119999999
0.1506471038,0.1455865026,0.11538200380000001,0.11225210430000002,0.10736119749999999,0.0302609414,6.287046051,0.028045611916666668,1.988945007,-0.175764695,0.898658693,0.364300787,69.34279633,977.1489868,998.5371704,20.7578907,20.56158066,19.92239952,21.90648079,23.42900085,56.80101013,43.42259979,2.05250001,0.055974358300000006
0.1506127954,0.1454453945,0.11547139879999999,0.1120931983,0.10736119749999999,0.0301327199,6.513789368,0.028013805805555556,1.991618991,-0.05512302,0.897816181,0.371553987,69.34279633,977.0922241,998.5368042,20.75798988,20.56172943,19.92239952,21.90497017,23.4265995,56.77801895,43.43458939,2.055000067,0.0559745014
0.1504973054,0.14552609919999998,0.11475019449999999,0.1121595979,0.10736119749999999,0.0307010293,6.270598984,0.027996417138888886,1.994292974,0.286416799,0.896973789,0.421459585,69.34279633,977.0775757,998.5363159,20.75808907,20.56187057,19.92239952,21.90345001,23.42420959,56.75503922,43.4337616,2.252500057,0.05597463849999999
0.1503816962,0.145162499,0.1164906979,0.1121165991,0.10736119749999999,0.0290352911,5.360065842,0.027983832888888886,1.996966958,0.204041898,0.896131396,0.44625929,74.56417847,977.0772095,998.5358276,20.75818062,20.56200981,19.96945953,21.90192986,23.42181015,56.73205185,43.42866898,2.440000057,0.0559747815
0.15026619430000002,0.1451650977,0.1155727983,0.1122758985,0.10736119749999999,0.029589688800000003,5.14477005,0.02796133252777778,1.999640942,0.405270189,0.895289004,0.432806492,76.30464172,976.906311,998.5352783,20.7582798,20.56214905,19.98876953,21.9004097,23.41942024,56.73617172,43.42356873,2.277499914,0.0559749186
0.1501829028,0.1450603962,0.11490520239999999,0.11228979830000001,0.1073431969,0.0302598089,4.840781021,0.02793550066666667,2.002315044,-0.051069848,0.894446611,0.410012692,76.30464172,976.6785278,998.5349121,20.75838089,20.56229019,19.99360085,21.89889908,23.4170208,56.74932861,43.41847992,2.150000095,0.055975061699999995
0.1498556018,0.1448601961,0.11496479509999999,0.1123973012,0.1073271036,0.0301053613,5.573926926,0.027922083527777777,2.004988909,-0.203779295,0.893604219,0.405027807,76.30464172,976.4506836,998.5344238,20.75848007,20.56242943,19.99842072,21.89738083,23.41463089,56.76248932,43.41337967,2.017499924,0.05597519869999999
0.149931705,0.145105505,0.1139276981,0.11256159539999999,0.1073135972,0.0309357107,4.897288895,0.02790586047222222,2.007663012,0.079227902,0.892761707,0.389510989,65.17253876,976.2230225,998.5338745,20.75857925,20.56257057,20.00325012,21.89586067,23.41223907,56.77565002,43.40829086,2.137500048,0.0559753418
0.15017039780000002,0.1453326941,0.1138741016,0.1122092009,0.10730010270000001,0.0312314987,4.655527878,0.027887333777777776,2.010338068,-0.138928398,0.891919315,0.401959091,61.46184158,976.3615112,998.5335083,20.75867081,20.56270981,20.00807953,21.89435005,23.40983963,56.78881073,43.40319824,2.174999952,0.0559754789
0.1504091024,0.1455042958,0.11467280390000001,0.1120133042,0.1072865963,0.030624339,4.902291107,0.02786877738888889,2.010304928,-0.225416094,0.890852988,0.383726209,61.46184158,976.6220703,998.53302,20.75876999,20.56285095,20.0128994,21.8928299,23.40744972,56.80197906,43.39810181,2.184999943,0.05597562190000001
0.15075340269999998,0.1458655953,0.114529705,0.11192699669999999,0.10727319719999999,0.0309145808,4.707741928,0.02781544366666667,2.009371042,-0.203242794,0.889712214,0.379155189,61.46184158,976.8826904,998.5324707,20.75886917,20.56299973,20.01773071,21.89130974,23.40505028,56.81513977,43.39300919,2.355000019,0.055975759
0.1507459044,0.1459401011,0.11427930589999999,0.1118407011,0.10726510289999999,0.0315701693,6.04099884,0.027743602327777776,2.008436918,-0.111509897,0.888571322,0.383786201,61.46184158,977.1431885,998.5319824,20.75897026,20.56314087,20.02256012,21.88978958,23.40266037,56.82830048,43.38790894,2.214999914,0.055975902099999995
0.1509834051,0.1458981037,0.11472040409999999,0.112005198,0.1072587967,0.031169089700000003,5.618280029,0.027683336469444444,2.007503033,0.245527402,0.887430429,0.357858986,80.82431793,977.4038086,998.5316162,20.75906944,20.56328011,20.02738953,21.88828087,23.40026093,56.84146118,43.38282013,2.285000086,0.0559760511
0.1507153034,0.145855999,0.1150513053,0.1120460033,0.1072525978,0.0308024585,7.351367949999999,0.027645585802777775,2.006568909,0.513394773,0.886289597,0.362262696,87.27848053,977.6644287,998.5311279,20.75915909,20.56341934,20.0322094,21.88676071,23.39786911,56.85462189,43.37773132,2.42750001,0.0559761822
0.1509348035,0.1458138943,0.1152778029,0.1120177031,0.10724630360000001,0.030564710499999998,4.990269089,0.027633666991666667,2.005635023,0.315504313,0.885148704,0.346967906,87.27848053,977.9249878,998.5305786,20.75926018,20.56356049,20.03704071,21.88524055,23.39546967,56.86779022,43.37263107,2.430000067,0.05597633119999999
0.150999403,0.1458300948,0.11476219889999999,0.1119894028,0.10723999740000001,0.0310502708,4.0697250369999995,0.02761545181388889,2.004699945,-0.126411304,0.884007871,0.3426027,87.27848053,978.1856079,998.5302124,20.75935936,20.56369972,20.04187012,21.88372993,23.39307976,56.88095093,43.36753845,2.202500105,0.0559764624
0.1509348035,0.1458655953,0.1149291039,0.11196110249999999,0.1072337985,0.0309711695,4.669115829,0.027603367700000003,2.00376606,0.132872805,0.882866979,0.370265394,87.27848053,978.446228,998.5297241,20.75946045,20.56384087,20.04668999,21.88220978,23.39068031,56.89411163,43.36244965,2.002500057,0.0559766114
0.15116729739999998,0.1460518956,0.11447600129999999,0.11193280219999999,0.10722750430000001,0.031412929299999996,4.860807037,0.02759475496111111,2.002831936,-0.120689102,0.881290674,0.351161003,78.11715698,978.7067261,998.5291748,20.75955963,20.5639801,19.93585968,21.88068962,23.38829041,56.90726852,43.3573494,2.327500105,0.055976742499999996
0.1509063005,0.1459684014,0.1160019994,0.11190459729999999,0.1072211981,0.0300499201,7.455798339999999,0.02757074356111111,2.00189805,-0.247291297,0.879569411,0.365143687,75.06339264,978.9672852,998.5288086,20.75964928,20.56413078,19.89851952,21.87916946,23.38588905,56.92042923,43.35226059,2.180000067,0.0559768915
0.1513718009,0.1465134978,0.11430319550000001,0.11187629699999999,0.1072149992,0.0316652298,5.043915939,0.0275545205,2.000963926,-0.214031398,0.877848029,0.339015394,75.06339264,979.0413818,998.5283203,20.75975037,20.56427002,19.89851952,21.87766075,23.38349915,56.94261932,43.34716034,2.150000095,0.0559770226
0.1515846968,0.14615930319999998,0.1155488968,0.1117516041,0.10720870490000001,0.0309645593,5.078252029,0.027549552916666668,1.999518037,-0.235489503,0.876126528,0.370309591,75.06339264,979.0532837,998.527771,20.75984955,20.56440926,19.89851952,21.87614059,23.38110924,56.96783066,43.35028839,2.349999905,0.055977171699999995
0.151266396,0.146539104,0.1143746972,0.1120651007,0.1072023988,0.0317845404,7.603858948,0.027529021369444445,1.997902036,-0.232747599,0.874405086,0.353440613,75.06339264,979.0653076,998.5272827,20.75995064,20.5645504,19.89851952,21.87462044,23.37870979,56.99303055,43.35615921,2.462500095,0.055977302799999996
0.1516702056,0.1462654948,0.1156383991,0.1116989017,0.1071961999,0.030900740599999997,4.657672119,0.027523394691666665,1.996284962,-0.235191405,0.872683823,0.359726906,55.17985916,979.0772095,998.5269165,20.76004982,20.56468964,19.86936951,21.87310982,23.37631989,57.01823044,43.36203003,2.150000095,0.0559774518
0.1508460999,0.1461596012,0.11519130470000001,0.1119554996,0.1071899056,0.031074240800000003,7.760501099,0.027500877380555556,1.994668961,-0.244489893,0.872384787,0.381916612,48.55200958,979.0891724,998.5264282,20.76013947,20.56483078,19.85964966,21.87158966,23.37392044,57.04343033,43.3678894,2.30250001,0.0559775829
0.1513422012,0.146223402,0.1150660992,0.1119914055,0.1071835995,0.0310493886,5.935853958,0.027490281,1.993052959,-0.229648098,0.872560084,0.328103989,48.55200958,979.1010742,998.5258789,20.76024055,20.56497002,19.85964966,21.8700695,23.37153053,57.06863022,43.37376022,2.075000048,0.05597773190000001
0.15094989539999998,0.14611459970000001,0.1142853022,0.1118535995,0.10717730519999999,0.0319234699,6.915767669999999,0.027466439141666667,1.991436958,-0.187089697,0.872735322,0.359119713,48.55200958,979.1129761,998.5255127,20.76033974,20.56510925,19.85964966,21.86856079,23.36912918,57.09384155,43.37963104,2.105000019,0.055977869
0.1508880973,0.1459481955,0.11475030180000001,0.11212439540000001,0.10717109440000001,0.0313275814,5.875775909,0.02745385487777778,1.989820957,-0.229171202,0.872910619,0.339272201,44.71166992,979.0579224,998.5250244,20.76044083,20.5652504,19.85964966,21.86704063,23.36673927,57.11904144,43.38550186,2.067500114,0.055978012099999995
0.1509230018,0.1457818031,0.1150184989,0.1119518995,0.10716480020000001,0.0308988214,4.76496582,0.027447234258333335,1.988204002,-0.247112498,0.873085797,0.371381909,43.43156052,978.9805298,998.5244751,20.76054001,20.56539917,19.85964966,21.86552048,23.36433983,57.14424133,43.39136887,2.002500057,0.05597814920000001
0.1508980989,0.145806098,0.11450589900000001,0.1119575977,0.1071585059,0.0312752694,5.02245903,0.027431670294444446,1.986588001,-0.246874094,0.873260975,0.356253803,43.43156052,978.9030762,998.5241089,20.76062965,20.56554031,19.85964966,21.86400032,23.36194992,57.16944122,43.39722824,2.170000076,0.0559782922
0.1506556034,0.1457257032,0.1140468955,0.11208709480000001,0.10715229509999999,0.0318325609,7.710430144999999,0.027419086033333335,1.984972,0.603637576,0.873436272,0.388832092,43.43156052,978.8256226,998.5236206,20.76073074,20.56567955,19.85964966,21.8624897,23.35955048,57.19464111,43.40309906,2.140000105,0.0559784293
0.1506950021,0.14577159879999999,0.1136654019,0.1120702982,0.1071460009,0.0320841491,6.88000412,0.027416436936111115,1.986047983,0.811303318,0.87361151,0.353477687,43.43156052,978.74823,998.5230713,20.76082993,20.56582069,19.85964966,21.86096954,23.35716057,57.21984863,43.40896988,2.335000038,0.0559785724
0.1506140947,0.1456442952,0.11455349919999999,0.1120046973,0.1071396947,0.031218078700000002,5.9751911159999995,0.027416436936111115,1.98802197,0.01175435,0.875216007,0.35744679,65.52198792,978.6707153,998.522583,20.76092911,20.56595993,20.00083923,21.85944939,23.35475922,57.24504852,43.41482925,2.154999971,0.0559787095
0.1507797003,0.1457833052,0.1146221042,0.1119390965,0.1071334958,0.030995369000000002,5.289253998,0.027405507830555554,1.989995956,-0.131537393,0.877296984,0.384755999,72.8854599,978.5933228,998.5222168,20.7610302,20.56609917,20.04789925,21.85792923,23.35236931,57.27024841,43.42070007,2.174999952,0.055978852499999995
0.1512089968,0.14603699450000002,0.1142763019,0.1118734956,0.10712000129999999,0.0315661311,4.3136268620000005,0.027398885091666665,1.991969943,0.216797501,0.879378021,0.3518534,72.8854599,978.5158081,998.5217285,20.76111984,20.56624031,20.04789925,21.85642052,23.35287094,57.29545975,43.42021942,2.1875,0.055978989599999994
0.1511317015,0.1462906957,0.1142971992,0.11180789470000001,0.10710430150000001,0.0318134099,6.386470032,0.027418749066666668,1.993944049,-0.092555299,0.881458879,0.375419915,72.8854599,978.4384155,998.5211792,20.76122093,20.56637955,20.04789925,21.85490036,23.3543396,57.32065964,43.41762924,2.345000029,0.0559791327
0.15142070059999999,0.14668819900000002,0.11494100089999999,0.11182689669999998,0.10708839889999999,0.0313666493,6.454421234,0.02748630523611111,1.995918036,-0.236562297,0.883539915,0.350396007,72.8854599,978.3609009,998.520813,20.76132011,20.56652069,20.04789925,21.8533802,23.35581017,57.34585953,43.41503906,2.377500057,0.0559792697
0.15153900380000002,0.14681119920000002,0.1150900006,0.11159160139999999,0.10707269909999999,0.0315982103,4.970960999,0.027567102644444445,1.997892022,-0.2451455,0.885620773,0.369035691,64.88751221,978.2833862,998.5203247,20.7614193,20.56665993,20.07143974,21.85186958,23.35728073,57.37105942,43.41244888,2.265000105,0.055979412799999996
0.1517092943,0.14682669639999998,0.11424959900000001,0.11165399549999999,0.10705690379999999,0.032610970700000005,4.881549072,0.027647906408333336,1.999866009,-0.2244028,0.88770169,0.356116086,62.22153091,978.2059937,998.5197754,20.76152039,20.56679916,20.06817055,21.85034943,23.35874939,57.3763504,43.40985107,2.327500105,0.0559795499
0.1519134998,0.1468420982,0.11483370070000001,0.11184699540000001,0.10704100130000001,0.0320509613,4.627632904,0.027712809244444445,2.001840115,0.200942397,0.889782727,0.3709867,62.22153091,978.128479,998.5194092,20.76161003,20.56694984,20.05335999,21.84882927,23.36021996,57.375,43.40726089,2.067500114,0.0559796929
0.151848495,0.1471680999,0.1148157954,0.11180139780000001,0.1070253015,0.0320401788,6.830653381,0.027750557794444443,2.003813982,0.050140381,0.891863585,0.364221185,62.22153091,978.0510864,998.5189209,20.76170921,20.56708908,20.03854942,21.84730911,23.36169052,57.3736496,43.40467072,2.05250001,0.055979829999999994
0.1521450996,0.14721130129999999,0.1149469018,0.1116762996,0.1070094943,0.0322212189,6.272742844,0.02778597302777778,2.004327059,-0.197461098,0.893944621,0.370840102,71.40840912,977.9736938,998.5183716,20.7618103,20.56723022,20.02374077,21.8458004,23.36315918,57.37231064,43.40208054,2.244999886,0.05597996710000001
0.1520727038,0.1469244003,0.1160258055,0.11176929470000001,0.1069936991,0.0311855406,5.93156395,0.02778630575,2.004354,-0.240257904,0.896025479,0.386024714,74.47070313,977.8961792,998.5178833,20.76190948,20.56736946,20.00893021,21.84428024,23.36463928,57.37096024,43.39947891,2.119999886,0.0559801102
0.151827395,0.1469326973,0.1153223991,0.11193519830000001,0.1071035028,0.0316019207,7.066693115,0.027774399652777778,2.004380941,-0.036406878,0.898106515,0.368271112,74.47070313,977.8187866,998.5175171,20.76201057,20.5675106,19.99411964,21.84276009,23.36610985,57.36960983,43.39688873,2.029999971,0.055980247299999994
0.1517660975,0.1463881969,0.1171224952,0.11194829939999999,0.10714440350000001,0.0298101693,5.109720993,0.027766452366666666,2.004407883,0.0128273,0.900187492,0.387350708,74.47070313,977.741272,998.5170288,20.76210022,20.56764984,19.97930908,21.84124947,23.36757088,57.36825943,43.39429855,2.230000019,0.0559803903
0.1514168024,0.14670089479999998,0.115388,0.1121433973,0.107148397,0.0310001493,7.077420044,0.027749894461111112,2.004436016,-0.098277442,0.90226841,0.378752112,74.47070313,977.6638794,998.5164795,20.7621994,20.56778908,19.96450043,21.83972931,23.36904907,57.36692047,43.39170837,2.13499999,0.0559805274
0.15161269900000002,0.14659359460000002,0.1155192018,0.1119570017,0.1071524978,0.031181740800000003,5.961603165,0.02773598988888889,2.004462004,-0.208428502,0.904349387,0.391461313,55.90172958,977.5864258,998.5161133,20.76230049,20.56793022,20.04965973,21.83820915,23.37051964,57.36557007,43.38911057,2.042500019,0.055980670499999996
0.1515617013,0.1462260962,0.11531649829999999,0.11203019620000002,0.1071565032,0.0312770993,4.819322968,0.027732014125,2.004488945,-0.206640303,0.907551825,0.397123396,49.71207047,977.5089722,998.515625,20.76239967,20.5680809,20.07928085,21.8366909,23.3719902,57.36421967,43.38652039,2.1875,0.05598080749999999
0.15116219520000002,0.1460417032,0.11462509629999999,0.1122408986,0.10716049670000001,0.031601020699999996,5.8078208920000005,0.027710821363888888,2.004517078,0.071598351,0.911128223,0.396453589,49.71207047,977.4833984,998.5150757,20.76250076,20.56822014,20.07928085,21.83518028,23.37346077,57.36286926,43.38393021,2.24000001,0.0559809506
0.1508700013,0.1459182978,0.114291203,0.1122395992,0.10716450209999999,0.0317646086,6.165454865,0.027688963147222224,2.00454402,0.151708201,0.914704502,0.370530695,49.71207047,977.4750977,998.5147095,20.76259041,20.56835938,20.07928085,21.83366013,23.37492943,57.3615303,43.38134003,2.157500029,0.0559810877
0.1508697987,0.1456164956,0.1165621996,0.11216750140000001,0.1071686029,0.029360839700000002,5.537454987,0.027675056458333333,2.004570961,-0.1361866,0.91828078,0.395552188,49.71207047,977.4667969,998.5142212,20.76268959,20.56850052,20.07928085,21.88334084,23.37639999,57.3601799,43.37874985,2.032500029,0.055981230699999995
0.15094790460000002,0.1461127996,0.11445809600000001,0.1120954037,0.1071725965,0.0311583787,7.352082824999999,0.027644261255555556,2.004597902,0.175192803,0.921857119,0.375981092,65.00705719,977.4586182,998.5136719,20.76279068,20.56863976,20.10280991,21.90060043,23.37787056,57.36748123,43.37614822,2.119999886,0.0559813678
0.1510261059,0.1456663013,0.11491119860000001,0.11189290290000001,0.1071766019,0.031159499299999997,5.399406052,0.02764194064722222,2.004625082,0.230864406,0.924095929,0.380900115,70.10539246,977.4503174,998.5131836,20.76288986,20.5687809,20.11064911,21.90135956,23.37933922,57.37767029,43.37356186,2.242500067,0.055981510899999996
0.1503725052,0.1454805017,0.1157129049,0.11229339840000001,0.1072234988,0.0300018996,6.504490662,0.027622405158333332,2.004652023,-0.031042401,0.925888777,0.38082841,70.10539246,977.4420166,998.5128174,20.76299095,20.56892014,20.11064911,21.90212059,23.38080978,57.38785934,43.37097168,2.045000076,0.055981647999999995
0.150681901,0.1455181956,0.1161538959,0.1123008013,0.1072847009,0.029295161400000002,5.441603088,0.027613135444444447,2.004678965,0.003171201,0.927681804,0.373987585,70.10539246,977.4337158,998.5123291,20.7630806,20.56905937,20.11064911,21.90288925,23.38228035,57.39804077,43.36837006,2.05250001,0.055981791
0.1504951954,0.14572299719999998,0.1149945974,0.11210529799999999,0.10734590289999998,0.030506178699999997,6.227682114,0.02761048634722222,2.004705906,0.200584799,0.929474711,0.401668996,70.10539246,977.425415,998.5117798,20.76317978,20.56920052,20.11064911,21.90365028,23.38375092,57.40822983,43.36577988,2.282500029,0.0559819281
0.1507529974,0.145600903,0.1150362968,0.1120751977,0.10736119749999999,0.030758240799999996,4.524633026,0.02760286755,2.004733086,-0.119854599,0.931267679,0.37751779,63.97650146,977.4171143,998.5114136,20.76328087,20.56934929,19.96945953,21.90440941,23.38521957,57.41841888,43.3631897,2.36500001,0.055982071200000004
0.1505975962,0.14535139800000002,0.1151554942,0.1121003985,0.10736119749999999,0.0304942608,5.159790039,0.02758167478888889,2.004760027,-0.244430199,0.933060586,0.404903799,61.93354034,977.4088135,998.5109253,20.76338005,20.56949043,19.92239952,21.90517044,23.38669014,57.42860031,43.36059952,2.160000086,0.0559822083
0.15052590370000002,0.1456269026,0.11389189959999999,0.11212550400000001,0.10736119749999999,0.0314677805,5.68193512,0.027556508383333334,2.004786968,-0.244430199,0.934853613,0.369496703,61.93354034,977.4005127,998.510376,20.76347923,20.56962967,19.92239952,21.90592957,23.38816071,57.43878937,43.35800934,2.089999914,0.0559823513
0.1505556941,0.1456007004,0.114529705,0.1120527029,0.1074074984,0.031097179699999998,6.874996948000001,0.027553198072222222,2.00481391,-0.244859397,0.936646521,0.383798093,61.93354034,977.3922119,998.5100098,20.76357079,20.56977081,19.92239952,21.9066906,23.38962936,57.44897842,43.35541153,2.105000019,0.055982488399999995
0.1507593036,0.1459440947,0.11425549980000001,0.111947298,0.1074303985,0.0313452393,7.067405701,0.027557169597222222,2.004841089,-0.245431602,0.938439488,0.376745909,64.78302765,977.3839111,998.5095215,20.76366997,20.56991005,20.04006004,21.90744972,23.39109993,57.4591713,43.35282135,2.027499914,0.0559826314
0.1510208011,0.1459231973,0.115298605,0.1118419051,0.1074403048,0.030645519500000003,5.379375839,0.0276013777,2.004868031,-0.246003807,0.937594891,0.398275197,65.73285675,977.3756104,998.5089722,20.76376915,20.57004929,20.07928085,21.90821075,23.3925705,57.46936035,43.35023117,2.029999971,0.0559827685
0.1510779023,0.1459651947,0.11491119860000001,0.1119567037,0.10745029450000002,0.030954361000000003,5.104713821,0.02765899446388889,2.004894972,-0.246575996,0.935871124,0.374782085,65.73285675,977.3673096,998.5084839,20.76387024,20.57019043,20.07928085,21.90897942,23.39403915,57.47954178,43.34762955,2.339999914,0.0559829116
0.1510668039,0.1460881948,0.1141958952,0.11214489940000001,0.1074602962,0.0317492992,5.82641983,0.02767935858888889,2.004921913,-0.247148201,0.934147179,0.389104187,65.73285675,977.3590088,998.5081177,20.76396942,20.57032967,20.07928085,21.90974045,23.39550972,57.48973083,43.34503937,2.410000086,0.0559830487
0.1510557055,0.1460134029,0.1148157954,0.11220370529999998,0.1074702024,0.0312721699,5.844298934999999,0.027679360708333337,2.004949093,-0.05452697,0.932423472,0.384131104,65.73285675,977.3508301,998.5076294,20.76405907,20.57047081,20.07928085,21.91049957,23.39698029,57.49991989,43.34244919,2.422499895,0.055983191700000004
0.1512035966,0.14647940399999998,0.11410650010000001,0.1122192979,0.1074802041,0.0319069207,5.646886826,0.027671748266666667,2.004976034,0.07624761,0.930699587,0.366308391,69.53398895,977.3425293,998.5070801,20.76416016,20.57061958,20.05574036,21.9112606,23.39845085,57.51010895,43.33985901,2.430000067,0.055983328799999996
0.15125379560000002,0.1465801001,0.114517796,0.1118793011,0.10749020579999999,0.0319616288,3.986751938,0.027668433719444444,2.005002975,-0.149418995,0.928975821,0.375235707,70.80103302,977.3342285,998.5067139,20.76425934,20.57076073,20.05294037,21.91201973,23.39991951,57.52029037,43.33726883,2.414999962,0.055983471900000005
0.1515748978,0.14673210379999999,0.1144402981,0.1118281007,0.1075001001,0.032139799000000004,4.752801895,0.027642275491666667,2.005029917,-0.03461872,0.927252114,0.393079698,70.80103302,977.3259277,998.5062256,20.76436043,20.57089996,20.05965996,21.91278076,23.40139008,57.53047943,43.33467102,2.095000029,0.055983609000000004
0.1519008994,0.1471506,0.11467280390000001,0.1119125962,0.10751010180000001,0.0320593387,5.988066864,0.02762571758611111,2.005057096,-0.170519397,0.925528228,0.385112107,70.80103302,977.317627,998.5056763,20.76445961,20.5710392,20.06638908,21.91353989,23.40286064,57.54066849,43.33208084,1.997499943,0.055983752
0.15219299790000002,0.1476312995,0.11417809720000001,0.1118523955,0.1075199962,0.0329505891,7.415741730000001,0.027615121205555555,2.005084038,-0.09040951,0.923496008,0.368540794,70.80103302,977.3093262,998.5053101,20.76454926,20.57118034,20.07311058,21.91430092,23.4043293,57.55084991,43.32949066,2.082499981,0.055983901
0.1527351022,0.1478886962,0.1144044995,0.11174390320000001,0.10752999780000001,0.0332194686,6.212662888,0.0275985633,2.005110979,0.495870709,0.92136091,0.378362,66.59295654,977.3010254,998.5048218,20.76465034,20.57131958,20.07983017,21.91506958,23.40579987,57.56103897,43.32690048,2.252500057,0.0559840322
0.152838397,0.1478451014,0.1159423947,0.1117519975,0.1075399995,0.0319463015,6.349993896,0.027594922383333335,2.00513792,0.118090697,0.919225812,0.396980703,65.19026184,977.2927246,998.5042725,20.76474953,20.57146072,20.0865593,21.91583061,23.40727043,57.57123184,43.32429886,2.345000029,0.055984181200000004
0.1527677059,0.1480162024,0.1158172011,0.11179889439999999,0.10754990579999998,0.032027939,7.39213562,0.027591281466666666,2.003695965,-0.073958382,0.917090774,0.371749312,65.19026184,977.2844238,998.5037842,20.76485062,20.57159996,20.09328079,21.91658974,23.40873909,57.5814209,43.32170868,2.157500029,0.055984312300000005
0.1528730035,0.1479660988,0.1163535953,0.11184589860000001,0.1075598955,0.031619870700000004,5.629001999,0.027581011455555558,2.001763105,-0.204494506,0.914955676,0.373619795,65.19026184,977.276123,998.503418,20.7649498,20.5717392,20.10000038,21.91735077,23.41020966,57.59160995,43.3191185,2.127500057,0.055984461299999996
0.152678895,0.147656703,0.117098701,0.11203229429999999,0.10756989720000001,0.0308531791,6.540252686,0.027590946622222223,1.999830961,-0.240496293,0.912820578,0.389396399,55.632061,977.2678223,998.5029297,20.76505089,20.57188034,20.10671997,21.91810989,23.41168022,57.60179138,43.32170868,2.117500067,0.055984598399999995
0.152808404,0.14775259489999998,0.11597820519999999,0.1122652054,0.1075798035,0.031678518700000005,6.3149459839999995,0.02761412726388889,1.997897983,-0.01327994,0.91068548,0.369213313,52.44599915,977.2595215,998.5023804,20.76514053,20.57202911,20.1134491,21.91887093,23.41315079,57.61198044,43.32603073,2.035000086,0.0559847414
0.15227199789999998,0.1472867012,0.1162999988,0.11233040089999999,0.1075898051,0.0314526111,8.593070221000001,0.02765022277777778,1.995965958,-0.054169338,0.908550382,0.375145108,52.44599915,977.2512207,998.5020142,20.76523972,20.57217026,20.12017059,21.91963005,23.41461945,57.62216949,43.33034897,2.392499924,0.0559848785
0.1520589948,0.1471740007,0.1163535953,0.11254830360000001,0.10759969949999999,0.030968931300000002,6.972991179999999,0.02771678288888889,1.994032979,-0.1271265,0.905991077,0.370853394,52.44599915,977.242981,998.5015259,20.76534081,20.57230949,20.12689018,21.92040062,23.41609001,57.63235092,43.33467102,2.4375,0.0559850216
0.1520441055,0.14711719750000002,0.1160913944,0.1124796987,0.10760970119999999,0.031094530199999998,6.224821091,0.027758505080555555,1.992100954,-0.082422368,0.903290212,0.410835803,52.44599915,977.2346802,998.5009766,20.76543999,20.57245064,20.13361931,21.92115974,23.41756058,57.64253998,43.33898926,2.079999924,0.0559851587
0.1517807961,0.147013402,0.11532839539999999,0.112489295,0.107724297,0.0317403495,6.322095108,0.027763142055555558,1.990169048,0.269250393,0.900589406,0.431156099,62.00111008,977.2263794,998.5006104,20.76553917,20.57258987,20.14034081,21.92192078,23.42091942,57.65425873,43.34331131,2.299999952,0.055985301700000004
0.1519412994,0.1467110991,0.1164906979,0.1125645995,0.1078737974,0.030506560199999998,4.155553818,0.027740292019444442,1.98823595,-0.088979021,0.897888482,0.409095794,65.1861496,976.6757202,998.5001221,20.76563072,20.57272911,20.14201927,21.9226799,23.42490959,57.66648102,43.34762955,2.25999999,0.055985438799999995
0.1516121984,0.1467412949,0.11570390459999999,0.11263979669999999,0.10790510179999999,0.0309830397,6.223389816,0.027717111375,1.987918019,-0.239661798,0.895187676,0.422037095,65.1861496,975.9442139,998.4995728,20.7657299,20.57287025,20.14201927,21.92344093,23.42889023,57.67871094,43.3519516,2.307499886,0.055985581900000005
0.1517956018,0.1466778994,0.11448199750000002,0.1126284957,0.1078969002,0.0322513014,5.100426102,0.02771181318611111,1.98813796,0.114514403,0.89248687,0.422617614,65.1861496,975.7681274,998.4990845,20.76582909,20.57300949,20.14201927,21.92420006,23.4328804,57.69092941,43.35626984,2.099999905,0.055985719
0.15142259600000002,0.14653899669999998,0.11621650459999999,0.11258829829999999,0.10788880590000001,0.0305209994,6.966557312000001,0.0277038659,1.988358021,-0.126411304,0.889786124,0.414075613,65.1861496,975.7772827,998.4987183,20.76593018,20.57315063,20.14201927,21.92495918,23.43685913,57.70315933,43.36059189,2.125,0.055985862
0.151869905,0.1469598055,0.1166694999,0.1125481009,0.10788069959999999,0.029889339199999997,5.287112045,0.027689791786111112,1.988577008,0.499447107,0.887085199,0.405533493,49.64302063,975.786377,998.49823,20.76602936,20.57329941,20.11849022,21.92572975,23.4408493,57.71538162,43.36491013,2.265000105,0.055985999099999996
0.1519150019,0.1471096992,0.1155966043,0.1122931957,0.10787249800000001,0.0313631088,5.021030045,0.027674560547222223,1.988796949,0.316934913,0.884384394,0.417130113,44.46197128,975.7954712,998.4976807,20.76612091,20.57344055,20.10341072,21.92649078,23.44483948,57.72761154,43.36922836,2.097500086,0.0559861422
0.15194690230000002,0.1471071005,0.11560260060000001,0.11253000500000002,0.10786440370000001,0.0314746708,5.099708939,0.027670752208333333,1.98901701,1.208634019,0.881683528,0.396271497,44.46197128,975.8665161,998.4973145,20.76622009,20.57357979,20.09375954,21.92724991,23.44882011,57.73983002,43.37355042,2.352499962,0.0559862792
0.15205940010000002,0.1474624038,0.11482169630000001,0.1126099944,0.10785620209999999,0.0322745502,6.512359619,0.027634989419444443,1.989236951,0.613889694,0.879286289,0.405289799,44.46197128,975.9581909,998.4968262,20.76631927,20.57372093,20.08410072,21.92801094,23.45281029,57.75205994,43.37786865,2.287499905,0.055986422300000005
0.15217189790000002,0.1473693013,0.1171702027,0.1123499036,0.1078480959,0.030292150400000002,7.377832794,0.027605188158333335,1.989457011,-0.01590257,0.876990318,0.428619087,44.46197128,976.0498047,998.4962769,20.76642036,20.57386017,20.07444954,21.92877007,23.45679092,57.76427841,43.3821907,2.102499962,0.055986559400000004
0.15255969760000002,0.1477151036,0.1156561971,0.1122851014,0.1078398943,0.031713080399999996,5.631867981,0.0276091618,1.989675999,-0.1485845,0.874694288,0.382304788,56.63021088,976.1414795,998.4959106,20.76651955,20.5739994,20.06479073,21.92952919,23.46077919,57.7765007,43.38650894,2.015000105,0.0559867024
0.1525789022,0.14753439429999998,0.11603770259999999,0.11231050490000001,0.1076359987,0.0316773504,5.801385117000001,0.027606510586111112,1.989896059,-0.224521995,0.872398317,0.404327601,60.68629074,976.2330933,998.4954224,20.76660919,20.57414055,20.05513954,21.93029022,23.46476936,57.78873062,43.39083099,2.180000067,0.055986839499999996
0.1524446964,0.14745999569999999,0.1159662008,0.11255190370000001,0.10756560559999999,0.031568211299999996,6.799897003,0.027578690847222222,1.990116,0.92836839,0.870102227,0.412262589,60.68629074,976.324707,998.494873,20.76671028,20.57427979,20.04549026,21.93106079,23.46875,57.80096054,43.39514923,2.262500048,0.0559869826
0.1523105025,0.14731069800000002,0.1150601983,0.1125149012,0.1075615048,0.0323998302,6.651835631999999,0.027554189894444445,1.990335941,0.49753961,0.867806315,0.405329406,60.68629074,976.4163818,998.4943848,20.76680946,20.57442093,20.03582954,21.93181992,23.46961021,57.81317902,43.39947128,2.262500048,0.0559871197
0.1519204021,0.1469069004,0.1164906979,0.11262940169999999,0.10755749939999999,0.030820000199999996,7.484409332,0.027548891702777776,1.990556002,-0.1224773,0.865510225,0.417883605,66.24745941,976.5079956,998.4940186,20.76691055,20.5745697,20.02618027,21.93258095,23.46943092,57.82540894,43.40378952,2.342499971,0.0559872627
0.1521870017,0.1471493006,0.1163715005,0.11265859600000001,0.10755339859999999,0.0305354387,5.51384697,0.027534987130555556,1.990774989,0.005793862,0.863214195,0.406235188,68.10118103,976.5996704,998.4935303,20.76700974,20.57471085,20.01652908,21.93334007,23.46924973,57.83763123,43.40811157,2.25,0.055987399800000004
0.1520014048,0.1472972989,0.11528669600000001,0.1124302983,0.1075492978,0.0318625987,6.824931335,0.027520412869444445,1.990995049,0.336962312,0.862422585,0.418566197,68.10118103,976.6912842,998.492981,20.76709938,20.57485008,20.00687027,21.9340992,23.46907043,57.84986115,43.41242981,2.315000057,0.0559875429
0.1522117972,0.1470574975,0.11621650459999999,0.112488699,0.10754519700000001,0.031080791400000002,4.855799103,0.027532997130555556,1.991214991,0.662050903,0.86213237,0.418632209,68.10118103,976.78302,998.4926147,20.76720047,20.57498932,19.99721909,21.93486023,23.46888924,57.86207962,43.41675186,2.079999924,0.05598768
0.1521410942,0.1474686027,0.11460119490000001,0.11266460419999999,0.1075410962,0.0324562907,6.576019286999999,0.027549224430555554,1.991435051,0.623545825,0.861842215,0.39039129,68.10118103,976.8745728,998.4921265,20.76729965,20.57513046,19.98756027,21.93561935,23.46870995,57.87430954,43.4210701,2.357500076,0.055987816999999995
0.1521090984,0.1472463965,0.11684240100000001,0.11246650220000001,0.10753699539999999,0.0306261688,6.689742278999999,0.027604524824999997,1.991654992,0.185444996,0.861552,0.382946402,62.56861877,976.9661865,998.4915771,20.76740074,20.5752697,20.10280037,21.93638039,23.46853065,57.88653183,43.42538834,2.390000105,0.0559879601
0.152414,0.14763330219999998,0.1149351001,0.11258660549999999,0.1075328946,0.032311341199999996,5.753461075,0.027650553386111113,1.99187398,-0.144769803,0.861261785,0.384702086,60.72443008,977.0579224,998.4912109,20.76749992,20.57541084,20.14201927,21.93714905,23.46834946,57.89875031,43.42971039,2.119999886,0.055988097199999996
0.1523097992,0.1473263025,0.1161568999,0.1125033021,0.10752880570000001,0.0314763308,6.37288208,0.02767108281388889,1.99209404,-0.238112003,0.86097163,0.362033993,60.72443008,977.1494751,998.4907227,20.76758957,20.57555008,20.14201927,21.93791008,23.46817017,57.91098022,43.43402863,2.085000038,0.0559882402
0.1522421002,0.147368896,0.1159543037,0.112609899,0.10752470489999999,0.031306448599999995,5.2649330139999995,0.02767472585,1.992313981,-0.184347898,0.860681415,0.408347011,60.72443008,977.4926758,998.4901733,20.76769066,20.57570076,20.14201927,21.9386692,23.46799088,57.92321014,43.43835068,2.092499971,0.0559883773
0.15255169870000002,0.1476384044,0.1155907035,0.1125767946,0.1075206041,0.0318202615,5.423722839,0.02767472585,1.994210958,-0.225237295,0.861370623,0.451400191,60.72443008,977.9196777,998.4896851,20.76778984,20.57584,20.14201927,21.93943024,23.46780968,57.93542862,43.44266891,2.315000057,0.0559885204
0.15229849820000002,0.1477102041,0.11643110510000002,0.1126314998,0.1075165033,0.0312286288,8.594497681,0.027650883991666667,1.996667981,-0.246933699,0.862386286,0.456476212,72.44689941,976.7996826,998.4893188,20.76789093,20.57597923,20.07143021,21.94018936,23.46763039,57.94765091,43.44699097,2.059999943,0.055988657500000004
0.1529757977,0.14804250000000002,0.1153761029,0.11247110369999999,0.1075124025,0.0323340595,6.996592712,0.027633995480555555,1.99912405,-0.2129585,0.863402009,0.431089014,76.35439301,975.1641235,998.4887695,20.76799011,20.57612038,20.04789925,21.94095039,23.46744919,57.95988083,43.43944931,2.002500057,0.055988800500000005
0.1527150035,0.1476021051,0.1155012965,0.11239629980000002,0.1074411988,0.0325412005,6.188343048,0.02763648139166667,2.001580954,-0.144292995,0.864417672,0.42266041,76.35439301,974.8746948,998.4882813,20.76807976,20.57625961,20.04789925,21.94170952,23.4672699,57.9720993,43.42795944,2.230000019,0.0559889376
0.152223897,0.1476171017,0.1159602046,0.1128646016,0.107466197,0.0315873206,7.545204162999999,0.027643767463888892,2.004036903,-0.206401899,0.865433276,0.422220409,76.35439301,975.0339966,998.487915,20.76818085,20.57640076,20.04789925,21.94247055,23.46709061,57.98432922,43.41646957,2.337500095,0.055989080700000006
0.1526813984,0.1474684,0.11717619900000001,0.11267060040000001,0.1075307965,0.0304227501,5.641878891,0.02770519256666667,2.006494045,-0.243834198,0.866448998,0.421780407,58.62187958,975.1934204,998.4874268,20.76828003,20.57653999,20.14201927,21.94323921,23.46690941,57.99655914,43.40497971,2.410000086,0.055989217800000005
0.15227420330000002,0.1475947976,0.1163715005,0.112630105,0.1075469017,0.031096860799999997,8.058046722,0.02774890263888889,2.008949995,-0.232449502,0.867464721,0.421340406,52.71104813,975.3527222,998.4868774,20.76837921,20.57667923,20.17340088,21.94400024,23.46672058,57.95465088,43.39347839,2.362499952,0.0559893608
0.1524410963,0.1473837972,0.11626420019999999,0.1125674963,0.1075469017,0.0313305914,6.6675689700000005,0.02783930461111111,2.011406898,-0.212660506,0.868480384,0.420900404,52.71104813,975.5120239,998.4865112,20.7684803,20.57682037,20.17340088,21.94475937,23.46653938,57.89469147,43.38198853,2.332499981,0.0559894979
0.1520284057,0.1470144987,0.1171463013,0.1127063036,0.1075469017,0.030198279,6.799179839999999,0.02791250016666667,2.013863087,-0.237396806,0.869495988,0.420460403,52.71104813,975.6713867,998.4860229,20.76856995,20.57696915,20.17340088,21.9455204,23.46636009,57.83473969,43.37049866,2.075000048,0.055989641
0.1520184994,0.1473062992,0.11583499909999999,0.1129305005,0.1075469017,0.031166398499999998,7.678246307,0.027987333944444446,2.01631999,-0.244430199,0.870511711,0.409663498,52.71104813,975.8306885,998.4854736,20.76866913,20.57711029,20.17340088,21.94627953,23.4661808,57.77478027,43.35900879,2.335000038,0.055989778000000004
0.15202059750000002,0.1468760967,0.1165442944,0.11263879539999999,0.1075469017,0.0307620108,5.943011856,0.028066804666666667,2.01877594,-0.240615502,0.873297691,0.417023987,63.65943909,975.9901123,998.4849854,20.76877022,20.57724953,20.19693947,21.94704056,23.4659996,57.71482849,43.34751892,2.142499924,0.05598992109999999
0.1519487977,0.1467493057,0.1159901023,0.1128815055,0.1075469017,0.0308744311,5.023173141,0.02814130572222222,2.015642881,-0.2078325,0.876673698,0.391024113,67.30890656,976.1494141,998.4846191,20.7688694,20.57739067,20.19955063,21.94779968,23.46582031,57.65488052,43.33602905,2.227499962,0.055990058200000005
0.1517017007,0.1468284011,0.1153640985,0.1129466057,0.1075469017,0.0314019412,7.960057831,0.02820622125,2.010646105,-0.234774098,0.880049825,0.386493593,67.30890656,976.3087158,998.4840698,20.76897049,20.57752991,20.19257927,21.94856071,23.46563911,57.59492111,43.32453156,2.454999924,0.0559902012
0.1518347979,0.1467051029,0.11655030250000001,0.1128739953,0.1075469017,0.030284979899999998,7.379979706,0.02828138986111111,2.005650043,-0.224760398,0.883425772,0.39362669,67.30890656,976.4680176,998.4835815,20.76906013,20.57766914,20.18560028,21.94932938,23.46545982,57.53496933,43.336689,2.180000067,0.0559903383
0.15178719759999998,0.1470280051,0.11510189770000001,0.1128015041,0.1075469017,0.0316031605,8.053759766,0.028351917277777777,2.000653982,-0.237992898,0.886801779,0.389521688,67.30890656,976.6273804,998.4832153,20.76915932,20.57781029,20.17863083,21.95009041,23.46528053,57.47500992,43.35671997,2.186249971,0.0559904814
0.1519199014,0.146696496,0.1164966941,0.1127289057,0.1075469017,0.030531269300000004,7.274835968,0.02843436136111111,1.995656967,-0.054646179,0.890177906,0.381670803,73.46945953,976.7866821,998.4827271,20.76926041,20.57794952,20.17165947,21.95084953,23.46509933,57.41505814,43.37675095,2.341249943,0.0559906185
0.1517400026,0.146854496,0.1150959015,0.1129279017,0.1075469017,0.0316005796,7.801985168,0.028489000527777777,1.990661025,0.302033395,0.893553972,0.373819888,75.52297974,976.9459839,998.4821777,20.76935959,20.57809067,20.16468048,21.95161057,23.46492004,57.35511017,43.39678955,2.222500086,0.0559907615
0.15184160470000002,0.1465746999,0.115388,0.1128540039,0.1075469017,0.031466498999999995,5.1240280149999995,0.028556056555555556,1.98566401,0.229910702,0.89830327,0.365969002,75.52297974,977.1054077,998.4818115,20.76946068,20.5782299,20.15770912,21.95236969,23.46474075,57.28100967,43.41682816,2.17750001,0.055990898600000005
0.1516366959,0.1466878057,0.115733695,0.11299999949999999,0.1075469017,0.030868840199999997,6.2770378110000005,0.028630915750000003,1.987257957,0.02272184,0.903510511,0.384130388,75.52297974,977.2647095,998.4813232,20.76955032,20.57836914,20.15073967,21.95313072,23.46455956,57.2021904,43.43685913,2.007499933,0.0559910417
0.15184390539999998,0.1470088005,0.116347599,0.1129086971,0.1075469017,0.0303714305,5.823561096000001,0.028710221194444444,1.991049051,-0.184467003,0.908717573,0.393893987,75.52297974,977.4240723,998.4807739,20.76964951,20.57851982,20.14376068,21.95389938,23.46438026,57.12337112,43.45690155,2.272500038,0.0559911788
0.1519896984,0.14692100290000001,0.11742650269999999,0.1127004981,0.1075469017,0.0295896202,6.369306183,0.028763194611111112,1.994840026,-0.243953496,0.913924813,0.423035294,69.69032288,977.583374,998.4802856,20.7697506,20.57865906,20.02437019,21.95466042,23.46419907,57.04455185,43.47692871,2.440000057,0.055991327800000004
0.1522073984,0.1472398043,0.116663599,0.1127315998,0.1075469017,0.0302573413,7.01161499,0.02872444363888889,1.998631001,-0.174989805,0.919131875,0.351671308,67.74610138,977.3812866,998.4799194,20.76984978,20.5788002,19.98514938,21.95541954,23.46401978,56.96572876,43.47193909,2.355000019,0.0559914589
0.152226305,0.14708449839999999,0.11634769439999999,0.11257220509999999,0.1075469017,0.030859589599999997,6.482317352,0.02852608363888889,2.002420902,-0.079859354,0.924339116,0.4018493,67.74610138,977.0587158,998.4793701,20.76995087,20.57893944,19.98514938,21.95618057,23.46383095,56.88690948,43.45861053,2.3125,0.0559916079
0.1519958019,0.14688719509999998,0.1158053041,0.1127846003,0.1075469017,0.031268429800000004,5.06108284,0.028299583861111113,2.003885984,0.307636291,0.927359581,0.388044506,67.74610138,977.0839844,998.4788818,20.77004051,20.57908058,19.98514938,21.9569397,23.46365929,56.88636017,43.44527817,2.0625,0.055991739
0.1518599987,0.1472373009,0.1147443056,0.11285940409999999,0.1075469017,0.0321429014,7.205451965,0.028211500388888887,2.004575014,0.749313474,0.92965138,0.370302111,76.98982239,977.2252808,998.4785156,20.77013969,20.57921982,19.89102936,21.95770073,23.46347046,56.91188049,43.43194962,2.182499886,0.055991888000000004
0.1521401048,0.1472713947,0.11654440159999999,0.11255929469999999,0.1076454043,0.030692911099999998,6.567434692000001,0.028233360722222222,2.005264997,0.443060189,0.931943119,0.39130041,80.07106781,977.3665161,998.4780273,20.77024078,20.57935905,19.85964966,21.95845985,23.46328926,56.93740845,43.41860962,2.137500048,0.05599203109999999
0.15237510199999998,0.14758739469999999,0.1166874051,0.1123172998,0.107664299,0.0305839509,6.3464141849999995,0.028283528222222225,2.005954027,-0.103403501,0.934234798,0.357728213,80.07106781,977.5078125,998.477478,20.77033997,20.5795002,19.85964966,21.95922089,23.46310997,56.90066147,43.40528107,2.039999962,0.055992168200000005
0.1528530002,0.1480507016,0.1151615024,0.11212539669999999,0.1076457977,0.0324855208,5.78993988,0.02833586163888889,2.006644011,-0.223210707,0.936526477,0.367883414,80.07106781,977.6491089,998.4771118,20.77043915,20.57965088,19.85964966,21.95998955,23.46293068,56.84315872,43.3919487,2.154999971,0.0559923112
0.1528777003,0.1478324056,0.1160912991,0.11223299499999999,0.1076271057,0.03197923,5.779924011,0.028407554638888888,2.00733304,-0.238469705,0.938818216,0.399681509,80.07106781,977.7904053,998.4766235,20.7705307,20.57979012,19.85964966,21.96075058,23.46274948,56.78564835,43.37862015,2.17750001,0.0559924483
0.1528957009,0.1480877995,0.1159780979,0.1124405026,0.1076084971,0.031854310600000005,7.436483002,0.028447943805555556,2.00802207,-0.230720997,0.941109896,0.393031508,61.63613892,977.9315796,998.4760742,20.77062988,20.57992935,20.01193047,21.9615097,23.46257019,56.72814941,43.36528015,2.019999981,0.0559925914
0.1529729962,0.148000598,0.11689610479999998,0.1121924996,0.10758990049999999,0.0311917812,9.017224121,0.028444972555555555,2.008712053,-0.186136007,0.943401575,0.373565495,55.49116135,977.9755249,998.4755859,20.77072906,20.5800705,20.06269073,21.96227074,23.4623909,56.67063904,43.3519516,2.127500057,0.0559927285
0.1529477,0.1480183005,0.1167291045,0.1122444987,0.1075713992,0.031271448699999996,7.5545051569999995,0.02843172286111111,2.009401083,0.493367195,0.945693314,0.3770338,55.49116135,977.9868164,998.4752197,20.77083015,20.58020973,20.06269073,21.96302986,23.4622097,56.61314011,43.33861923,2.247499943,0.0559928715
0.1528882027,0.1476050973,0.1190894961,0.1122444987,0.1075526953,0.028928819300000002,5.832144165,0.02831516688888889,2.010091066,0.098540053,0.947985113,0.365872115,55.49116135,977.99823,998.4746704,20.77092934,20.58035088,20.06269073,21.96379089,23.46203041,56.55564117,43.32529068,2.247499943,0.055993008600000005
0.1526301026,0.1479838967,0.1165205002,0.1124359965,0.1075340986,0.031084621,8.309111785999999,0.02809958352777778,2.010780096,-0.093866646,0.947578073,0.34728539,55.49116135,978.0095215,998.4741821,20.77102089,20.58049011,20.06269073,21.96455002,23.46184921,56.55072021,43.31195831,2.375,0.0559931517
0.1527987003,0.1477460027,0.11625829940000001,0.112273705,0.1075266957,0.0317896992,6.529527283,0.027992610944444444,2.011468887,-0.196745902,0.946271479,0.348921388,51.82960129,978.0327759,998.4738159,20.77112007,20.58062935,20.02806091,21.96530914,23.46166992,56.56333923,43.29862976,2.202500105,0.0559932888
0.1523072958,0.1471950054,0.1163357019,0.1124858975,0.10752290490000001,0.0314084798,6.7398139950000004,0.027959834194444446,2.012159109,0.075055517,0.944965005,0.357298493,50.60908127,978.0601807,998.4733276,20.77121925,20.58077049,20.0128994,21.96607971,23.46149063,56.57595062,43.28528976,2.174999952,0.05599343180000001
0.1521594048,0.1473369002,0.11526290180000001,0.1127009988,0.1075191021,0.0319243699,7.512300872999999,0.027937306305555555,2.007447958,-0.132848695,0.943658471,0.344113588,50.60908127,978.0875854,998.4727783,20.77132034,20.58091927,20.00806999,21.96684074,23.46130943,56.58856964,43.30215836,2.298749924,0.0559935689
0.1520280004,0.1469969034,0.1172894001,0.112322104,0.10751529929999999,0.0300474197,8.179647064,0.027914805944444444,2.000937939,-0.211647198,0.942351878,0.347583294,50.60908127,978.1149292,998.4724121,20.77141953,20.58106041,20.00325012,21.96759987,23.46113014,56.60118866,43.32909012,2.443749905,0.0559937119
0.1521502018,0.1473085999,0.11560850140000001,0.11221419569999999,0.1075116038,0.0313883692,7.046663666000001,0.02788336011111111,1.994428992,0.066949122,0.941045284,0.359000295,50.60908127,978.1422729,998.4719238,20.77150917,20.58119965,19.99842072,21.9683609,23.46095085,56.61381149,43.35602951,2.472500086,0.055993849
0.152115798,0.1470469952,0.1157158971,0.11201139689999999,0.1075078011,0.0315927088,6.021685028,0.027871750722222224,1.987918019,-0.145842701,0.93973881,0.358433187,63.75255966,978.1696777,998.4713745,20.77161026,20.58134079,19.9935894,21.96912003,23.46076965,56.62641907,43.38296127,2.109999895,0.0559939921
0.1517881989,0.14680240149999998,0.1162403941,0.1123543978,0.10750399829999999,0.0308066189,7.100308228,0.027867777083333333,1.981408,-0.222137794,0.938432276,0.33008039,68.13371277,978.1970215,998.4708862,20.77170944,20.58148003,19.98876953,21.96987915,23.46058083,56.6390419,43.40988922,2.005000114,0.0559941292
0.1519008994,0.1471341968,0.11482770440000001,0.1123466015,0.1075003028,0.0319747597,7.969355774,0.02785188886111111,1.980839968,0.183060795,0.937125683,0.34907499,68.13371277,978.2244263,998.47052,20.77181053,20.58161926,19.98394012,21.97064018,23.46039963,56.65166092,43.43682861,2.362499952,0.05599427219999999
0.15192209480000002,0.1469143987,0.116228497,0.1119688034,0.1074965,0.0309057802,7.3728240970000005,0.027823083666666668,1.982251048,-0.09410508,0.933509886,0.351544708,68.13371277,978.251709,998.4699707,20.77190971,20.58176041,19.97911072,21.97141075,23.46022034,56.66426849,43.46376038,2.24000001,0.055994409300000006
0.15185630320000001,0.1468610048,0.1160735011,0.1120859981,0.10749269720000001,0.0308409005,7.375686646,0.0278022215,1.983662009,-0.1261729,0.929124296,0.367051005,71.38318634,978.2791138,998.4694824,20.7720108,20.58189964,19.9742794,21.97216988,23.46003914,56.67689133,43.49068832,2.002500057,0.055994552399999994
0.1517904997,0.1469419003,0.1158112049,0.11211899519999999,0.10748889450000002,0.0311164111,7.060254669,0.02779097238888889,1.985074043,-0.067759402,0.924738586,0.350087792,72.46634674,978.3065186,998.4691162,20.77210045,20.58204079,19.96945953,21.97293091,23.45985985,56.68951035,43.51763153,2.287499905,0.05599468949999999
0.15178049799999999,0.1469197035,0.11606160400000001,0.11206220389999999,0.107485199,0.030902528800000002,6.815631104,0.02777075873611111,1.986485004,-0.200083703,0.920353115,0.378718615,72.46634674,978.3414917,998.4686279,20.77219963,20.58218956,19.96463013,21.97369003,23.45968056,56.70846176,43.51277924,2.242500067,0.0559948325
0.1517891049,0.1470338941,0.11582310199999998,0.11200549600000001,0.1074813962,0.0310965002,6.5488327029999995,0.027754366133333333,1.989899993,-0.045466941,0.915967405,0.326491505,72.46634674,978.3790283,998.4680786,20.77230072,20.5823307,19.95980072,21.97444916,23.45949936,56.72953033,43.49732971,2.055000067,0.0559949696
0.1517976046,0.1469861031,0.1157158017,0.1119487047,0.10747760529999999,0.0313180894,6.465862274,0.02774045732222222,1.993981004,0.168636203,0.911581814,0.353877395,72.46634674,978.416626,998.4677124,20.7723999,20.58246994,19.95498085,21.97521019,23.45932007,56.75059891,43.48189163,1.987499952,0.0559951127
0.1518061996,0.14686529639999998,0.11582310199999998,0.11204090120000001,0.10747380259999999,0.031093609300000002,6.905754851999999,0.027715121375,1.998062968,-0.121762097,0.907196224,0.31837821,60.81335068,978.4542236,998.4672241,20.77249908,20.58260918,20.11849022,21.97596931,23.45914078,56.7716713,43.46643829,2.077500105,0.055995249700000006
0.1518147945,0.14719970229999998,0.11496479509999999,0.11218270059999999,0.1074623942,0.0318773806,8.29981308,0.02769393285,2.002146006,-0.110794596,0.903881013,0.357672215,56.92901993,978.4916992,998.4666748,20.77259064,20.58275032,20.17340088,21.97673035,23.45895958,56.79272842,43.45100021,2.109999895,0.0559953928
0.15212980510000002,0.14697680470000002,0.11632980109999999,0.111926496,0.1074484944,0.030869939899999997,5.799238968,0.027681346469444444,2.006227016,-0.149895906,0.900922716,0.36566931,56.92901993,978.5292969,998.4661865,20.77268982,20.58288956,20.17340088,21.97750092,23.45878029,56.81380081,43.43555069,2.237499952,0.05599552989999999
0.15185530190000002,0.1470147967,0.11582909820000001,0.1120578051,0.1074344993,0.0311476886,6.530956268,0.027688632541666668,2.010308981,-0.228932902,0.897964418,0.351197988,56.92901993,978.5667725,998.4658203,20.77279091,20.5830307,20.17340088,21.97826004,23.45859909,56.83486938,43.42010117,2.234999895,0.0559956729
0.1521415949,0.1474200964,0.11469060179999999,0.1121508956,0.1074205041,0.0323242396,7.465809631000001,0.02766611311111111,2.010246992,-0.184824705,0.895006001,0.348032296,56.92901993,978.6043701,998.465271,20.77289009,20.58316994,20.17340088,21.97901917,23.4584198,56.85594177,43.40465927,2.220000029,0.05599581
0.1520928979,0.1474043012,0.1145894051,0.11193939449999998,0.1074066043,0.0328308105,8.120279694,0.02765949249166667,2.008801937,-0.169684902,0.892047703,0.348635107,66.66327667,978.6420288,998.4647827,20.77298927,20.58330917,20.12634087,21.9797802,23.45824051,56.87701035,43.38920975,2.25,0.0559959471
0.1523787022,0.1475687027,0.11405279639999999,0.1118778944,0.10739259720000001,0.033351481,7.025205993999999,0.027638299730555555,2.007358074,-0.1079932,0.889089286,0.349238008,69.90802765,978.6795044,998.4644165,20.77308083,20.58345985,20.10341072,21.98053932,23.45805931,56.89807892,43.37377167,2.380000114,0.0559960902
0.152223599,0.1474717975,0.1149289966,0.1118924022,0.107378602,0.0326128215,7.425042725,0.02762406031388889,2.005913019,-0.023353269,0.886130989,0.32264629,69.90802765,978.7407837,998.4639282,20.77318001,20.58359909,20.09375954,21.98130035,23.45788002,56.91913986,43.35832977,2.292500019,0.0559962273
0.1524961948,0.147586596,0.11603779789999999,0.111906898,0.10736470220000001,0.0314251602,6.603196715999999,0.027599389816666667,2.004468918,0.04108033,0.883172572,0.356872708,69.90802765,978.8101807,998.4633789,20.77327919,20.58374023,20.08410072,21.98205948,23.45770073,56.94020844,43.34288025,2.212500095,0.0559963703
0.152581799,0.1476366043,0.1159662008,0.11189279560000001,0.10723819729999999,0.0316204488,8.033734131,0.02756958643611111,2.003024101,0.120594203,0.880214274,0.317567587,69.90802765,978.8795166,998.4630127,20.77338028,20.58387947,20.07444954,21.98283005,23.45751953,56.96128082,43.32743073,2.36500001,0.05599650739999999
0.1525346994,0.147627604,0.11612709759999999,0.11186929940000001,0.1071956038,0.0315094888,8.05304718,0.027550216250000002,2.00158,0.431973487,0.877255976,0.337416202,70.93908691,978.9487305,998.4625244,20.77347946,20.58402061,20.06479073,21.98358917,23.45401955,56.9823494,43.31198883,2.089999914,0.0559966505
0.15248750449999998,0.147428894,0.116484797,0.1120396972,0.10719339850000001,0.031142789100000002,5.879349136,0.027540283202777776,2.000134945,0.02749024,0.874297619,0.332913995,71.28278351,979.0180054,998.4619751,20.77356911,20.58415985,20.05513954,21.9843502,23.44940948,57.00341034,43.32044983,2.355000019,0.0559967875
0.1520920992,0.1474575043,0.1168066025,0.1122746944,0.10719120499999998,0.0306221992,7.834889984,0.027526374391666664,1.998690963,-0.214985102,0.871339321,0.339828312,71.28278351,979.0872803,998.4614868,20.7736702,20.58429909,20.04549026,21.98510933,23.44481087,57.02447891,43.33686829,2.157500029,0.055996930599999994
0.1519641995,0.1474279046,0.11590059999999999,0.1120913029,0.107189095,0.0315568507,6.103942108,0.02751544528611111,1.996510029,-0.089217409,0.868381023,0.3566401,71.28278351,979.1566162,998.4611206,20.77376938,20.58444023,20.03582954,21.98587036,23.44020081,57.0455513,43.35329819,2.019999981,0.0559970677
0.1519539952,0.1471833944,0.1160735011,0.11208519939999999,0.1071869016,0.031354439299999995,7.822015381,0.027500216166666668,1.994081974,0.362354189,0.865422606,0.373451889,62.19515991,979.2258911,998.4605713,20.77387047,20.58457947,20.02618027,21.98662949,23.43559074,57.06661987,43.36972046,2.265000105,0.0559972107
0.1519402981,0.1471094966,0.1161331058,0.1121845961,0.1071846962,0.0310503095,7.767653656,0.027495911916666668,1.991654992,0.186040998,0.86246419,0.35696131,59.1659584,979.1652222,998.460083,20.77396965,20.58472061,20.01652908,21.98739052,23.43099022,57.08768082,43.38615036,2.140000105,0.0559973478
0.1519266963,0.147110498,0.11532839539999999,0.1120990038,0.1071825981,0.0317209303,6.528809357,0.027483986747222224,1.98922801,-0.159790397,0.861064315,0.359497011,59.1659584,979.0609741,998.4597168,20.77407074,20.58486938,20.00687027,21.98815918,23.42638016,57.10874939,43.40256882,2.257499933,0.0559974909
0.1519129992,0.1467700958,0.1157873988,0.11225529910000001,0.10718040470000001,0.0313031495,6.537391662999999,0.02746610641388889,1.986799955,-0.244907096,0.860183716,0.372074902,59.1659584,978.9569702,998.4592285,20.77416039,20.58501053,19.99721909,21.98892021,23.42177963,57.12982178,43.41899872,2.087500095,0.055997628
0.1518993974,0.1471333027,0.1141481996,0.112243104,0.10717819930000001,0.0326219589,7.706137848,0.02745103836111111,1.984372973,-0.2127202,0.859303117,0.34519431,59.1659584,978.8529053,998.4586792,20.77425957,20.58514977,19.98756027,21.98967934,23.41716957,57.15089035,43.43542099,2.182499886,0.055997770999999995
0.1520249009,0.1471560955,0.1146311045,0.11214100119999999,0.1071760058,0.0325177997,7.742616271999999,0.027437129549999998,1.981945992,-0.218680695,0.858422577,0.343766987,66.05008698,978.7487793,998.458313,20.77436066,20.58529091,20.07926941,21.99044037,23.41257095,57.17195892,43.45185089,2.142499924,0.05599790810000001
0.1520434022,0.1472689033,0.11546549800000001,0.1120388985,0.10707859989999999,0.0316958487,7.235492706,0.027413785722222223,1.985978961,-0.241569206,0.857541978,0.355208397,68.34480286,978.6447144,998.4578247,20.77445984,20.58543015,20.11064911,21.99124908,23.40796089,57.19301987,43.46828079,2.252500057,0.0559980571
0.1523705006,0.14747970100000002,0.1160853982,0.1119367003,0.1070749044,0.0311212212,6.565286254999999,0.02741113662777778,1.992164969,-0.234774202,0.856661379,0.3433806,68.34480286,978.5405884,998.4572754,20.77456093,20.58556938,20.11064911,21.99206924,23.40335083,57.22129822,43.45909119,2.337500095,0.055998188299999994
0.15218830109999998,0.1475213051,0.11572179789999999,0.11197199819999999,0.10711300370000001,0.031737119,8.261901093,0.02740749359166667,1.998352051,-0.2409731,0.85578078,0.362429708,68.34480286,978.52948,998.4567871,20.77465057,20.58571053,20.11064911,21.9928894,23.39875031,57.25197983,43.4413681,2.252500057,0.0559983373
0.15259649749999998,0.1475065947,0.1161389947,0.1120530963,0.10709550379999999,0.031380298699999996,6.492331695999999,0.027400872972222223,2.004538059,-0.191142902,0.854900301,0.3415142,68.34480286,978.5493774,998.4564209,20.77474976,20.58584976,20.11064911,21.99370956,23.39414024,57.28266144,43.42364883,2.190000057,0.0559984684
0.1522297978,0.1474918008,0.11544159650000001,0.11213419440000001,0.107059598,0.0320156604,8.369908904999999,0.027380341425,2.010724068,-0.214150593,0.854019701,0.367684007,62.27457047,978.5692749,998.4558716,20.77485085,20.58599091,20.08712006,21.99452972,23.38953972,57.31333923,43.40592957,2.359999895,0.05599861739999999
0.1522405982,0.14727100129999998,0.1159662008,0.11221530440000001,0.10702799560000001,0.0315094411,7.1375,0.027373055352777776,2.01225996,-0.234893396,0.854473889,0.364242285,60.25115967,978.5891113,998.4553833,20.77495003,20.58613968,20.07118034,21.99535942,23.38492966,57.3440094,43.3882103,2.232500076,0.055998748499999994
0.1522470951,0.1472699046,0.11572179789999999,0.1121770978,0.1069978952,0.0314788312,6.234119034,0.027382662030555553,2.01224494,-0.244430304,0.855373085,0.370216608,60.25115967,978.6090088,998.4550171,20.77504921,20.58628082,20.06036949,21.99617958,23.38032913,57.37469101,43.37047958,2.252500057,0.0559988976
0.15200459959999998,0.1471843004,0.1154149055,0.11209909920000001,0.1070824027,0.031786918600000005,7.362098693999999,0.027466439141666667,2.012229919,0.152661905,0.85627228,0.354323298,60.25115967,978.6289063,998.4545288,20.77514076,20.58642006,20.04957008,21.99699974,23.37571907,57.4053688,43.35276031,2.11500001,0.055999028699999995
0.1522652984,0.1473327994,0.1152359962,0.1122395992,0.1070863962,0.0319333792,5.674065018,0.027648237016666664,2.012214899,0.852311671,0.857171476,0.359440207,64.34738159,978.6486816,998.4539795,20.77523994,20.5865593,20.03875923,21.9978199,23.37111092,57.38864136,43.33504105,2.329999924,0.0559991777
0.15201239589999999,0.14736909869999998,0.11554900409999999,0.1121863008,0.107050705,0.0317839086,8.034443665000001,0.02778930452777778,2.012201071,0.333743513,0.858070672,0.374970913,65.71279144,978.6685791,998.4536133,20.77533913,20.58670044,20.02795982,21.9986496,23.36651039,57.35610962,43.31732178,2.202500105,0.0559993088
0.1521384954,0.1473353028,0.1164906979,0.1121454954,0.10701500180000001,0.030844509599999997,6.776293945000001,0.027849915833333336,2.01218605,0.754558682,0.858969927,0.33959341,65.71279144,978.6884766,998.453125,20.77544022,20.58683968,20.01715088,21.99946976,23.36190033,57.3235817,43.29959869,2.047499895,0.0559994578
0.1522210002,0.14730149509999999,0.1163535953,0.1121386051,0.10697940589999999,0.030953130099999997,5.734149932999999,0.02786413827777778,2.008371115,0.080062307,0.859869123,0.350750089,65.71279144,978.708374,998.4525757,20.7755394,20.58698082,20.00634956,22.00028992,23.3572998,57.29104996,43.31027985,2.042500019,0.055999589
0.1521443009,0.14740480179999998,0.116663599,0.1122571945,0.1069437027,0.0306320995,7.442205048,0.027852556444444447,2.003288984,-0.239542603,0.862855375,0.325258702,65.71279144,978.7282715,998.4520874,20.77563095,20.58712006,19.99554062,22.00111008,23.35268974,57.25851822,43.33042908,2.07249999,0.055999738
0.1524577975,0.1475538969,0.1160079002,0.1122661948,0.1069080949,0.0313878804,7.2319190980000005,0.02782438913888889,1.998208046,0.370103002,0.866537273,0.35904339,70.98303986,978.74823,998.4517212,20.77573013,20.58727074,20.08119965,22.00193024,23.34808922,57.2259903,43.35057068,2.125,0.055999880999999994
0.1525055051,0.1472455978,0.1154356956,0.11206920149999999,0.10687240360000001,0.0321152002,6.058163834,0.027805527583333333,1.993126035,0.456292599,0.87021929,0.393778592,72.73979187,979.0977173,998.4511719,20.77582932,20.58740997,20.11064911,22.00275993,23.34347916,57.2285881,43.37070847,2.027499914,0.05600001810000001
0.1524183989,0.1467849016,0.11655030250000001,0.1122549057,0.10687919859999999,0.030747529899999997,5.898662186,0.02778102875,1.988044977,-0.080991849,0.873901308,0.383451998,72.73979187,978.7183228,998.4506836,20.7759304,20.58754921,20.11064911,22.00358009,23.33886909,57.2428894,43.39086151,2.349999905,0.056000161199999995
0.1519302011,0.1471693039,0.11645499470000001,0.1125854015,0.1069002032,0.0303473294,8.518683624000001,0.027764133877777777,1.982962966,0.067187548,0.877583325,0.403454304,72.73979187,978.0593262,998.4503174,20.77602959,20.58769035,20.11064911,22.00440025,23.33427048,57.2571907,43.4109993,2.297499895,0.056000298299999994
0.15234999659999998,0.1473925948,0.1175755978,0.11214499469999999,0.10692119600000001,0.0295937002,6.882868958,0.027756849925,1.982653022,-0.001239611,0.881265223,0.387001812,72.73979187,977.4003296,998.4498291,20.77611923,20.58782959,20.11064911,22.00522041,23.32966042,57.27148819,43.43114853,2.24000001,0.0560004413
0.15215859410000002,0.1474683046,0.1173787951,0.11198920009999999,0.1069422007,0.030041271400000003,7.433624268,0.027738636863888888,1.983932018,-0.200202897,0.884947181,0.393540114,48.39067078,976.7412109,998.4492798,20.77622032,20.58797073,20.18124962,22.00604057,23.32505989,57.28578949,43.45129013,2.075000048,0.0560005784
0.1524777055,0.1475440025,0.11582909820000001,0.1122403026,0.1069632053,0.0315979093,6.18405304,0.027731022305555558,1.985211968,-0.246933699,0.888629198,0.394927204,40.27429962,976.607605,998.4489136,20.7763195,20.58810997,20.20478058,22.00687027,23.32044983,57.30009079,43.47143936,2.125,0.056000721499999996
0.1521253943,0.1469038963,0.11670529839999999,0.1122822046,0.1069841981,0.030821839,6.236262894,0.027710986666666666,1.986490965,-0.226429403,0.892311215,0.390167207,40.27429962,976.6491699,998.4484253,20.77642059,20.58824921,20.20478058,22.00769043,23.3158493,57.31438828,43.49158096,2.077500105,0.05600085849999999
0.152068305,0.1473453999,0.11539390089999998,0.112706995,0.1070052028,0.0315099001,6.872853087999999,0.027685154808333334,1.990735054,0.08828792,0.895993114,0.371986598,40.27429962,976.6906738,998.447876,20.77651978,20.58839035,20.20478058,22.00851059,23.31123924,57.32868958,43.48210907,2.267499924,0.0560010016
0.1522148967,0.1474117994,0.1168661952,0.11228929759999999,0.1070261955,0.030479151,8.393511963,0.027669758266666667,1.995967984,-0.137378693,0.899675071,0.380108386,40.27429962,976.7321777,998.4473877,20.77660942,20.58853912,20.20478058,22.00933075,23.30662918,57.34299088,43.46274948,2.317500114,0.056001138699999994
0.1523615003,0.14771790499999998,0.116317904,0.11218030450000001,0.1070472002,0.0310939103,9.000771332,0.027657835219444447,2.001199961,-0.155617997,0.903357029,0.383828402,50.37820053,976.7736816,998.4470215,20.77671051,20.58868027,20.13418007,22.01015091,23.30203056,57.35728836,43.44340134,2.144999981,0.0560012817
0.1529291987,0.14773859979999998,0.1160676003,0.1119557023,0.10706820489999999,0.0316504389,5.580369949,0.027644924588888887,2.006432056,0.099374533,0.907038987,0.3826617,53.74617004,976.8151855,998.4464722,20.77680969,20.5888195,20.11064911,22.01098061,23.2974205,57.37158966,43.42404938,2.089999914,0.0560014188
0.1524755001,0.1476073027,0.1170866966,0.11212890149999999,0.10708919759999999,0.0306453288,7.116760254000001,0.027631676991666666,2.011665106,-0.1047149,0.909992695,0.394742191,53.74617004,976.8568115,998.4459839,20.77691078,20.58896065,20.11064911,22.01180077,23.29281998,57.38589096,43.40470123,2.277499914,0.056001561899999996
0.1528470039,0.1478155017,0.11655030250000001,0.1122967005,0.10711020229999998,0.0310548097,6.576732635000001,0.027631346383333335,2.016896963,-0.2341782,0.912703514,0.384789288,53.74617004,976.8983154,998.4456177,20.77700996,20.58909988,20.11064911,22.01262093,23.28820992,57.40018845,43.38534927,2.182499886,0.056001699
0.1527721047,0.1478788018,0.11592450139999999,0.1119910002,0.10713119509999999,0.0318910688,7.556648254,0.027609492408333335,2.01544404,-0.247410595,0.915414393,0.382143289,68.7384491,976.9398804,998.4451294,20.77709961,20.58923912,20.11064911,22.01343918,23.28360939,57.41448975,43.36598969,2.160000086,0.056001842
0.15307049749999999,0.14785590170000001,0.1159363985,0.11201339960000001,0.1071521997,0.0318980098,7.006607819,0.02758896085833333,2.011761904,0.102354802,0.918125272,0.413562596,73.73587036,976.9813843,998.4445801,20.7772007,20.58938026,20.11064911,22.01427078,23.27899933,57.42879105,43.34664154,2.3125,0.0560019791
0.1529343009,0.1480864048,0.1146013021,0.11202039720000001,0.1071732044,0.033239901100000004,8.867015076,0.02756578021666667,2.008080006,0.222996503,0.922520578,0.368983209,73.73587036,977.0228882,998.4442139,20.77729988,20.5895195,20.11064911,22.01509094,23.27438927,57.44308853,43.32728958,2.420000076,0.056002122200000004
0.15299520490000001,0.1479279041,0.1159304023,0.11197060350000002,0.1071941018,0.0321559399,6.606774139,0.027553528680555554,2.004398108,0.110222802,0.927477419,0.399506003,73.73587036,977.0645142,998.4437256,20.77739906,20.58966064,20.11064911,22.01590919,23.26979065,57.45738983,43.30794144,2.44749999,0.0560022593
0.15319429639999999,0.14789830450000002,0.1175099969,0.1119207978,0.10719339850000001,0.0304178715,5.129747009,0.027545581394444442,2.000715971,-0.166704699,0.932434201,0.358621299,73.73587036,977.1060181,998.4431763,20.77750015,20.58980942,20.11064911,22.01672935,23.26518059,57.47169113,43.32677841,2.307499886,0.0560024023
0.153341496,0.1485694051,0.11554900409999999,0.1119361043,0.1071854949,0.032349300399999996,7.680387878,0.027522731358333333,1.997313023,-0.246337697,0.937390983,0.348980099,64.01898956,977.147522,998.442688,20.7775898,20.58993912,20.02132034,22.01755905,23.26058006,57.48598862,43.35834885,2.027499914,0.056002539399999995
0.1537858963,0.1485183001,0.11612720489999999,0.11180169579999999,0.107177496,0.0324422896,7.607430267,0.027516771952777776,1.994001985,0.355916888,0.939703107,0.346338004,60.7800293,977.62323,998.4423218,20.77769089,20.5900898,19.99155045,22.01837921,23.25597,57.50028992,43.38993073,2.272500038,0.0560026824
0.1536635995,0.14869680400000002,0.11555500030000002,0.11193549629999999,0.10727560519999998,0.032963359399999996,8.723964691,0.027501210105555556,1.990690947,0.252680093,0.941133678,0.319451511,60.7800293,978.2435303,998.4417725,20.77779007,20.59023094,19.99155045,22.01919937,23.25709915,57.51459122,43.42150116,2.222500086,0.0560028195
0.1535951018,0.1484722018,0.1173609018,0.1118736982,0.1073158026,0.031335788999999996,7.936456299,0.02749789767777778,1.987380028,-0.027466049,0.942564189,0.341112286,60.7800293,978.8637695,998.4412842,20.77788925,20.59037018,19.99155045,22.02001953,23.26015091,57.5288887,43.45307159,2.065000057,0.0560029626
0.1536190033,0.1486026049,0.11741460560000001,0.1118280053,0.10732489819999999,0.031057590200000002,7.045950317000001,0.027511475880555553,1.984069943,-0.002312509,0.94206959,0.365385085,60.7800293,979.4841919,998.440918,20.77799034,20.59050941,19.99155045,22.02083969,23.26320076,57.54319,43.48463821,2.352499962,0.0560030997
0.1536430001,0.14868589640000002,0.116228497,0.11182140110000001,0.1073341012,0.0323741615,7.739756774999999,0.027558494144444445,1.980759025,-0.178268105,0.940933287,0.361704797,54.25992966,979.449585,998.4404297,20.77807999,20.59065056,20.15147018,22.02166939,23.26623917,57.5574913,43.51622009,2.407500029,0.0560032427
0.15366690160000002,0.148397994,0.11655030250000001,0.11195880170000001,0.1073431969,0.0321355492,7.469383240000001,0.027599555122222223,1.985156059,-0.119735502,0.939797103,0.365388393,52.08657074,979.1965942,998.4398804,20.77817917,20.59078979,20.20478058,22.02248955,23.26929092,57.57178879,43.50469971,2.307499886,0.056003379799999996
0.1534752965,0.1482995987,0.11612119670000001,0.1121443033,0.1073523998,0.0322768509,8.499369049,0.02761147605,1.992123008,0.806535125,0.93866092,0.374051005,52.08657074,978.9436035,998.4395142,20.77828026,20.59093094,20.20478058,22.02330971,23.27234077,57.58609009,43.4788208,2.069999933,0.056003522900000005
0.15321199889999998,0.1482969999,0.1157814026,0.11207959649999999,0.1073614955,0.0324629486,8.878462219,0.027615449694444443,1.999089956,0.094486952,0.937524617,0.363185704,52.08657074,978.6906738,998.4390259,20.77837944,20.59107018,20.20478058,22.02412987,23.27537918,57.60039139,43.45294189,2.015000105,0.05600366
0.15348399880000002,0.14810650350000001,0.1177423954,0.11193159820000001,0.1073706985,0.0305362195,7.116761017,0.027611478169444443,2.006057024,-0.004339106,0.936388314,0.36274749,52.08657074,978.4376831,998.4384766,20.77848053,20.59122086,20.20478058,22.02495003,23.27843094,57.61468887,43.42705917,2.170000076,0.056003797099999995
0.153124404,0.1483675003,0.115745604,0.111895895,0.10737979410000001,0.0323608488,9.45925827,0.027584985097222223,2.0130229,-0.142504796,0.93525207,0.367954791,57.73715973,978.1848145,998.4379883,20.77857018,20.59136009,20.11066055,22.02577972,23.28148079,57.62899017,43.40118027,2.220000029,0.0560039401
0.1533789039,0.14797979590000002,0.1176470995,0.1118976951,0.10738899710000001,0.0307204694,6.681880187999999,0.02758167478888889,2.013833046,0.36199671,0.934115827,0.373162091,59.62068939,977.9318237,998.4376221,20.77866936,20.59149933,20.07928085,22.02659988,23.2845192,57.64329147,43.37528992,2.032500029,0.0560040772
0.15298069720000002,0.147806704,0.1171643019,0.1122470021,0.1073981047,0.030815619199999998,6.772000122,0.02757637871666667,2.012589931,0.302867889,0.932979524,0.378369391,59.62068939,977.678772,998.4370728,20.77877045,20.59164047,20.07928085,22.02742004,23.28757095,57.65758896,43.34941101,2.217499971,0.056004220199999996
0.15266779660000002,0.14779620170000002,0.11733709569999999,0.1123746991,0.10742789509999999,0.0305167109,8.579477692000001,0.02758598115833333,2.011347055,-0.094581872,0.931843281,0.373209208,59.62068939,977.4257813,998.4365845,20.77886963,20.59177971,20.07928085,22.0282402,23.2906208,57.67189026,43.32352829,2.307499886,0.056004357299999995
0.1531720996,0.1477131009,0.1175158978,0.1120715976,0.1074645042,0.030295988899999998,5.880776978,0.027608333163888887,2.010103941,0.130607903,0.930706978,0.364593208,68.64573669,977.1729126,998.4362183,20.77897072,20.59192085,20.14986992,22.0290699,23.29365921,57.68619156,43.29764938,2.351249933,0.056004500400000004
0.1524512053,0.1476057053,0.116663599,0.11230560540000001,0.1075011015,0.0310162902,8.13673172,0.027632836236111114,2.008862019,0.298814803,0.929570675,0.380246907,71.65409088,977.206604,998.43573,20.77906036,20.59206009,20.17340088,22.02989006,23.29670906,57.70048904,43.27177048,2.40625,0.056004637499999996
0.1524137974,0.1474982977,0.11674109699999999,0.1123834014,0.1075376987,0.0308323205,7.7132919310000005,0.027671748266666667,2.007618904,0.429470211,0.928434491,0.352958888,71.65409088,977.3358765,998.4351807,20.77915955,20.59219933,20.17340088,22.03071022,23.29976082,57.71479034,43.28123093,2.202500105,0.0560047805
0.1523820996,0.147390902,0.116663599,0.1123376966,0.1075816989,0.030760720400000004,6.917202759,0.027722413805555558,2.004704952,0.178292304,0.927298188,0.379041493,71.65409088,977.465271,998.4348145,20.77926064,20.59234047,20.17340088,22.03153038,23.30279922,57.72605896,43.30245972,2.295000076,0.0560049176
0.1520553946,0.14746910330000002,0.11704510450000001,0.112362504,0.1076282024,0.030323550100000003,7.658217621,0.027735659280555554,2.001235008,0.218466505,0.924340487,0.380877197,71.65409088,977.5944824,998.4343262,20.77935982,20.59248924,20.17340088,22.03235054,23.30584908,57.7363205,43.32368851,2.087500095,0.056005072600000004
0.1525339007,0.1476091027,0.11560260060000001,0.1124107003,0.1076745987,0.03179847,5.829996109,0.027735659280555554,1.997763991,-0.09482035,0.920775592,0.386578411,78.21407318,977.3568726,998.4337769,20.77946091,20.59263039,20.07928085,22.03318024,23.30890083,57.74658966,43.34492111,2.059999943,0.056005197799999996
0.1522775054,0.1473737001,0.11625230310000001,0.1122437954,0.1077211022,0.0313341498,7.2927146910000005,0.02771678288888889,1.994294047,0.531991601,0.917210817,0.37409541,80.40072632,976.9968262,998.4332886,20.77955055,20.59276962,20.04789925,22.0340004,23.31193924,57.7568512,43.36616135,2.282500029,0.0560053527
0.1525313973,0.1474532962,0.11650259489999999,0.1122969985,0.10773270130000001,0.0308710486,6.43940506,0.027691614363888888,1.99082303,0.016880499,0.913645923,0.353354514,80.40072632,976.6367798,998.4329224,20.77964973,20.59291077,20.04789925,22.03482056,23.31498909,57.76710892,43.38739014,2.289999962,0.0560054779
0.1522065043,0.1475049973,0.1165979981,0.11244759559999999,0.10773270130000001,0.0308553189,9.010782623,0.027676376766666667,1.987352967,-0.227383003,0.910081029,0.376996398,80.40072632,976.9246826,998.432373,20.77975082,20.59305,20.04789925,22.03564072,23.3180294,57.77737045,43.40861893,2.119999886,0.056005632900000005
0.152779305,0.14760489459999998,0.1159572005,0.1123448014,0.10773270130000001,0.0316315711,7.261955261,0.02765452702777778,1.983883023,-0.080872618,0.906516075,0.382450998,80.40072632,977.4287109,998.4318848,20.77985001,20.59318924,20.04789925,22.03646088,23.32107925,57.78762817,43.42985916,2.047499895,0.056005758
0.1526823044,0.1477401972,0.1150393009,0.11237119440000001,0.10773270130000001,0.0326546997,7.772654724000001,0.02763631608888889,1.985492945,-0.188758701,0.902951181,0.376911789,61.07666016,977.479126,998.4315186,20.77994919,20.59333038,20.11849022,22.03729057,23.3241291,57.79788971,43.45109177,2.317500114,0.056005907099999995
0.1529366016,0.1478301048,0.1157397032,0.11246880290000001,0.10773270130000001,0.032020908599999995,6.127547836,0.027640289730555555,1.988798022,-0.152637705,0.899386287,0.37137261,54.63531113,977.3782959,998.4310303,20.78004074,20.59346962,20.14645004,22.03811073,23.32716942,57.80815887,43.47232056,2.335000038,0.0560060382
0.1531509995,0.1481452942,0.1158707976,0.11241480109999999,0.10773270130000001,0.0318887889,6.155438995,0.02761412726388889,1.992102981,-0.215938807,0.895821393,0.365833402,54.63531113,977.2775269,998.430481,20.78013992,20.59361076,20.15236092,22.03893089,23.33021927,57.81842041,43.46429825,2.085000038,0.0560061872
0.1534353018,0.14854069949999998,0.1160258055,0.1121497035,0.10773270130000001,0.0321080089,7.520884705,0.02758763631111111,1.995408058,0.280694604,0.892256498,0.383826703,54.63531113,977.1766968,998.4301147,20.78023911,20.59375954,20.15826988,22.03974915,23.33326912,57.82867813,43.44652939,2.220000029,0.0560063183
0.1539638996,0.1490515947,0.11604369880000001,0.11204639670000001,0.10766960379999999,0.032501059799999996,6.793456268,0.027570082347222222,1.998711944,-0.01590256,0.888857782,0.389958113,74.95559692,977.0759277,998.4296265,20.78034019,20.59390068,20.16418076,22.04058075,23.33630943,57.83893967,43.42874908,2.065000057,0.056006467299999994
0.1539334059,0.14900770189999998,0.11818950180000001,0.11201490160000001,0.1076416016,0.030862098900000003,8.679615784000001,0.0275601493,2.002017021,-0.186970502,0.885514379,0.389520913,81.72902679,976.9750977,998.4290771,20.78043938,20.59403992,20.17008972,22.04140091,23.33935928,57.8492012,43.41098022,2.297499895,0.056006598500000004
0.1545508981,0.1494822025,0.1156383991,0.11214360000000001,0.10763230319999999,0.0333693087,6.102513885,0.02754624260833333,2.00532198,-0.232628405,0.882171094,0.412725002,81.72902679,976.8743286,998.4285889,20.78053093,20.59417915,20.17598915,22.04221916,23.34240913,57.85945892,43.39321136,2.332499981,0.056006747499999995
0.1542034984,0.1490237951,0.1179450989,0.1120710015,0.1076231003,0.0315371096,7.980087279999999,0.027541275025,2.008625984,-0.246695295,0.878827691,0.396160901,81.72902679,976.3925171,998.4282227,20.78063011,20.5943203,20.18190002,22.04303932,23.34544945,57.86972046,43.37543106,2.295000076,0.0560068786
0.1542870045,0.1494004011,0.1172714949,0.1124284029,0.1076138973,0.0317522794,8.516536713,0.0275180965,2.011930943,-0.247172102,0.875484288,0.416222513,81.72902679,975.7836304,998.4276733,20.78072929,20.59445953,20.1878109,22.04387093,23.3484993,57.87998962,43.35765839,2.125,0.0560070276
0.1546530962,0.1494230032,0.11702719930000001,0.1121068001,0.107604599,0.0323732108,7.927874756,0.02752140468888889,2.015235901,-0.141789496,0.872141004,0.377435088,81.72473145,975.1746826,998.4271851,20.78083038,20.59460068,20.08325005,22.04468918,23.35154915,57.89025116,43.33988953,2.0625,0.0560071588
0.1542183042,0.1491915941,0.1169497013,0.1123805046,0.10759539600000001,0.032502749600000005,8.694638062,0.027535976833333333,2.014511108,0.165179104,0.868797719,0.437929988,81.71901703,975.0830078,998.4268188,20.78092957,20.59473991,20.04789925,22.04550934,23.35458946,57.90050888,43.32210922,2.097500086,0.056007307799999996
0.1540428996,0.1489601016,0.11756360530000001,0.11256359819999999,0.107586205,0.0316051185,6.445124817,0.027563461727777776,2.012443066,-0.03926795,0.866856813,0.410349786,81.71328735,975.1635742,998.4262695,20.78101921,20.59487915,20.04789925,22.0463295,23.35763931,57.91077042,43.30434036,2.230000019,0.0560074389
0.1538928032,0.1490769982,0.11689599749999999,0.11261869669999999,0.10757689479999999,0.0320532113,8.286933136,0.027588297525,2.010375023,-0.2195151,0.865383327,0.424264312,81.70757294,974.9271851,998.4257813,20.7811203,20.59502983,20.04789925,22.04714966,23.36068916,57.92102814,43.2865715,2.059999943,0.0560075879
0.1540179014,0.1491284013,0.11790339949999999,0.1125324011,0.10756770369999999,0.031173580899999997,9.590146637,0.027610814836111112,2.00830698,-0.241092399,0.863909781,0.443752587,81.70185089,974.585022,998.425415,20.78121948,20.59516907,20.04789925,22.04797935,23.36372948,57.93128967,43.26879883,2.065000057,0.056007731000000005
0.15425159930000001,0.149119401,0.11724770069999998,0.1123988986,0.1075585008,0.031831410500000004,7.828446959999999,0.02765618430277778,2.006238937,-0.040340859,0.862436414,0.455686301,71.80854797,974.2429199,998.4249268,20.78132057,20.59531021,20.09495926,22.04879951,23.36677933,57.94155884,43.27743912,2.164999962,0.056007868100000004
0.15382180210000002,0.1486431003,0.11811790470000001,0.11253230569999999,0.10754920240000002,0.030984959,7.494419861,0.027721091377777778,2.003386021,-0.021624699,0.860962927,0.441698611,68.51125336,973.9006958,998.4243774,20.78141975,20.59544945,20.11245918,22.04961967,23.36981964,57.95182037,43.29487991,2.339999914,0.0560080111
0.1538022041,0.1485558033,0.1179391026,0.11275459530000001,0.1075469017,0.0307039499,6.136843872,0.027789972083333333,2.000272036,-0.115801498,0.859489381,0.439591289,68.51125336,973.5584717,998.4240112,20.78152084,20.59559059,20.11487007,22.05043983,23.37286949,57.90509033,43.31232834,2.119999886,0.056008148199999996
0.15369479660000002,0.1484073997,0.11820729969999999,0.11277730459999999,0.1075469017,0.030348458900000003,6.423664856,0.027877722833333334,1.997158051,-0.220230505,0.860122025,0.444324195,68.51125336,973.2163696,998.4235229,20.78161049,20.59572983,20.11727905,22.05125999,23.37591934,57.83937073,43.32976913,2.24000001,0.056008291200000004
0.1534880996,0.1485087037,0.1176291943,0.1127333999,0.1075469017,0.030778250099999998,9.19389267,0.027971778444444446,1.994043946,-0.246695295,0.861456573,0.460601509,68.51125336,972.8742065,998.4229736,20.78170967,20.59586906,20.11969948,22.05208969,23.37895966,57.77363968,43.34722137,2.085000038,0.0560084283
0.1537047029,0.1487202048,0.1168125987,0.1126894951,0.1075469017,0.0316812009,9.900578308,0.028048915861111114,1.990929961,-0.247172102,0.862791181,0.427911103,63.39294815,972.5319824,998.4224854,20.78181076,20.59601021,20.12211037,22.05290985,23.38200951,57.70792007,43.3646698,2.25,0.0560085714
0.1536049962,0.1482529044,0.1179986954,0.1126456022,0.1075469017,0.0307165205,8.174638367,0.028135333583333335,1.987815976,0.03094738,0.864125788,0.445050895,61.6868515,972.1898804,998.4221191,20.78190994,20.59614944,20.12453079,22.05373001,23.38505936,57.64220047,43.3821106,2.172499895,0.056008708500000004
0.15335279699999999,0.1483929038,0.1175099969,0.1129958987,0.1075469017,0.030742910499999998,6.4143692020000005,0.028215834305555555,1.984701991,0.126554698,0.865460515,0.411284298,61.6868515,972.5098267,998.4215698,20.78200912,20.59629059,20.12693977,22.05455017,23.38809967,57.57646942,43.39955902,2.232500076,0.0560088515
0.1536826968,0.1484920025,0.1177304983,0.11301259990000001,0.1075469017,0.030662411499999997,5.73128891,0.028297610805555557,1.981588006,-0.151803195,0.866795123,0.398740411,61.6868515,973.050415,998.4210815,20.78210068,20.59643936,20.12935066,22.05537033,23.39114952,57.51074982,43.41699982,2.356250048,0.0560089886
0.15374070410000001,0.1487470031,0.11742650269999999,0.1128743052,0.1075469017,0.0311965913,8.10668869,0.02835919486111111,1.98289597,-0.168731198,0.868129671,0.420989186,44.16399002,973.5908813,998.4207153,20.78219986,20.59658051,20.13175964,22.05620003,23.39419937,57.44503021,43.43444824,2.471250057,0.056009131700000006
0.1539459944,0.1488929987,0.11678270100000002,0.11273599860000001,0.1075469017,0.0320079297,7.751912688999999,0.028423945111111112,1.98567903,-0.220945701,0.869464278,0.381676406,38.32304001,974.1314697,998.4202271,20.78230095,20.59671974,20.13418007,22.05702019,23.39723969,57.37931061,43.45188904,2.237499952,0.0560092688
0.1537286997,0.1489735961,0.11690789459999999,0.11287879940000001,0.1075469017,0.0319355398,9.462117766999999,0.028492139166666666,1.988461018,-0.247172102,0.870798886,0.40250659,38.32304001,974.6719971,998.4196777,20.78240013,20.59686089,20.13658905,22.05784035,23.40028954,57.31357956,43.46934128,2.232500076,0.0560094118
0.1544867992,0.1493898988,0.11705700160000002,0.11276210550000001,0.1075469017,0.0319180191,8.416400909,0.028580750361111112,1.991243958,0.146820605,0.872133493,0.395512789,38.32304001,975.2125854,998.4193115,20.78249931,20.59700012,20.13899994,22.05866051,23.40333939,57.24785995,43.46871948,2.049999952,0.0560095489
0.1544543028,0.1495676994,0.1173789024,0.11252779959999999,0.1075469017,0.0320169985,8.834113312,0.028644305333333335,1.994027019,-0.111629099,0.873468101,0.418973714,38.32304001,975.3859253,998.4188232,20.78259087,20.59713936,20.14142036,22.0594902,23.4063797,57.15546036,43.46207809,2.355000019,0.056009692
0.154845798,0.1484395027,0.11905380489999999,0.11265289780000001,0.1075469017,0.030513858799999998,6.358578873,0.028732056083333336,1.996809959,-0.096370071,0.874802709,0.413306504,62.04912186,975.4368896,998.4182739,20.78269005,20.5972805,20.04788971,22.06031036,23.40942955,57.05414963,43.45544052,2.292500019,0.056009829
0.15455340150000002,0.1493726015,0.1167708993,0.11289780140000001,0.1075469017,0.031668668999999997,10.68163986,0.028780750694444444,1.999591947,-0.050116159,0.876137316,0.410380214,69.95781708,975.487915,998.4177856,20.78278923,20.59741974,20.01651955,22.06113052,23.41246986,56.95285034,43.44879913,2.222500086,0.056009972100000006
0.15515160560000002,0.1496958971,0.11798080209999999,0.11274509429999999,0.1075469017,0.0313917696,8.759010315000001,0.028826444416666666,2.002374887,-0.193527207,0.877471924,0.413416386,69.95781708,975.5388184,998.4174194,20.78289032,20.59756088,20.01651955,22.06195068,23.41551971,56.85155106,43.44215012,2.430000067,0.056010109200000005
0.1546923041,0.14971389770000001,0.11824909450000001,0.11286970380000001,0.1075469017,0.0314467698,10.70953979,0.028745638527777777,2.005157948,0.110461198,0.878806472,0.4049927,69.95781708,975.5897827,998.4168701,20.7829895,20.59770966,20.01651955,22.06277084,23.41856956,56.7502594,43.43550873,2.275000095,0.0560102522
0.1550783038,0.1497889996,0.11747419830000001,0.11289769409999999,0.1075469017,0.0323036492,8.019423675999999,0.028445305305555557,2.007941008,-0.01876365,0.880141079,0.392749012,69.95781708,975.640686,998.4163818,20.78307915,20.5978508,20.01651955,22.06360054,23.42160988,56.76369095,43.42887115,2.184999943,0.0560103893
0.1544522047,0.1492777944,0.11883920429999999,0.1128479958,0.1075469017,0.0309711307,8.896340179000001,0.028259194694444444,2.010723114,-0.116993599,0.881475687,0.416976899,61.21965027,975.6917114,998.4160156,20.78318024,20.59799004,20.04005051,22.0644207,23.42465973,56.8153801,43.42222977,2.390000105,0.0560105324
0.1545498013,0.1495064974,0.1182729006,0.1130777955,0.1075572014,0.0310048312,8.87989502,0.028235028583333335,2.010276079,-0.214985102,0.884077787,0.395462513,58.30693054,975.7426147,998.4155273,20.78327942,20.59812927,20.05051041,22.06524086,23.42770958,56.86706161,43.41558075,2.160000086,0.0560106695
0.1546664953,0.1493520975,0.11926829809999999,0.1127285957,0.1075693011,0.0302381605,9.590868378,0.028280389583333336,2.008752108,-0.1922158,0.887102425,0.431049585,58.30693054,975.7935791,998.414978,20.78338051,20.59827042,20.05400085,22.06605911,23.43074989,56.8502388,43.40893936,2.112499952,0.05601081249999999
0.15465519430000002,0.1497208953,0.1173787951,0.11280410290000001,0.10758080480000001,0.0319732904,9.738923645,0.028331387833333332,2.007227898,-0.217250198,0.890126884,0.423499793,58.30693054,975.8444824,998.4146118,20.78347969,20.59840965,20.0574894,22.06687927,23.43379974,56.81058884,43.40230179,2.055000067,0.056010949600000005
0.1548413038,0.1493340015,0.11886899470000001,0.1127089024,0.10759220119999999,0.030851909500000003,7.802699280000001,0.02837044397222222,2.005703926,-0.238708198,0.893151522,0.393082112,58.30693054,974.9393921,998.4141235,20.78356934,20.5985508,20.06097031,22.06771088,23.43684959,56.77093887,43.3956604,2.315000057,0.0560110927
0.1542610049,0.1492694974,0.1188034058,0.11292439700000001,0.1076037049,0.030599620900000003,9.304756165,0.028374417611111112,2.004179955,-0.208905399,0.896175981,0.407087386,58.9952507,974.8228149,998.4135742,20.78367043,20.59869003,20.06446075,22.06852913,23.43988991,56.73128891,43.38901901,2.432499886,0.05601122979999999
0.1544595957,0.1494243979,0.11818950180000001,0.11291879419999999,0.1076151967,0.031065771,7.6625091549999995,0.028367805472222223,2.002655983,-0.232866704,0.899200618,0.407563001,59.22468948,975.0753174,998.4130859,20.78376961,20.59882927,20.06793976,22.06934929,23.44293976,56.69163895,43.38238144,2.297499895,0.0560113728
0.1542332053,0.1491050005,0.1192921996,0.1127907038,0.10762660500000001,0.030119800600000003,8.563027191,0.02833633422222222,2.001132011,-0.193646297,0.902225077,0.3985928,59.22468948,975.3278809,998.4127197,20.7838707,20.59897995,20.07143021,22.07016945,23.44598961,56.65198898,43.37572861,2.279999971,0.0560115099
0.15421639680000002,0.1491021991,0.1174980998,0.11304500099999999,0.1076380968,0.031607011000000004,8.399230194000001,0.028096945027777778,1.99960804,-0.203183204,0.90625149,0.39991501,59.22468948,975.5803833,998.4121704,20.78396988,20.59911919,20.07492065,22.07099915,23.44902992,56.61233902,43.36909103,2.109999895,0.0560116529
0.1540511966,0.1487072945,0.11785570379999999,0.1129863977,0.10764960050000001,0.031246471399999996,8.468611908,0.027889304694444443,1.998180032,-0.238469705,0.910611689,0.384714305,57.76646042,975.8328857,998.4116821,20.78405952,20.59926033,20.07839966,22.07181931,23.45207977,56.62973022,43.37274933,2.289999962,0.056011802
0.1537845969,0.14863920209999998,0.1176650047,0.1130318999,0.1076609969,0.031044051099999997,8.666744995,0.02777902813888889,1.996783972,-0.196865097,0.914972007,0.408604085,57.28039169,976.0853882,998.4113159,20.78416061,20.59939957,20.08189011,22.07263947,23.45512009,56.66613007,43.37982941,2.107500076,0.056011927100000004
0.1538496017,0.1487411022,0.1174801946,0.1129699945,0.1076725006,0.03120718,8.861296844,0.027747908697222223,1.995388031,0.063849628,0.919332325,0.398353994,57.28039169,976.3380127,998.4108276,20.7842598,20.59954071,20.08536911,22.07345963,23.45816994,56.70254135,43.38692093,2.319999933,0.056012082100000006
0.1536116004,0.1484917998,0.1169615984,0.1128445029,0.1076840043,0.0317953706,8.357745361000001,0.027743935055555554,1.993991971,-0.1427432,0.923692524,0.371641487,57.28039169,976.5391235,998.4102783,20.78436089,20.59967995,20.08885956,22.07428932,23.46121979,56.73894882,43.39400864,2.180000067,0.056012207300000005
0.1534019947,0.1483157992,0.11644899849999998,0.11299049850000001,0.10769540070000001,0.0321380198,7.435765839,0.027735659280555554,1.99259603,0.262693703,0.926397324,0.372346908,57.28039169,976.7230225,998.4099121,20.78446007,20.59981918,20.09235001,22.07510948,23.4642601,56.77536011,43.40108871,2.272500038,0.0560123622
0.1532477975,0.14836930040000001,0.1159960032,0.1130475044,0.1077069044,0.0323515892,8.186081695999999,0.02771810743611111,1.99119997,-0.040460099,0.928550184,0.361846596,75.08862305,976.9069214,998.4094238,20.78454971,20.59996033,20.09583092,22.07592964,23.46730995,56.81177139,43.40818024,2.075000048,0.0560124874
0.15352,0.14847819810000001,0.11783180239999999,0.112786901,0.10771839620000001,0.030595180399999998,9.01149826,0.027711151969444445,1.989804029,-0.233343706,0.930703223,0.344564706,81.02468872,977.0908203,998.4088745,20.7846508,20.6001091,20.09931946,22.0767498,23.4703598,56.83047867,43.41527176,2.065000057,0.0560126424
0.15393429990000002,0.1489526987,0.1169257998,0.11244039539999999,0.1077298045,0.03157157,8.085946654999999,0.02769956165,1.988407969,-0.200679794,0.932856083,0.371923804,81.02468872,977.2114258,998.4083862,20.78474998,20.60025024,20.10280991,22.07756996,23.47340012,56.84329987,43.42235947,2.13499999,0.0560127676
0.153995502,0.1491744041,0.1166396976,0.1123646975,0.10773270130000001,0.0323790014,8.754720306,0.02767306857777778,1.987012029,-0.100304,0.933005989,0.386620492,81.02468872,977.3109131,998.40802,20.78484917,20.60038948,20.10629082,22.07839966,23.47644997,56.85610962,43.42943954,2.345000029,0.05601292249999999
0.1539389014,0.1492712975,0.11639540200000001,0.11237930060000001,0.10773270130000001,0.0327535093,8.645999146,0.027656514908333332,1.985615969,-0.150491893,0.932488084,0.392136186,81.02468872,977.4104004,998.4074707,20.78495026,20.60053062,20.10977936,22.07921982,23.47949982,56.86893082,43.43653107,2.462500095,0.0560130477
0.154569602,0.1492063046,0.11782590150000001,0.11223969460000001,0.10773270130000001,0.031429559,5.387958908,0.02763267305277778,1.984220028,-0.075865783,0.931970298,0.37706089,76.15962219,977.4680176,998.4069824,20.7850399,20.60066986,19.87533951,22.08003998,23.48254013,56.88174057,43.44361115,2.157500029,0.0560132027
0.1540395021,0.14948890210000002,0.1172834992,0.1123829961,0.10772939919999999,0.0319227993,9.736065673999999,0.027613796658333335,1.985149026,-0.196030498,0.931452513,0.378032207,74.53793335,977.5117188,998.4066162,20.78513908,20.6008091,19.7968998,22.08086014,23.48558998,56.89456177,43.45069885,2.102499962,0.0560133278
0.1545954943,0.14990539549999998,0.1174324989,0.11223089690000002,0.10766030550000001,0.0320085108,10.498539730000001,0.027597902086111112,1.98685205,-0.246933699,0.930934608,0.341490388,74.53793335,977.5554199,998.4061279,20.78524017,20.60095024,19.7968998,22.0816803,23.48863983,56.90737915,43.45779037,2.029999971,0.0560134828
0.15481179949999999,0.1497655034,0.11790339949999999,0.11194319729999999,0.1075695992,0.0319860399,9.019373322,0.027590950861111112,1.988554955,0.172689393,0.930416822,0.350309998,74.53793335,977.598999,998.4055786,20.78533936,20.60108948,19.7968998,22.08250999,23.49168015,56.9201889,43.4648819,2.352499962,0.056013608000000006
0.1544589043,0.1494400978,0.11644899849999998,0.1123288989,0.1075469017,0.0332579315,7.400723266999999,0.027581011455555558,1.990259051,-0.081230283,0.929898918,0.349766701,76.7789917,977.6425781,998.4052124,20.78544044,20.60123062,19.9835701,22.08333015,23.49473,56.9330101,43.46419907,2.319999933,0.05601376300000001
0.1542014003,0.1489058971,0.1175219059,0.11256639959999999,0.1075469017,0.031898620700000005,6.472303008999999,0.027574058108333334,1.991961956,-0.221780196,0.929381073,0.339390099,77.52601624,977.6862793,998.4047241,20.78553009,20.60137939,20.04578972,22.08415031,23.49777985,56.94581985,43.46094894,2.097500086,0.0560138881
0.1540073037,0.14909670349999998,0.1172834992,0.11267960070000001,0.1075469017,0.031688868999999995,8.710372162,0.027560814752777777,1.99366498,-0.042844299,0.928863227,0.35408771,77.52601624,977.7299805,998.4041748,20.78562927,20.60152054,20.04578972,22.08497047,23.50082016,56.95864105,43.45767975,2.295000076,0.056014037100000004
0.1542667985,0.1493625045,0.116919899,0.1122377038,0.1075469017,0.0321989894,8.472902679,0.02755683898888889,1.995368958,0.2027307,0.928345382,0.377143413,77.52601624,977.7736206,998.4036865,20.78573036,20.60165977,20.04578972,22.08579063,23.50387001,56.97145081,43.45441818,2.214999914,0.0560141683
0.1542911053,0.1491410017,0.11718809599999999,0.1120211959,0.1075469017,0.0321743488,7.6153007509999995,0.027559818691666665,1.997071981,0.006151496,0.92614311,0.371097386,77.52601624,977.8173218,998.4033203,20.78582954,20.60180092,20.04578972,22.08650017,23.50691032,56.98426819,43.45116043,2.257499933,0.056014317300000005
0.1539505005,0.1489562035,0.1181478024,0.11232930420000001,0.1075469017,0.0309932292,7.71329422,0.027564786275000003,1.998775959,0.297384202,0.923379183,0.355350912,73.06440735,977.8609009,998.402771,20.78593063,20.60194016,20.0003109,22.08716965,23.50996017,56.99708939,43.44789886,2.079999924,0.05601444840000001
0.15407359599999998,0.1492061019,0.117593503,0.1124469042,0.1075469017,0.0313627213,7.1096099850000005,0.02756412506111111,2.000478983,0.517567098,0.920615375,0.3619546,71.57720184,977.90448,998.4022827,20.78602028,20.60207939,19.98907089,22.08783913,23.51301003,57.00989914,43.44464111,2.017499924,0.0560145974
0.15405269859999998,0.148880899,0.1191192985,0.1121127963,0.1075469017,0.030086779600000002,7.9428962709999995,0.027595252991666666,2.002182007,0.198558196,0.917851627,0.376008302,71.57720184,977.9481812,998.4019165,20.78611946,20.60222054,19.99430084,22.08851051,23.51096916,57.02272034,43.44137955,2.109999895,0.0560147285
0.153923595,0.1490247011,0.1174324989,0.1122866988,0.1075469017,0.0314483911,8.640995789,0.027646579741666667,2.003885984,0.075293921,0.915087819,0.358884186,71.57720184,977.9918823,998.4014282,20.78622055,20.60235977,19.99953079,22.08917999,23.5072403,57.03553009,43.43812943,2.102499962,0.0560148776
0.1537943959,0.1485625982,0.1190119982,0.11223080160000001,0.1075469017,0.030012691,7.401438904,0.027739630805555554,2.005589008,0.066710718,0.911813676,0.347646087,71.57720184,978.0355225,998.4008789,20.78631973,20.60250092,20.00476074,22.08984947,23.50351906,57.04835129,43.43486023,2.277499914,0.0560150206
0.1535226941,0.148595202,0.11848750109999999,0.1124868035,0.1075469017,0.0300750285,7.7891098020000005,0.027814805777777778,2.005641937,0.081731319,0.908369422,0.341834307,48.73886871,978.0792236,998.4005127,20.78642082,20.60264015,20.00999069,22.09052086,23.49979019,57.04917908,43.43159866,2.265000105,0.0560151577
0.1536376953,0.1483446002,0.1194471955,0.11244629619999999,0.1075469017,0.0291480213,6.800608063,0.027870750416666666,2.005145073,-0.162889898,0.904925108,0.336022496,41.126091,978.1228027,998.4000244,20.78651047,20.60279083,20.01522064,22.09119034,23.49605942,57.04602051,43.42834091,2.150000095,0.0560153008
0.15341960189999998,0.1482666016,0.1179093957,0.11254359480000001,0.1075469017,0.030435350500000003,7.528038024999999,0.027885500583333334,2.004647017,-0.247052893,0.901480913,0.354964912,41.126091,978.1798706,998.3994751,20.78660965,20.60293007,20.02045059,22.09185982,23.49233055,57.04285812,43.42507935,2.213749886,0.0560154378
0.153362298,0.14830609560000002,0.11582909820000001,0.1126219034,0.1075469017,0.0324497312,7.475821686000001,0.027887471527777777,2.004149914,-0.074554443,0.89803648,0.338095009,41.126091,978.2415161,998.3989868,20.78671074,20.60306931,20.02568054,22.0925293,23.48859978,57.03969955,43.42182922,2.338749886,0.056015580899999994
0.153075397,0.1478855968,0.11846959589999999,0.11266210080000001,0.1075469017,0.0298405796,7.410018921,0.027872083444444445,2.003653049,-0.168969706,0.894592285,0.33662641,41.126091,978.3029785,998.3986206,20.78680992,20.60321045,20.03091049,22.09320068,23.48487091,57.03654099,43.41856003,2.227499962,0.056015718000000006
0.15324740409999998,0.1485159039,0.1165920973,0.1127022982,0.1075469017,0.0312935203,8.848420715,0.027850888583333334,2.003155947,-0.213912293,0.891147971,0.310666889,67.67120361,978.364624,998.3980713,20.7869091,20.60334969,20.03614044,22.09387016,23.48114014,57.0333786,43.41530991,2.202500105,0.056015861
0.1536098957,0.14831999540000002,0.1186782002,0.1122024059,0.1075469017,0.029837659,7.383553313999999,0.027859499194444446,2.002659082,-0.238469705,0.887703717,0.340607285,76.51957703,978.4260864,998.397583,20.78700066,20.60349083,20.04137039,22.09453964,23.47742081,57.03022003,43.41204071,2.404999971,0.0560159981
0.1535143018,0.14839780330000002,0.11790930029999999,0.11236820219999999,0.1075469017,0.0304106712,7.746907806,0.02785619525,2.002161026,-0.108887203,0.884259403,0.322717488,76.51957703,978.4876709,998.3972168,20.78709984,20.60363007,20.04660034,22.09520912,23.47369003,57.02706146,43.40879059,2.372499943,0.0560161412
0.1536188006,0.1487032056,0.11588280200000001,0.11240309479999999,0.1075469017,0.0325384915,9.883410645,0.027819777583333333,2.001663923,-0.200083703,0.880815089,0.320392996,76.51957703,978.5491943,998.3967285,20.78720093,20.6037693,20.05183029,22.09588051,23.46995926,57.02389908,43.40552902,2.332499981,0.0560162783
0.1536492944,0.1482926011,0.1172119975,0.1123005033,0.1075469017,0.0314991415,9.082315826,0.027798555166666666,2.001167059,0.579914629,0.877370775,0.33106789,59.11495972,978.6107788,998.3961792,20.78730011,20.60391045,20.0570507,22.09654999,23.46623039,57.02074051,43.40225983,2.13499999,0.056016421299999994
0.1533579946,0.1483996034,0.11606149670000002,0.1126198053,0.1075469017,0.032231059699999995,9.389875793,0.02777439753333333,2.000669003,0.562628925,0.87392658,0.304665595,53.31341934,978.6723022,998.395813,20.78739929,20.60405922,20.06228065,22.09721947,23.46249962,57.01757813,43.3990097,2.355000019,0.056016558400000006
0.1531995058,0.1480236053,0.117712605,0.1126374006,0.1075469017,0.0306870103,7.768366241,0.027761486899999997,2.0001719,-0.0598915,0.870482326,0.347611696,53.31341934,978.7338867,998.3953247,20.78749084,20.60420036,20.0675106,22.09789085,23.45877075,57.01441956,43.39574051,2.397500038,0.0560167015
0.1534070969,0.14813719990000002,0.1161689043,0.1127120972,0.1075469017,0.0318547696,5.89937706,0.027747578091666666,1.999675035,0.555476189,0.868056715,0.328278601,53.31341934,978.7954102,998.3947754,20.78759003,20.6043396,20.07274055,22.09856033,23.45504951,57.01126099,43.39249039,2.147500038,0.056016838599999993
0.1530781031,0.1481130004,0.11586190460000001,0.1125921965,0.1075469017,0.0322663486,8.178214264000001,0.02773168563888889,1.999178052,0.02141054,0.86597079,0.341036707,53.31341934,978.8569946,998.3942871,20.78768921,20.60448074,20.0779705,22.09922981,23.45132065,57.0080986,43.38922882,2.025000095,0.0560169816
0.1534479976,0.1483551025,0.1164698005,0.1126862049,0.1075469017,0.0316402197,8.19824295,0.027705853780555557,1.998679996,0.206902996,0.863884807,0.316645086,58.67549133,978.9185181,998.3939209,20.7877903,20.60461998,20.17329025,22.09989929,23.44758987,57.00494003,43.38597107,2.339999914,0.0560171187
0.1534428,0.1487283945,0.1162819982,0.1125018954,0.1075469017,0.0320596814,9.572987366,0.027684661016666664,1.996533036,0.131323099,0.861798823,0.330647886,60.46284866,978.9801025,998.3933716,20.78788948,20.60475922,20.20462036,22.10057068,23.4438591,57.01760864,43.39978027,2.375,0.0560172617
0.1538833022,0.1488579035,0.1170091987,0.1121912956,0.1074239969,0.0317146689,6.300643158,0.0276790301,1.993834972,0.300960511,0.85971278,0.334374011,60.46284866,979.041626,998.3928833,20.78797913,20.60490036,20.20462036,22.10124016,23.44013023,57.03554916,43.41930008,2.297499895,0.05601739879999999
0.1539368987,0.1489060998,0.11834440230000001,0.1121785045,0.10736579900000001,0.0304702103,6.097500992,0.027665782505555556,1.991137028,-0.089098237,0.857626915,0.3282682,60.46284866,979.1030884,998.3925171,20.78808022,20.6050396,20.20462036,22.10190964,23.43639946,57.05348969,43.43880081,2.107500076,0.0560175419
0.1539950967,0.1497267962,0.11669340130000001,0.11226480009999999,0.1073429942,0.0321983814,10.68022003,0.027640620338888887,1.988438964,-0.207355604,0.855540872,0.32216239,60.46284866,979.1646729,998.3920288,20.7881794,20.60518074,20.20462036,22.10257912,23.43267059,57.07144165,43.45832062,2.237499952,0.056017679
0.1550974011,0.1502221942,0.11572179789999999,0.11195770499999999,0.10732009410000001,0.0340050697,10.00286026,0.027612802716666666,1.985741973,-0.155379504,0.853454888,0.31605649,70.42279053,979.2263184,998.3914795,20.78828049,20.60532951,20.13414001,22.1032505,23.42894936,57.08937836,43.47782898,2.224999905,0.056017821999999995
0.1547261,0.1496021032,0.1177306056,0.1119874001,0.1072973013,0.0324917614,9.837629699999999,0.027611808777777778,1.983044028,0.404793292,0.851369023,0.344065994,73.74276733,979.2877808,998.3911133,20.78837967,20.60547066,20.10934067,22.10391998,23.42522049,57.10731888,43.49734116,2.327500105,0.0560179591
0.1544834018,0.14976860279999998,0.1176291943,0.1125502944,0.10727440120000001,0.0319729,8.27405777,0.027600879669444443,1.980345964,0.193074405,0.84928298,0.308826715,73.74276733,979.2103882,998.390625,20.78848076,20.60560989,20.10759926,22.10458946,23.42148972,57.1252594,43.51684952,2.377500057,0.056018102199999996
0.1546748996,0.14967169760000001,0.1198644042,0.11238559480000002,0.1072515011,0.029904210599999998,8.52440567,0.02757869508611111,1.97764802,-0.169684902,0.847196996,0.338054687,73.74276733,979.0866089,998.3900757,20.7885704,20.60574913,20.10585976,22.10526085,23.41776085,57.14321136,43.53636169,2.207499981,0.056018239299999995
0.15498850349999999,0.14992769960000002,0.1185889006,0.1123283029,0.10724099869999999,0.0310829103,9.135959625,0.027544920180555554,1.980636954,-0.242522895,0.846415877,0.371769786,73.74276733,978.9628296,998.3895874,20.78866959,20.60589027,20.10411072,22.10593033,23.41403008,57.16115189,43.55587006,2.285000086,0.0560183823
0.1549093008,0.1500396013,0.1166694999,0.1124016047,0.1072345018,0.033258149,11.64654007,0.027527698941666665,1.985520959,-0.02436658,0.846069694,0.321538091,56.55496979,978.8391113,998.3892212,20.78877068,20.60602951,20.10236931,22.10659981,23.4102993,57.17908859,43.54893875,2.164999962,0.056018531299999993
0.1546926975,0.1497275949,0.11760540010000001,0.1124748945,0.1072281003,0.032434260799999996,10.514990229999999,0.027522065905555556,1.990404963,0.121905498,0.84572351,0.339462608,50.8257103,978.71521,998.3886719,20.78886986,20.60617065,20.10062981,22.10726929,23.40657043,57.19704056,43.53319931,2.349999905,0.056018662500000004
0.1546751022,0.1496170044,0.1185888052,0.1126407027,0.10722169880000001,0.0311387807,7.871365356,0.027525049844444444,1.995288968,-0.022220749,0.845377326,0.346795887,50.8257103,978.5913696,998.3881836,20.78897095,20.60630989,20.0988903,22.10792923,23.4028492,57.21498108,43.51745987,2.19749999,0.0560188115
0.154389596,0.1496083021,0.11903589960000001,0.11267180439999999,0.1072152972,0.030613189899999997,9.236810303,0.027508494058333336,2.000173092,-0.204732999,0.845031083,0.365106314,50.8257103,978.4677124,998.3878174,20.78906059,20.60644913,20.09713936,22.10861015,23.39912033,57.2329216,43.50172043,2.375,0.056018942599999996
0.1545820951,0.1498803973,0.11740859749999999,0.11264790300000001,0.10720880029999999,0.032210299399999996,8.407817077999999,0.027475710974999998,2.005057096,-0.136305794,0.844684899,0.391709208,67.49479675,978.3438721,998.3873291,20.78915977,20.60659981,20.09539986,22.10927963,23.39538956,57.25086975,43.48598099,2.265000105,0.0560190916
0.1545575976,0.14934760330000002,0.1188748956,0.1124807954,0.1072023988,0.0310053915,7.59885025,0.027480678558333332,2.009941101,-0.201037407,0.844338715,0.378108889,73.05116272,977.8571167,998.3867798,20.78926086,20.60674095,20.09366035,22.10994911,23.39166069,57.26881027,43.47024918,2.117500067,0.0560192227
0.1543954015,0.1496281981,0.1178735971,0.1127253056,0.10719599719999999,0.0314740211,9.698156738,0.02746792687222222,2.010062933,-0.137617096,0.843992472,0.380729496,73.05116272,977.2490845,998.3864136,20.78936005,20.60688019,20.09192085,22.11060905,23.38792992,57.28675079,43.45449829,2.007499933,0.0560193717
0.1544772983,0.1497681975,0.11818950180000001,0.11252269740000001,0.1071895957,0.0314387113,10.97276001,0.027444746230555556,2.008598089,-0.128437907,0.843646288,0.370175093,73.05116272,976.6412964,998.3859253,20.78945923,20.60701942,20.09016991,22.11128044,23.38419914,57.30469894,43.43875885,1.987499952,0.0560195029
0.1546406031,0.1497377038,0.11841000319999999,0.1123463988,0.10718309880000002,0.0312842101,10.09083023,0.027440937888888888,2.007133007,-0.159432799,0.843300223,0.407332093,73.05116272,976.5469971,998.385376,20.78955078,20.60716057,20.0884304,22.11194992,23.38047028,57.32263947,43.42301941,2.342499971,0.0560196519
0.1545122027,0.1495368958,0.1188868046,0.1124333024,0.10717669729999998,0.0308150113,8.09953537,0.027477366130555556,2.005666971,-0.227263898,0.84529233,0.377573997,67.71205139,976.6239014,998.3848877,20.78964996,20.6072998,20.0866909,22.11263084,23.37675095,57.34057999,43.40727997,2.130000114,0.0560197771
0.1540514946,0.14927940369999998,0.11926829809999999,0.1127928019,0.1071702957,0.030200669200000002,8.31125412,0.02751908832222222,2.004201889,-0.231555507,0.848064005,0.372993886,65.93235016,976.7006836,998.3845215,20.78974915,20.60744095,20.08493996,22.11329079,23.37302017,57.35852051,43.39154053,2.065000057,0.056019931999999995
0.1544756055,0.149802196,0.11721190210000001,0.112856102,0.1071637988,0.0320460409,9.299752045,0.02758763631111111,2.002737045,-0.242045999,0.850835621,0.386293113,65.93235016,976.7775879,998.3839722,20.78985023,20.60758018,20.08320045,22.11396027,23.3692894,57.37646103,43.37580109,2.335000038,0.056020057199999994
0.1544129014,0.1493502975,0.1171463966,0.11255090240000001,0.1071573973,0.032655799400000005,9.118074799,0.027633003658333332,2.001271009,-0.246218398,0.853607297,0.39959231,65.93235016,976.8546143,998.3834839,20.78994942,20.60773087,20.08146095,22.11462975,23.36556053,57.39440918,43.3801918,2.247499943,0.056020212199999996
0.1540809035,0.1492248058,0.11753979919999999,0.11285450459999999,0.1071509957,0.03181054,9.361981201,0.027640620338888887,1.999956012,-0.244787797,0.856378913,0.379200786,65.93235016,976.9315186,998.3831177,20.79003906,20.6078701,20.07971954,22.11529922,23.36182976,57.4123497,43.39128876,2.047499895,0.0560203373
0.1541998029,0.14959069490000002,0.11759940390000001,0.112845397,0.1071445942,0.0316433012,10.21386032,0.027619425455555558,1.998690009,-0.166108504,0.859150589,0.367539287,72.22512054,977.0083008,998.3826294,20.79014015,20.60800934,19.99393082,22.11597061,23.35810089,57.43029022,43.40238953,2.0,0.0560204923
0.15446900130000002,0.14958879949999998,0.11759940390000001,0.11244419809999999,0.10713809729999998,0.0319972605,9.727483368,0.027611478169444443,1.997424006,0.239447594,0.861922204,0.390296906,74.32270813,977.0852051,998.3820801,20.79023933,20.60815048,19.9654808,22.11664009,23.35437965,57.44683075,43.41347885,2.32249999,0.0560206175
0.1546185017,0.1497506022,0.1166337967,0.1124789,0.1071316957,0.0329550803,8.455021667,0.027593262991666666,1.996158957,-0.038195051,0.86469388,0.36739701,74.32270813,977.1621094,998.3817139,20.79034042,20.60828972,19.9654808,22.11730957,23.35065079,57.46289825,43.42457962,2.19749999,0.0560207725
0.1544183969,0.1495646954,0.1179211974,0.1126824021,0.10712529420000001,0.0318293989,9.257550048999999,0.02757886038888889,1.994892955,0.148966402,0.869356513,0.369847208,74.32270813,977.2390137,998.3812256,20.79043961,20.60843086,19.9654808,22.11797905,23.34692001,57.47896957,43.43568039,2.24000001,0.056020897599999994
0.1545891047,0.1496490002,0.1177603006,0.1126857996,0.1071189046,0.0318044007,8.05375824,0.027567600675,1.993628025,1.057713032,0.874649525,0.35347569,74.32270813,977.315918,998.3806763,20.79052925,20.6085701,19.9654808,22.11865044,23.34318924,57.49504089,43.44678116,2.400000095,0.056021052599999996
0.1545603037,0.1498736024,0.1170807958,0.1126224995,0.10711239580000001,0.0325548291,8.098101807,0.027538956536111114,1.992362022,0.149324104,0.879942477,0.341222405,53.99491119,977.3928223,998.380188,20.79063034,20.60870934,20.02729034,22.11931992,23.33946037,57.51111984,43.45787048,2.25999999,0.0560211778
0.1547719955,0.14972729680000002,0.1202757001,0.1125591993,0.1071059942,0.029593428999999997,8.192517089999999,0.02754624260833333,1.99109602,0.132634506,0.885235429,0.351855814,47.21897888,977.4993286,998.3798218,20.79072952,20.60885048,20.0537796,22.1199894,23.3357296,57.52719116,43.46897125,2.17750001,0.0560213327
0.1551035047,0.1504804015,0.1167947054,0.1124958992,0.10709960460000001,0.0329325408,9.203191376,0.027518757713888887,1.989830971,0.575980604,0.890528381,0.331449211,47.21897888,977.6156006,998.3792725,20.79083061,20.60898972,20.06163025,22.12066078,23.33200073,57.54325867,43.48006821,2.005000114,0.0560214579
0.15519590379999998,0.1502217054,0.11724770069999998,0.1123250008,0.1070930958,0.0332326889,8.426410675,0.02751279618888889,1.988564968,0.158860907,0.895821393,0.383339912,47.21897888,977.7318726,998.3787842,20.79092979,20.60913086,20.06946945,22.12133026,23.3282795,57.55932999,43.49116898,2.122499943,0.0560216129
0.1552085996,0.15008239750000002,0.11805239919999999,0.11241970059999999,0.10708669420000001,0.032169351,7.379976653999999,0.027510479822222225,1.987298965,-0.161816999,0.901114285,0.385313809,57.58205032,977.8483276,998.378418,20.79101944,20.60927963,20.07731056,22.12199974,23.32455063,57.57540131,43.50226974,2.1875,0.05602175
0.15522129540000001,0.1501332045,0.1187258959,0.11231499910000001,0.1070803046,0.0314234287,7.370680237,0.02750517951111111,1.986034036,-0.224343196,0.906407416,0.361246288,61.03639984,976.762085,998.3779297,20.79112053,20.60942078,20.0851593,22.12266922,23.32081985,57.59146881,43.51335907,2.279999971,0.0560218871
0.1552340031,0.1506508946,0.1179332018,0.1122959971,0.1070739031,0.0322223514,11.13298035,0.02749988343888889,1.984768033,-0.242701694,0.911700308,0.377539188,61.03639984,976.3209839,998.3773804,20.79121971,20.60956001,20.09300041,22.12334061,23.31708908,57.60754013,43.52445984,2.069999933,0.056022030099999995
0.1555866003,0.1508213997,0.1178140044,0.112135601,0.10706739430000001,0.0328369409,10.67020035,0.027582999336111108,1.98350203,0.354247898,0.91699332,0.361927003,61.03639984,976.2285156,998.3770142,20.7913208,20.60969925,20.10084915,22.12401009,23.31336021,57.62361145,43.53556061,2.282500029,0.05602216719999999
0.15577750210000002,0.1505252957,0.1183146,0.1119073987,0.10706100460000001,0.032506749,7.678961945,0.027657835219444447,1.985923052,0.262574613,0.922286272,0.384862602,61.03639984,976.1359863,998.3765259,20.79141998,20.60984039,20.10869026,22.12467957,23.31554031,57.63967896,43.54666138,2.335000038,0.0560223103
0.1552332044,0.1501294971,0.1193876028,0.11235860589999999,0.10707889799999999,0.031072708999999997,8.558735657,0.027714133791666668,1.989572048,-0.079084419,0.927579224,0.372366011,62.01187134,976.0435181,998.3759766,20.79150963,20.60997963,19.99299049,22.12535095,23.31967926,57.65359116,43.54251862,2.335000038,0.0560224473
0.1553835988,0.1501649022,0.1189465046,0.1125030041,0.1071050048,0.031161349999999997,8.207541656,0.027747578091666666,1.993219972,-0.225594893,0.932872176,0.37075901,62.3370285,975.9509888,998.3754883,20.79161072,20.61012077,19.95376968,22.12602043,23.32382011,57.66679001,43.53330994,2.414999962,0.0560225904
0.1550207973,0.1501847029,0.11765899660000001,0.1122812986,0.10713109970000001,0.0325059593,11.73094025,0.027753204769444446,1.996868968,-0.131060496,0.938165188,0.378706306,62.3370285,975.8585205,998.3751221,20.7917099,20.61026001,19.95376968,22.12668991,23.32795906,57.67998123,43.52410126,2.410000086,0.0560227275
0.1549365997,0.1496397972,0.1203531981,0.1122956038,0.10715709920000001,0.0298315614,9.33122406,0.027751882341666666,2.000518084,-0.205329001,0.94345808,0.373590797,62.3370285,975.7659912,998.3745728,20.79180908,20.61039925,19.95376968,22.12735939,23.33209991,57.69316864,43.51488876,2.107500076,0.0560228705
0.1547041059,0.1499148011,0.1195068002,0.1125913024,0.1071831942,0.0301330686,9.683138275000001,0.027721746233333334,2.00416708,-0.246218398,0.948751211,0.40409559,62.3370285,975.6735229,998.3740845,20.79191017,20.61054993,19.95376968,22.12803078,23.33625031,57.70635986,43.50568008,2.317500114,0.056023007599999994
0.1546439052,0.14969769719999998,0.11942329410000001,0.1123980045,0.10720930099999999,0.0304914892,9.756092072,0.027706847719444445,2.007816076,-0.161101699,0.952263117,0.38463369,60.99625015,975.5808716,998.3737183,20.79199982,20.61068916,20.04789925,22.12870026,23.34038925,57.71955109,43.49647141,2.472500086,0.0560231507
0.154677999,0.1494791031,0.119065702,0.11232219930000001,0.1072353005,0.030632001199999998,8.246882629,0.02770519256666667,2.011465073,0.02570211,0.95518142,0.388369799,60.54932022,975.4885254,998.37323,20.79210091,20.61083031,20.07928085,22.12936974,23.34453011,57.73274994,43.48725891,2.265000105,0.0560232878
0.1542968988,0.14922790530000002,0.1180464983,0.1124397039,0.1072613955,0.0314326704,7.813432312000001,0.02769028981388889,2.011320114,-0.165154904,0.958099723,0.365782291,60.54932022,975.395874,998.3726807,20.79220009,20.61096954,20.07928085,22.13003922,23.34866905,57.74594116,43.47805023,2.017499924,0.056023430799999996
0.1539695024,0.1489354968,0.1188034058,0.11258809569999999,0.107287395,0.0303803891,9.143824768,0.027670419480555555,2.00991106,-0.1154439,0.961017907,0.3824884,60.54932022,975.3034058,998.3723145,20.79229927,20.61111069,20.07928085,22.1307106,23.35280991,57.75912857,43.46884155,2.357500076,0.0560235679
0.15408539770000002,0.1491708994,0.1169317961,0.11243150230000001,0.10731350180000002,0.0319889903,9.548664856,0.027657504611111113,2.008502007,-0.190189198,0.96393621,0.378695488,60.54932022,975.2108765,998.3718262,20.79240036,20.61124992,20.07928085,22.13138008,23.3569603,57.77231979,43.45962906,2.242500067,0.056023711
0.1537912011,0.14875619410000002,0.117533803,0.11217319969999999,0.1073395967,0.0316371113,10.39697037,0.02764691035,2.007092953,-0.031876858,0.96589601,0.397762686,65.26583862,975.1184082,998.3712769,20.79249001,20.61138916,20.0827198,22.13204956,23.36109924,57.78551102,43.45042038,2.309999943,0.056023848099999995
0.1538890004,0.14869120119999998,0.1183385015,0.1123182058,0.1073655963,0.0304177701,8.256893921,0.027640289730555555,2.005683899,0.243262395,0.96753639,0.401258796,66.8380127,975.0258789,998.3707886,20.79258919,20.6115303,20.08731079,22.13272095,23.3652401,57.79870987,43.44120026,2.352499962,0.056023991100000003
0.1535763025,0.1488345027,0.11734910009999999,0.1123180032,0.10739170309999999,0.0313337386,10.54431,0.027615121205555555,2.004275084,-0.107218303,0.969176829,0.415139586,66.8380127,974.9334106,998.3704224,20.79269028,20.61167908,20.09189987,22.13339043,23.36938095,57.81190109,43.43199921,2.17750001,0.0560241282
0.1537760973,0.1487864971,0.1170688987,0.11222460270000001,0.10745400190000001,0.03178069,8.969296265,0.02761114756388889,2.003489017,-0.229052097,0.970817089,0.386501908,66.8380127,975.0447998,998.369873,20.79278946,20.61182022,20.09647942,22.13405991,23.3735199,57.8250885,43.43209076,2.059999943,0.056024271199999996
0.1537896991,0.14832869769999998,0.11718809599999999,0.11213120219999999,0.1075283051,0.0316638112,6.068180847,0.027600549061111108,2.002908945,0.355320811,0.972457528,0.393359512,65.38835907,975.2241211,998.3693848,20.79289055,20.61195946,20.22505951,22.13472939,23.37767029,57.83827972,43.43529129,2.272500038,0.056024408299999995
0.1531891942,0.1484063983,0.116860199,0.1125470042,0.1075469017,0.0314882606,8.407817077999999,0.02757074356111111,2.002330065,-0.046659019,0.974097788,0.368320495,64.90514374,975.4035034,998.3690186,20.79298019,20.6121006,20.26753044,22.13540077,23.38180923,57.85147095,43.43849182,2.454999924,0.0560245514
0.1536193967,0.1483962059,0.1179391026,0.1121883988,0.1075469017,0.030467221100000004,6.984435272000001,0.027566110822222222,2.001750946,-0.245622396,0.972726882,0.384293199,64.90514374,975.5828247,998.3685303,20.79307938,20.61223984,20.26753044,22.13607025,23.38595009,57.8646698,43.44168854,2.182499886,0.056024688499999996
0.1534754992,0.1487030029,0.1165861011,0.1119825959,0.1075469017,0.0318100989,8.882749176,0.02753862592777778,2.001172066,-0.207951695,0.970352173,0.374428988,64.90514374,975.762207,998.367981,20.79318047,20.61237907,20.26753044,22.13673973,23.39009094,57.87786102,43.44488907,2.109999895,0.056024831500000004
0.1538331985,0.1486539006,0.1168602943,0.1119325042,0.1075469017,0.03184264,7.543060303,0.027528029547222225,2.000592947,-0.178506494,0.967977583,0.371637315,64.90514374,975.9415283,998.3676147,20.79327965,20.61252022,20.26753044,22.13740921,23.39423943,57.89104843,43.4480896,2.367500067,0.0560249686
0.1536051035,0.14863330130000002,0.11589469910000001,0.11202909949999999,0.1075469017,0.0327592999,8.937111664,0.027490942213888887,2.000014067,0.36211589,0.965602875,0.37620011,74.95374298,976.1209106,998.3671265,20.79338074,20.61265945,20.14986992,22.13806915,23.39838028,57.90423965,43.45129013,2.450000048,0.0560251117
0.1535977006,0.1486770988,0.1163894057,0.11217449900000001,0.10759530070000001,0.032286688699999996,10.15521011,0.0274846522,1.999434948,-0.0389103,0.960314214,0.380762786,78.3032608,976.3001709,998.3665771,20.79347038,20.6128006,20.11064911,22.13875008,23.40251923,57.91772079,43.45449066,2.157500029,0.0560252488
0.1537595034,0.1487208009,0.1185888052,0.1121009946,0.1075994015,0.030138030599999997,8.726822662,0.027487629783333335,1.998855948,0.180318907,0.954054177,0.357429713,78.3032608,976.4509888,998.3660889,20.79356956,20.61294937,20.11064911,22.13941956,23.40666008,57.93130112,43.45769882,2.0,0.056025391800000005
0.1541445971,0.1494811058,0.1172178984,0.1119544029,0.1075834036,0.031514769799999995,9.033674622,0.027460147011111113,1.998276949,-0.105310902,0.94779408,0.361920089,78.3032608,976.5922852,998.3657227,20.79367065,20.61309052,20.11064911,22.14009094,23.41080093,57.94487,43.46089935,2.272500038,0.056025528899999996
0.1546043038,0.1492992997,0.1183920979,0.1115509987,0.10756729840000001,0.031088969100000002,7.176123047,0.027455840641666666,1.997697949,1.175254941,0.941534102,0.378784597,78.3032608,976.7335815,998.3651733,20.79376984,20.61322975,20.11064911,22.14075089,23.41494942,57.95845032,43.46409988,2.220000029,0.056025672000000006
0.15442039970000002,0.149572897,0.1161450028,0.11197780369999999,0.10755130049999999,0.0331543386,7.551641083,0.02745054245,1.997117996,0.374156207,0.935274124,0.370798409,74.81611633,976.8748779,998.3646851,20.79387093,20.6133709,20.08712006,22.14142036,23.41909027,57.97203064,43.46728897,2.252500057,0.056025820999999996
0.1542516947,0.149417603,0.1196617007,0.11204299929999999,0.1075351954,0.0299111605,10.156649779999999,0.027470080058333336,1.996538997,-0.191023707,0.927929819,0.354528695,73.65374756,977.0161743,998.3643188,20.79396057,20.61351013,20.07566071,22.14208984,23.42322922,57.98559952,43.4704895,2.160000086,0.0560259521
0.1550122976,0.1503023028,0.1167171955,0.11188600060000001,0.1075191021,0.0327003986,7.947187042,0.02750517951111111,1.995959997,-0.055361439,0.920224011,0.338258892,73.65374756,977.1574707,998.3637695,20.79405975,20.61364937,20.07082939,22.14277077,23.42737007,57.99917984,43.47369003,2.015000105,0.0560261011
0.15518560409999999,0.1501047015,0.11790339949999999,0.11164419649999999,0.1075031042,0.0323989093,6.907904816,0.027559157477777776,1.995380998,-0.183751807,0.912518084,0.349547714,73.65374756,977.2987061,998.3632813,20.79416084,20.61379051,20.06599998,22.14343071,23.43151093,58.01274872,43.47689056,2.160000086,0.056026232200000005
0.1550685048,0.1499274969,0.11868419649999999,0.11202889680000001,0.107486999,0.0314205408,7.93931427,0.027586975097222223,1.994801998,0.146582201,0.906418085,0.325287014,57.79885101,977.4400024,998.362915,20.79426003,20.61392975,20.06118011,22.14410019,23.43565941,58.02632904,43.48009109,2.339999914,0.056026381300000004
0.1552685022,0.1506814957,0.11623439790000001,0.1121845961,0.1074709058,0.0336930901,10.32974014,0.02757637871666667,1.994222999,0.01306573,0.900853276,0.317851096,52.51388931,977.5812988,998.3624268,20.79435921,20.61407089,20.05635071,22.14476967,23.43980026,58.03990936,43.48329926,2.087500095,0.05602651239999999
0.1555742979,0.150393796,0.1192921996,0.11191530229999999,0.107454896,0.0313893586,9.72677002,0.02756942325277778,1.993643999,-0.195672899,0.895288587,0.342415512,52.51388931,977.7224731,998.3618774,20.79445076,20.61421967,20.05151939,22.14543915,23.44393921,58.05347824,43.48649979,2.154999971,0.0560266614
0.1556339025,0.1508905053,0.1184159994,0.11210139990000001,0.10743880269999999,0.0319778889,10.8526001,0.027550879583333333,1.993065,0.197246805,0.889723778,0.335766703,52.51388931,977.8637695,998.3615112,20.79454994,20.61436081,20.04668999,22.14444923,23.44808006,58.06705856,43.48970032,2.24000001,0.0560267925
0.1560564995,0.15106379990000002,0.1180345058,0.1118093014,0.1074226975,0.0328087896,10.32115021,0.027535976833333333,1.992486,0.57836467,0.884186924,0.316333413,52.51388931,978.005127,998.3610229,20.79464912,20.61450005,20.04187012,22.14290047,23.45222092,58.08063889,43.49290085,2.107500076,0.0560269415
0.1560744047,0.1509940982,0.11789749860000001,0.1119528055,0.10740669970000001,0.033194679,9.816886902,0.02751909256111111,1.991907001,-0.01327991,0.878659427,0.358821005,67.44258118,978.1464233,998.3604736,20.79475021,20.61463928,20.03704071,22.14134979,23.4563694,58.09421158,43.49610138,2.150000095,0.0560270727
0.15590790510000002,0.1509243965,0.1188688993,0.1123149037,0.10739059449999999,0.0321659505,9.407042694000001,0.027540283202777776,1.991328001,-0.240734696,0.873131812,0.346920699,72.41880798,978.2877197,998.3599854,20.7948494,20.61478043,20.0322094,22.13979912,23.46051025,58.1077919,43.4992981,2.224999905,0.0560272217
0.155853796,0.1513957024,0.11816569569999999,0.112409699,0.1073956013,0.0327675194,11.81535034,0.02758266872777778,1.990748048,-0.245979995,0.867604196,0.33449769,72.41880798,978.2678223,998.3596191,20.79494095,20.61491966,20.02737999,22.13825035,23.4646492,58.12136078,43.50249863,2.217499971,0.0560273528
0.15637910370000002,0.1513985991,0.11885110139999999,0.1121412992,0.10740770100000001,0.032613599300000004,8.537993622,0.027656514908333332,1.990169048,-0.1378555,0.862076581,0.330236912,72.41880798,978.1940918,998.3590698,20.79504013,20.61506081,20.02255058,22.13669968,23.46879005,58.1349411,43.50569916,2.367500067,0.056027501800000004
0.156289506,0.151185298,0.119411397,0.1122181058,0.10741970540000001,0.0319742888,7.791255187999999,0.02775486416388889,1.989590049,0.131084695,0.857385874,0.352656603,72.41880798,978.1204834,998.3585815,20.79513931,20.61520004,20.01773071,22.13515091,23.47293091,58.14850998,43.50889969,2.217499971,0.056027633
0.15645170209999998,0.1514312983,0.11883920429999999,0.1124405026,0.10743180510000001,0.032334139899999996,7.892826080000001,0.02784030491666667,1.989011049,-0.133325502,0.852974117,0.326741189,72.0643692,978.046814,998.3582153,20.7952404,20.61533928,20.13101959,22.13360023,23.47707939,58.09799957,43.51210022,2.172499895,0.056027782000000005
0.1564617991,0.1514875054,0.1200551987,0.11244980099999999,0.1074437976,0.0313761294,10.23031998,0.027925722333333337,1.98843205,-0.235847101,0.848562419,0.309872597,71.9462204,977.9732056,998.3577271,20.79533958,20.61548042,20.16917992,22.13204956,23.48122025,58.02611923,43.51530075,2.412499905,0.056027907099999996
0.1567332983,0.15186589960000002,0.1194947958,0.1123880982,0.1074558973,0.031992659,10.64803009,0.02800819397222222,1.98785305,-0.009942017,0.844150603,0.354434013,71.9462204,978.2858887,998.3571777,20.79542923,20.6156292,20.16917992,22.13050079,23.48535919,57.95425034,43.51850128,2.444999933,0.0560280621
0.1568513989,0.1516659975,0.120382905,0.11232639550000001,0.10746790170000001,0.0314828992,9.97424469,0.02808400047222222,1.987274051,-0.151207194,0.839738786,0.384720087,71.9462204,978.727417,998.3568115,20.79553032,20.61577034,20.16917992,22.12895012,23.48950005,57.88237,43.52170181,2.212500095,0.0560281873
0.1568773031,0.1517608047,0.11997170450000001,0.11265660520000001,0.1074800014,0.031622528999999996,10.60009995,0.02815222211111111,1.989637971,-0.241211504,0.83533138,0.421908796,71.9462204,977.9279175,998.3563232,20.7956295,20.61590958,20.16917992,22.12739944,23.4936409,57.81048965,43.52489853,2.237499952,0.056028342200000004
0.1569031954,0.1517990947,0.1195544958,0.112806797,0.1074920058,0.032182470000000005,9.79042511,0.028227416138888888,1.992982984,-0.2344165,0.830925286,0.407395989,57.45196152,976.7147217,998.3557739,20.79573059,20.61605072,20.05467987,22.12585068,23.49778938,57.73860931,43.52809906,2.075000048,0.0560284793
0.15682920220000002,0.1517590046,0.1199537992,0.11285350320000001,0.10750410560000001,0.0317348987,10.86404037,0.02828966563888889,1.996327996,-0.242999703,0.82651931,0.391062796,52.62054062,975.5015259,998.3552856,20.79582977,20.61618996,20.01651955,22.1243,23.50193024,57.66674042,43.52563095,2.069999933,0.056028622400000005
0.1567216992,0.15171879530000001,0.1207465053,0.11290010210000001,0.10751609799999999,0.030951490999999998,11.38475037,0.028355556055555557,1.999673009,-0.247291297,0.822113216,0.407726407,52.62054062,975.2427979,998.3549194,20.79593086,20.61632919,20.01651955,22.12274933,23.50606918,57.59486008,43.52127075,2.299999952,0.056028759500000004
0.15697569849999998,0.1518584013,0.1202994943,0.1127953053,0.1075281978,0.0314112693,10.64803009,0.02843536163888889,2.003017902,-0.247291297,0.819643795,0.407554299,52.62054062,975.3023071,998.3543701,20.79602051,20.61647034,20.01651955,22.12120056,23.51021004,57.52297974,43.51691055,2.407500029,0.0560289025
0.1566491961,0.1517706037,0.1203649998,0.1129181027,0.1075402021,0.0314933687,12.78382034,0.028505889055555553,2.006362915,-0.247648999,0.817819774,0.419137686,49.24774933,975.3618164,998.3538818,20.79611969,20.61660957,20.0635891,22.11964989,23.51435089,57.4510994,43.51255035,2.494999886,0.0560290396
0.1568145037,0.1519484043,0.1193696976,0.1133252025,0.10755219460000001,0.0324009687,12.50843964,0.028572110083333335,2.009708881,-0.160147995,0.815995872,0.374688387,48.12348175,975.4213257,998.3535156,20.79622078,20.61675072,20.07928085,22.11809921,23.51849937,57.3792305,43.50819016,2.309999943,0.0560291827
0.1567044973,0.15150170329999998,0.11975710390000001,0.1132781029,0.1075642943,0.0321913004,10.52285995,0.028654248972222223,2.013053894,0.795686901,0.814172029,0.415725708,48.12348175,975.4807739,998.3530273,20.79631996,20.61689949,20.07928085,22.11655045,23.52264023,57.30735016,43.50381851,2.337500095,0.0560293198
0.1564223051,0.1515792966,0.11925640109999999,0.11356259580000001,0.10774470570000001,0.0322452307,10.16452026,0.028733721833333333,2.013192892,0.430066288,0.814662814,0.395100415,48.12348175,975.5402832,998.352478,20.79641914,20.61704063,20.07928085,22.11499977,23.52677917,57.21921921,43.49945831,2.047499895,0.0560294628
0.1566722989,0.1514307022,0.1213664055,0.1134652019,0.10779260399999999,0.030212819600000003,8.447158813,0.028785694972222223,2.012264013,-0.1320142,0.8159253,0.400888711,48.12348175,975.5997925,998.3521118,20.7965107,20.61717987,20.07928085,22.1134491,23.53092003,57.12567902,43.49509811,2.097500086,0.056029599900000004
0.1567654967,0.15157990459999998,0.1207226992,0.11349699499999999,0.1077777982,0.030636468500000003,9.523632813,0.028814527722222222,2.011333942,-0.214746699,0.817187726,0.369700789,59.9731102,975.6591797,998.3516235,20.79660988,20.61731911,19.98514938,22.11190033,23.53506088,57.03213882,43.49074173,2.277499914,0.056029743
0.15674730539999998,0.1518821001,0.11881530280000001,0.11363309619999999,0.107762897,0.0327671289,12.25381012,0.02863669502777778,2.010405064,-0.091482423,0.818450212,0.384688407,63.92298126,975.718811,998.3510742,20.79670906,20.61746025,19.95376968,22.11035919,23.53920937,56.938591,43.48638153,2.079999924,0.05602988
0.1565577984,0.1515457034,0.120627296,0.11355010270000002,0.10774799589999999,0.031263551099999995,11.40550003,0.028283360805555557,2.009474993,-0.100542396,0.819712579,0.375407398,63.92298126,975.7783203,998.3505859,20.79681015,20.61759949,19.95376968,22.10881042,23.54335022,56.96641922,43.48202133,2.04124999,0.056030017099999996
0.15647490020000002,0.15155149699999998,0.1206750035,0.1136803985,0.10776610369999999,0.030870690899999997,10.56791992,0.02813236025,2.008546114,0.01580758,0.820975125,0.373474598,63.92298126,975.8378296,998.3502197,20.79690933,20.61774063,19.95376968,22.10725975,23.54748917,57.03469086,43.47766113,2.096250057,0.0560301602
0.1567644,0.1517423034,0.1206691027,0.1137182951,0.10779509540000001,0.0308928013,8.485066223,0.02814327875,2.007616997,-0.169804201,0.822237611,0.379096299,63.92298126,975.8972168,998.3496704,20.79700089,20.61787987,19.95376968,22.10570908,23.55163002,57.10295868,43.47330093,2.237499952,0.0560302973
0.1567805052,0.1517405033,0.12012070420000001,0.1136935949,0.10782409909999999,0.031625089,9.368419647,0.028191638527777778,2.006686926,-0.072527863,0.823499978,0.38471809,50.98492813,975.9567261,998.3491821,20.79710007,20.6180191,20.0008297,22.10416031,23.55577087,57.09624863,43.46894073,2.4375,0.0560304403
0.15683890579999998,0.1516744971,0.11869610550000001,0.1136690021,0.1078531027,0.0329894394,8.200388336,0.028249251055555556,2.005758047,-0.166943103,0.826031625,0.40855059,46.67224884,976.0161743,998.3488159,20.79719925,20.61816978,20.02013969,22.10260963,23.55883026,57.06454086,43.46456909,2.265000105,0.0560305774
0.156308198,0.1513962984,0.1207942009,0.11378469470000001,0.1078820944,0.030861940999999997,10.1351799,0.028294972305555555,2.004827976,-0.239900202,0.828986287,0.383365899,46.67224884,976.0756836,998.3483276,20.79730034,20.61831093,20.0249691,22.10106087,23.56152916,57.03282928,43.46020889,2.174999952,0.0560307205
0.1568459988,0.15197019579999999,0.1197868943,0.1136706948,0.10791109800000001,0.0316093385,8.915653229,0.02830819447222222,2.003335953,-0.168611899,0.831941009,0.355868608,46.67224884,976.1351929,998.3477783,20.79739952,20.61845016,20.02980042,22.09951019,23.56422043,57.00112152,43.45584869,2.349999905,0.0560308576
0.156923604,0.1520071983,0.1196378946,0.11325900550000001,0.1079071045,0.032314389900000004,10.165219879999999,0.0282823605,2.001655102,0.255660415,0.83489567,0.373607188,72.26714325,976.4613037,998.3474121,20.79748917,20.6185894,20.03462029,22.09795952,23.56691933,56.96940994,43.45959854,2.057499886,0.056031000600000005
0.15700500010000001,0.1520014048,0.12025779489999999,0.1134789944,0.1078920007,0.0317434192,8.348448181,0.02822177675,1.999974966,0.040722702,0.837850392,0.342434198,80.79875946,976.8762817,998.3469238,20.79759026,20.61873055,20.03944969,22.09641075,23.5696106,56.93770981,43.46606064,2.157500029,0.0560311377
0.1570351958,0.1520751953,0.12039489750000001,0.11355340480000001,0.10787689689999999,0.0316126496,8.645999146,0.028139972694444442,1.998293996,-0.199249297,0.840805113,0.381201506,80.79875946,977.2913208,998.3463745,20.79768944,20.61886978,20.0442791,22.09486008,23.57230949,56.9059906,43.47251892,2.357500076,0.056031280800000006
0.1570148945,0.1521489978,0.12121150490000002,0.1135014057,0.10786190030000001,0.0308138311,9.585140991,0.02808616638888889,1.996613979,-0.245264798,0.843759775,0.357899696,80.79875946,977.425415,998.3458862,20.79779053,20.61901093,20.04911041,22.0933094,23.5750103,56.87429047,43.47896957,2.099999905,0.056031417800000004
0.15713770389999998,0.1522228003,0.12039489750000001,0.1134493947,0.1078467965,0.0317155004,10.561489869999999,0.028043111166666666,1.994933009,-0.0730047,0.846714497,0.347469509,80.79875946,977.4658813,998.34552,20.79788971,20.61915016,20.05393028,22.09176064,23.57769966,56.8727684,43.48543167,2.059999943,0.0560315609
0.15705239769999998,0.15212069749999999,0.12012070420000001,0.11347839829999999,0.1078317046,0.0319884211,11.46128998,0.028015471555555557,1.993252993,-0.189235494,0.849669218,0.351584792,66.11949921,977.5064697,998.3449707,20.7979908,20.61930084,20.05875969,22.09020996,23.58040047,56.88132095,43.49188995,2.065000057,0.056031698
0.1568819046,0.1519598961,0.1202399015,0.11353449819999999,0.1078166008,0.031829300500000005,12.15652008,0.027985000611111113,1.991572022,-0.247291297,0.85262388,0.355700195,61.22640991,977.5469971,998.3444824,20.79808044,20.61944008,20.0635891,22.08865929,23.58308983,56.88985825,43.49834061,2.277499914,0.056031841000000006
0.1569350958,0.1517990947,0.1210386038,0.1135905027,0.107801497,0.0309814304,9.869103241000001,0.027957861166666664,1.989892006,-0.247291297,0.855578601,0.3712098,61.22640991,977.5875244,998.3441162,20.79817963,20.61957932,20.06842041,22.08711052,23.58579063,56.8984108,43.50479889,2.125,0.056031978100000004
0.1567798018,0.1518179059,0.12038300040000001,0.1136466026,0.10778650050000001,0.0314379305,9.59372406,0.027939639611111112,1.988211036,-0.247291297,0.860902071,0.356839508,61.22640991,977.6281128,998.3436279,20.79828072,20.61972046,20.07324982,22.08555984,23.58848,56.90695953,43.51126099,2.17750001,0.05603212119999999
0.1568801045,0.151896596,0.1199359059,0.11364140510000001,0.10779759879999999,0.031813681100000005,8.85771637,0.027896917138888887,1.986531019,-0.042367429,0.867015183,0.354094207,61.22640991,977.6685791,998.3430786,20.7983799,20.6198597,20.07806969,22.08400917,23.5911808,56.91550064,43.51771927,2.107500076,0.056032258300000005
0.15687719579999998,0.151699698,0.12060350179999998,0.11361570359999999,0.1078174949,0.0312703609,8.075932312,0.027883027388888888,1.984850049,0.111414902,0.873128414,0.358965814,71.51032257,977.7091064,998.3427124,20.79847908,20.62000084,20.19693947,22.0824604,23.5938797,56.92404938,43.52416992,2.025000095,0.0560324013
0.1566508055,0.1517652035,0.11975120310000001,0.11359009739999999,0.10783740280000001,0.0319485813,9.440660095,0.027858833750000003,1.985895038,-0.01566416,0.879241526,0.352002591,74.93829346,977.7496948,998.3422241,20.79857063,20.62014008,20.23616028,22.08090973,23.59656906,56.93259048,43.5306282,2.355000019,0.0560325384
0.1567700028,0.1514399052,0.1224095941,0.1133900046,0.1078572989,0.0293556511,8.560164642,0.027845944305555557,1.987848997,-0.202348694,0.885354578,0.389937997,74.93829346,977.7902222,998.3416748,20.79866982,20.62027931,20.23616028,22.07935905,23.59926987,56.94113922,43.5370903,2.275000095,0.0560326815
0.1565003037,0.1522299051,0.1197332978,0.11339880229999999,0.1078771949,0.0317066908,12.42975998,0.027811499694444446,1.989802003,0.00770124,0.89146781,0.347146511,74.93829346,977.8306885,998.3411865,20.7987709,20.62042046,20.23616028,22.07781029,23.60195923,56.94968033,43.54354095,2.217499971,0.0560328186
0.1573739052,0.1519440055,0.1219387054,0.11290630100000001,0.1078541994,0.0302912503,8.447152710000001,0.02780352697222222,1.991755962,-0.161936194,0.898578227,0.368002295,74.93829346,977.8712769,998.3408203,20.79887009,20.62055969,20.23616028,22.07625961,23.60466003,56.95822906,43.54999924,2.347500086,0.0560329616
0.1567567945,0.1518334985,0.11968560219999999,0.1131780982,0.1078168035,0.0322584689,11.19162979,0.02777174631666667,1.993708968,0.744187117,0.906021118,0.35570541,76.12703705,977.9118042,998.340271,20.79896927,20.62070084,20.21262932,22.07471085,23.60736084,56.96678162,43.55646133,2.24000001,0.05603309869999999
0.1567888975,0.1519484997,0.117802,0.113499105,0.10777939560000001,0.0340387911,11.70948029,0.0277508884,1.995663047,0.97438401,0.91346401,0.350293607,76.52330017,977.9522705,998.3397827,20.79906082,20.62084961,20.20739937,22.07316017,23.6100502,56.97531891,43.55484009,2.190000057,0.0560332417
0.15660909409999998,0.1513579011,0.1216287017,0.11314049960000001,0.1077419996,0.030322220900000002,9.996421814,0.027749565972222223,1.997616053,0.585517526,0.920906782,0.330218911,76.52330017,977.9929199,998.3394165,20.79916,20.62099075,20.21088028,22.0716095,23.6127491,56.98387146,43.55052948,2.339999914,0.0560333788
0.1565312982,0.1518154025,0.1213425994,0.1132688999,0.10776150229999999,0.0300690114,10.84758987,0.027721415625,1.999570012,0.205234006,0.928349674,0.329590797,76.52330017,978.0333862,998.3389282,20.79925919,20.62112999,20.21437073,22.07006073,23.61544037,56.9924202,43.54621887,2.180000067,0.05603352190000001
0.156893599,0.1516221046,0.1191491008,0.11284979580000001,0.10776569840000001,0.032684201,8.10025177,0.027696914672222222,2.001523018,0.458795995,0.935792625,0.355677307,69.56079102,978.0974731,998.3383789,20.79936028,20.62126923,20.21784973,22.06851006,23.61813927,57.0009613,43.54190063,2.147500038,0.056033659
0.1560667992,0.1505298972,0.12069289679999999,0.11315350529999998,0.1077584028,0.030929169099999997,7.060253143,0.027698896197222222,2.003477097,-0.021982349,0.943235517,0.363444686,67.23995209,978.1696167,998.3380127,20.79945946,20.62141037,20.22134018,22.06695938,23.62083054,57.00951004,43.53759003,2.0625,0.056033802
0.1557070971,0.1510053039,0.1184219003,0.11378439659999999,0.10779709820000001,0.0321079612,10.41913986,0.027670421599999998,2.005429983,-0.097085342,0.94881922,0.363156587,67.23995209,978.2416992,998.3375244,20.7995491,20.62154961,20.22481918,22.06541061,23.62352943,57.01805115,43.53327942,2.352499962,0.056033951000000005
0.15589569809999998,0.1509737968,0.1199180961,0.11311010120000001,0.10785100460000001,0.0310872912,10.896939849999999,0.02766214158888889,2.007384062,-0.159432694,0.953783095,0.341323793,67.23995209,978.3137207,998.3369751,20.79965019,20.62169075,20.22830963,22.06386948,23.6262207,57.02659988,43.52896881,2.182499886,0.0560340822
0.1561671019,0.15103670360000002,0.1216943026,0.11278049949999999,0.1079048991,0.0292794913,9.563683319,0.0276320076,2.009336948,-0.188520297,0.958747029,0.3384929,67.23995209,978.3858032,998.3364868,20.79974937,20.62182999,20.23180008,22.06230927,23.6289196,57.03514862,43.5246582,2.315000057,0.05603423119999999
0.15623650549999998,0.1518257022,0.1186485052,0.1127107978,0.10783729550000001,0.032388278799999996,12.64076004,0.027612802716666666,2.011291027,0.075413153,0.963711023,0.327723593,40.93061829,978.4578857,998.3361206,20.79985046,20.62196922,20.23527908,22.06077003,23.63162041,57.04368973,43.52033997,2.082499981,0.056034362299999994
0.156238699,0.1512464046,0.1202100992,0.11222590210000001,0.1077855945,0.0316156685,8.398516846,0.02760982301388889,2.011096954,0.48752591,0.966558278,0.3378492,32.16083908,978.5299072,998.3355713,20.79994965,20.6221199,20.23876953,22.05921936,23.63430977,57.05223846,43.51602936,2.332499981,0.0560345113
0.1557783008,0.1510969996,0.11888689990000001,0.1127622962,0.10775280000000001,0.0323595494,9.150260925000001,0.027597902086111112,2.010188103,0.02963607,0.968699872,0.329638988,32.16083908,978.6019897,998.335083,20.80003929,20.62225914,20.24225998,22.05767059,23.63701057,57.06079102,43.51171875,2.277499914,0.056034642499999995
0.1560246944,0.15126429800000002,0.1200073957,0.1129320979,0.10771989820000001,0.0310692012,11.49776993,0.027580019633333334,2.009279013,0.109507501,0.970841587,0.312377989,32.16083908,978.6740112,998.3347168,20.80014038,20.62240028,20.24574089,22.05611992,23.63969994,57.06932831,43.50740814,2.144999981,0.0560347915
0.156558001,0.1514315009,0.12089560029999999,0.11235719920000001,0.10768699649999999,0.030399999,9.855515289,0.02755750020277778,2.008369923,-0.135352105,0.97298342,0.349862695,32.16083908,978.7460938,998.3342285,20.80023956,20.62253952,20.24922943,22.05456924,23.64240074,57.08948898,43.50310135,2.007499933,0.0560349226
0.1563174009,0.1515987992,0.1195186973,0.11217789650000001,0.10765409470000001,0.0319519401,11.78529968,0.027545581394444442,2.007460117,-0.225356504,0.975125074,0.325597286,34.00481033,978.8181763,998.3336792,20.80034065,20.62268066,20.25271034,22.05302048,23.6450901,57.11352158,43.49879074,2.247499943,0.0560350716
0.1566565037,0.15111930369999999,0.1190119982,0.11218520400000001,0.1076212049,0.032595551,7.630322266,0.0275515408,2.006551027,0.522812426,0.977266729,0.334047914,34.61946869,978.8901978,998.333313,20.80043983,20.6228199,20.25620079,22.05643082,23.64779091,57.13755035,43.49448013,2.317500114,0.056035208700000005
0.1555984974,0.151008904,0.11898820400000001,0.11261850600000001,0.1076143026,0.032131078800000004,11.57574005,0.02753332773888889,2.005641937,0.59314698,0.979408383,0.362292707,34.61946869,978.9622803,998.3328247,20.80052948,20.62295914,20.25968933,22.06151009,23.65048981,57.16157913,43.49016953,2.092499971,0.0560353518
0.1551944017,0.1510933995,0.1200014949,0.1123340011,0.1076159954,0.031000590300000002,8.740415192,0.027531341977777776,2.004733086,0.660858929,0.97904259,0.32322979,34.61946869,978.6787109,998.3322754,20.80063057,20.62310028,20.26317024,22.06657982,23.65317917,57.18561935,43.48585892,2.184999943,0.0560354888
0.1559188008,0.1512935996,0.11905380489999999,0.1119899988,0.1076177001,0.0320373803,9.511473083,0.027508161333333333,2.003823996,0.202015296,0.97784102,0.346272409,34.61946869,978.2766113,998.3317871,20.80072975,20.62324905,20.26666069,22.07165909,23.65587997,57.2096405,43.48154068,2.168750048,0.05603563190000001
0.15627059940000002,0.1513605952,0.1195186973,0.11204639670000001,0.1076035023,0.0317748904,10.56220016,0.027485478719444442,2.002913952,-0.064779133,0.97663939,0.339815706,68.33538818,978.1516113,998.3314209,20.80083084,20.6233902,20.12634087,22.07673073,23.65856934,57.23366928,43.47723007,2.073750019,0.056035769
0.1566267967,0.1513703942,0.1192265987,0.11194659469999999,0.10758399960000001,0.0320689589,8.849846649,0.027466275955555557,2.0020051,0.035715841,0.97543782,0.328894794,79.57402802,978.1190186,998.3308716,20.80093002,20.62352943,20.07928085,22.08180046,23.66127014,57.2577095,43.47291946,2.076250076,0.056035912
0.15584419970000002,0.1512606978,0.1196557999,0.1122022033,0.1075644016,0.031692948900000004,13.195089720000002,0.027456506094444444,2.000524044,0.408965796,0.974236071,0.322894514,79.57402802,978.0863037,998.3303833,20.80101967,20.62367058,20.07928085,22.08687973,23.6639595,57.28173065,43.46860886,2.111249924,0.0560360491
0.1566666007,0.1513811946,0.12147370580000001,0.112026,0.107544899,0.029787001,8.899919891,0.02745783064166667,1.998852968,0.347572088,0.969939888,0.324573398,79.57402802,978.0537109,998.3300171,20.80112076,20.62380981,20.07928085,22.09194946,23.66666031,57.30577087,43.47122955,2.127500057,0.0560361922
0.1563326001,0.1519649029,0.1182013988,0.11187770370000001,0.10752539629999999,0.0331797808,13.19938965,0.027430013022222224,1.997181058,-0.112821199,0.964612186,0.328811914,74.84790039,978.0211182,998.3295288,20.80121994,20.62394905,20.0745697,22.0970192,23.66935921,57.32979965,43.47615814,2.362499952,0.0560363293
0.1569877982,0.1517686009,0.1199895978,0.1118029952,0.10750590559999999,0.0319753408,9.776123047,0.02743332121111111,1.995509982,0.253752887,0.959284484,0.346921891,73.27252197,977.9885254,998.3289795,20.80131912,20.62409019,20.06830025,22.10210037,23.67205048,57.35382843,43.48109055,2.140000105,0.056036472299999994
0.1569854975,0.1522732973,0.11621650459999999,0.1119006991,0.10748640300000001,0.0355520904,9.752514648,0.027404844497222223,1.993839025,0.554880083,0.953956783,0.342540711,73.27252197,977.9558716,998.3286133,20.80142021,20.62422943,20.06201935,22.1071701,23.67474937,57.37786102,43.48601913,2.38499999,0.056036609400000006
0.1568487048,0.1518206954,0.1184278965,0.1118942976,0.10746690029999999,0.033845371,10.3597702,0.027400872972222223,1.992166996,-0.033426579,0.948629081,0.329121113,73.27252197,978.0285034,998.328125,20.80150986,20.62437057,20.05574989,22.11224937,23.67160034,57.4018898,43.49095154,2.117500067,0.056036752499999995
0.1569949985,0.1520843029,0.1182312012,0.11183409689999999,0.1074463964,0.0335895002,9.888413239,0.027397227816666668,1.990496039,1.202911973,0.94330138,0.341053307,73.27252197,978.1362305,998.3275757,20.80161095,20.62451935,20.0494709,22.11731911,23.66650009,57.42591858,43.49588013,2.335000038,0.056036889599999994
0.1572064996,0.1523921013,0.1179927945,0.1115970969,0.10742559430000001,0.0340914786,11.291049959999999,0.027389280530555556,1.98882401,0.240520403,0.937973678,0.298067003,83.03344727,978.2438965,998.3270874,20.80171013,20.62466049,20.04319,22.12239075,23.66139984,57.44995117,43.50080872,2.232500076,0.0560370326
0.1569313049,0.152135098,0.1216346979,0.11159440279999999,0.10740480420000001,0.030757400400000003,13.154319760000002,0.027413122388888888,1.987153053,-0.018286809,0.932645917,0.327437997,86.28708649,978.3516235,998.3267212,20.80180931,20.62479973,20.03692055,22.12747002,23.65629959,57.47397995,43.50574112,2.279999971,0.0560371697
0.15769799950000002,0.1528118014,0.1184219003,0.1116894007,0.1073840022,0.0337130994,11.123680109999999,0.027479351891666667,1.985481024,0.810588419,0.927318215,0.29116419,86.28708649,978.4594116,998.3261719,20.8019104,20.62494087,20.03063965,22.13253975,23.65119934,57.49800873,43.51066971,2.117500067,0.056037312699999994
0.15717979669999999,0.1520043015,0.12060350179999998,0.11152869459999999,0.10736329559999999,0.0322083086,12.0098999,0.027605849372222224,1.983809948,1.12470901,0.921990514,0.310287714,86.28708649,978.5670776,998.3256836,20.80200005,20.62508011,20.02436066,22.13762093,23.64609909,57.52204132,43.5155983,1.99000001,0.05603744980000001
0.15690480469999998,0.1522063971,0.1199239969,0.1121327996,0.10734250549999999,0.032080259900000005,11.297489930000001,0.02768929799444444,1.986405015,0.802958488,0.916662812,0.306755096,86.28708649,978.6748047,998.3253174,20.80209923,20.62521935,20.01808929,22.14269066,23.64100075,57.52756119,43.5205307,2.075000048,0.0560375929
0.1568982005,0.152005899,0.12104459999999999,0.11200900080000001,0.1073217034,0.0311617494,11.052159880000001,0.027769756316666665,1.990422964,-0.0129223,0.911335111,0.330979705,54.94810867,978.7824707,998.3248291,20.80220032,20.62536049,20.15770912,22.14776039,23.6359005,57.52690125,43.52545929,2.252500057,0.056037729999999994
0.1568917036,0.151729095,0.1219506025,0.1119771004,0.1073009014,0.0300553113,10.99279022,0.02780916638888889,1.994441032,-0.245026305,0.90600729,0.312076688,44.50178146,978.8903198,998.3242798,20.8022995,20.62549973,20.20478058,22.15283966,23.63080025,57.52624893,43.51937103,2.097500086,0.056037867100000006
0.1568850994,0.1523921013,0.11783779860000002,0.11208809609999999,0.10728009940000001,0.033891299400000005,13.898910520000001,0.02779825,1.998458982,0.126793101,0.900679588,0.312256992,44.50178146,978.8925781,998.3239136,20.80240059,20.62564087,20.20478058,22.15790939,23.6257,57.52558899,43.50962067,2.164999962,0.0560380101
0.15698640349999998,0.1513479948,0.12161680459999999,0.11184819939999999,0.10726640220000001,0.030775299699999998,10.46707001,0.027811472138888887,2.002475977,0.154330894,0.894033313,0.34115839,44.50178146,978.8598022,998.3234253,20.80249023,20.62578964,20.20478058,22.16297913,23.62059975,57.52494049,43.49985886,2.180000067,0.0560381472
0.1562327027,0.1516939998,0.11841000319999999,0.11245490309999999,0.1072551012,0.0329379886,12.074990080000001,0.02777902813888889,2.006494045,0.313954502,0.886947393,0.321326703,44.50178146,978.8270874,998.322876,20.80258942,20.62593079,20.20478058,22.1680603,23.6154995,57.52428055,43.49010849,2.07249999,0.0560382903
0.1565022945,0.15137230159999998,0.1202339053,0.1124817014,0.10724380019999999,0.0314601392,10.28395996,0.027777050866666667,2.010512114,-0.082064733,0.879861474,0.326456308,71.35048676,978.7943115,998.3223877,20.80269051,20.62607002,20.18124962,22.17313004,23.61039925,57.52362823,43.48035049,2.287499905,0.0560384274
0.1563853025,0.1511383057,0.12117569450000001,0.11220819950000001,0.10723249909999999,0.030196589200000002,9.256841278,0.027757843866666666,2.01452899,0.069333337,0.872775614,0.345910102,80.30005646,978.7614746,998.3220215,20.80278969,20.62620926,20.1648407,22.1782093,23.6053009,57.52296829,43.47060013,2.325000048,0.0560385704
0.1564623952,0.1517462015,0.11811790470000001,0.1123057961,0.1072211027,0.0330203503,9.386300659,0.027737310197222222,2.014688015,-0.1427432,0.865689576,0.311472803,80.30005646,978.7288208,998.3214722,20.80289078,20.6263504,20.15343094,22.18328094,23.60020065,57.52231979,43.46083832,2.265000105,0.05603870749999999
0.15623559950000002,0.1512959003,0.12168229820000001,0.11225119830000001,0.10720980170000001,0.0300637811,11.95839996,0.027732014125,2.013560057,0.1500393,0.858603716,0.328841895,80.30005646,978.6959839,998.3209839,20.80298042,20.62648964,20.14201927,22.18835068,23.5951004,57.52165985,43.45109177,2.032500029,0.0560388505
0.1568235993,0.1523028016,0.1181416988,0.1122815013,0.1071985006,0.033154138900000005,11.268170170000001,0.027708833483333334,2.012433052,0.46272999,0.851517797,0.312574714,82.89933777,978.663208,998.3206177,20.80307961,20.62663078,20.13059998,22.19342995,23.59000015,57.52099991,43.44132996,2.252500057,0.0560389876
0.15681389569999998,0.15164489750000001,0.12026369569999999,0.1118646026,0.1071871996,0.0320390999,10.13161011,0.02770121680277778,2.011305094,-0.05405017,0.844431877,0.329441696,83.76576996,978.6303711,998.3201294,20.80318069,20.62677002,20.11919022,22.19849968,23.5848999,57.52035141,43.43157959,2.237499952,0.056039130699999995
0.15679759980000002,0.1516399026,0.12046040300000001,0.11234730479999999,0.10717589860000001,0.031184488500000003,10.21243973,0.027681346469444444,2.010176897,1.035063028,0.837346017,0.330855995,83.76576996,978.5977173,998.3195801,20.80327988,20.62690926,20.10778046,22.20358086,23.57979965,57.5196991,43.42182159,2.07249999,0.0560392678
0.1568814993,0.1523172021,0.11845769880000001,0.1123100042,0.10716450209999999,0.0331821501,12.46552963,0.027650883991666667,2.009048939,0.185087398,0.832392573,0.321330607,83.76576996,978.5648804,998.3192139,20.80337906,20.6270504,20.09635925,22.20865059,23.5746994,57.53105927,43.41207123,2.345000029,0.0560394108
0.1571238995,0.1518053055,0.12116379740000001,0.1119804978,0.1071532011,0.0311533809,10.28753967,0.027644924588888887,2.007921934,1.324388027,0.828149974,0.323574007,83.76576996,978.5322266,998.3187256,20.80347061,20.62719917,20.08494949,22.21372032,23.56959915,57.54644012,43.40230942,2.180000067,0.0560395479
0.15694530010000002,0.1520159006,0.1182073951,0.11238189940000001,0.10714190009999999,0.0335979193,9.723193359,0.02763267305277778,2.005219936,1.524901032,0.823907495,0.329740286,81.23787689,978.4993896,998.3181763,20.80356979,20.62734032,20.22117043,22.21879959,23.56450081,57.56180954,43.40950012,2.382499933,0.056039691
0.156427896,0.1515813947,0.12095520500000001,0.1125434995,0.10713059899999999,0.0310606986,10.86333008,0.02761545181388889,2.001992941,0.202253595,0.819665015,0.323884994,80.39524841,978.4666138,998.317688,20.80367088,20.62747955,20.26753044,22.22386932,23.55940056,57.57717896,43.42235184,2.487499952,0.0560398281
0.1570214033,0.1520779014,0.12100579739999999,0.11254379750000001,0.107119298,0.0306381911,9.286882019,0.027605188158333335,1.998765945,0.29774189,0.815422416,0.337937802,80.39524841,978.4337769,998.3173218,20.80377007,20.6276207,20.26753044,22.22893906,23.55430031,57.59255981,43.43518829,2.444999933,0.056039971099999995
0.1571128011,0.1525159955,0.119253397,0.11215920450000001,0.10710790160000001,0.032845351099999996,11.6322403,0.027585315705555558,1.99553895,0.07624761,0.811179876,0.385995895,80.39524841,978.401123,998.3167725,20.80386925,20.62775993,20.26753044,22.23402023,23.54920006,57.60792923,43.44802856,2.107500076,0.05604010820000001
0.1575379968,0.1521842003,0.12219489809999999,0.1120282054,0.1070966005,0.030321019900000003,9.02366333,0.027588299644444442,1.992311954,0.572284997,0.806937277,0.402496308,80.39524841,977.7230225,998.3162842,20.8039608,20.62789917,20.26753044,22.23908997,23.54409981,57.62329865,43.46088028,2.285000086,0.056040251299999996
0.15769690279999998,0.15276550049999998,0.1185649991,0.11249690059999999,0.10708529950000001,0.0336192191,11.99844971,0.027550546858333334,1.989084959,0.1159449,0.805180788,0.405584902,74.95375061,976.829895,998.315918,20.80405998,20.62804031,20.14986992,22.24416924,23.53899956,57.6386795,43.47372055,2.07249999,0.0560403883
0.1576506019,0.1526077986,0.1201446056,0.112451601,0.10707399849999999,0.032621029,11.13298035,0.02754789776388889,1.985857964,0.990120173,0.804252982,0.416426212,73.1399231,975.9368286,998.3154297,20.80415916,20.62817955,20.11064911,22.24924088,23.53389931,57.65404892,43.48656082,2.142499924,0.0560405314
0.1578747034,0.15284630059999998,0.1205736995,0.1123682976,0.10706260199999999,0.032034060399999995,8.756147002999999,0.0275545205,1.982630968,0.722371876,0.803325176,0.4189156,73.1399231,975.0435791,998.3148804,20.80426025,20.62832069,20.11064911,22.25050926,23.52879906,57.66941833,43.49940109,2.275000095,0.0560406685
0.1577149987,0.1528941989,0.1213664055,0.11234710219999999,0.107051301,0.031479850399999995,11.03641968,0.027558494144444445,1.983111978,0.199511901,0.80239737,0.417759806,73.1399231,974.1505127,998.3145142,20.80435944,20.62846947,20.11064911,22.25050926,23.52370071,57.68479919,43.51224899,2.24000001,0.056040811499999996
0.15834540130000002,0.1531785965,0.120627296,0.11232579949999999,0.1070462942,0.0322668403,8.938545227,0.027537634108333334,1.984828949,0.104858302,0.801469624,0.399599195,73.1399231,974.1331177,998.3140259,20.80444908,20.62861061,20.11064911,22.25050926,23.51860046,57.70016861,43.52508926,2.017499924,0.056040948599999994
0.157921505,0.1529520035,0.1204485059,0.11242660280000001,0.10704339739999999,0.0327300787,9.92131424,0.027522896661111112,1.98654604,-0.158479005,0.800541818,0.393724114,75.91680908,974.4074707,998.3134766,20.80455017,20.62874985,20.13418007,22.24921036,23.51350021,57.71554184,43.53792953,2.257499933,0.056041091700000004
0.15784929990000002,0.1532840014,0.11932790280000001,0.11279929879999999,0.1070405006,0.0336241096,13.232279969999999,0.02751296361388889,1.988263011,-0.05881856,0.799614012,0.369342208,76.84243774,974.6820068,998.3129883,20.80464935,20.62888908,20.14463043,22.24747086,23.50839996,57.73091888,43.55076981,2.337500095,0.056041228799999995
0.1582453012,0.1530715942,0.12102669479999999,0.11248840090000001,0.10703760389999999,0.0322572887,10.24104004,0.027539289263888888,1.989979982,0.09234114,0.800191998,0.366583794,76.84243774,974.9564819,998.3126221,20.80475044,20.62903023,20.14812088,22.24574089,23.50329971,57.7462883,43.56362152,2.089999914,0.056041371799999996
0.15797610280000002,0.1530779004,0.1203292966,0.11272389890000001,0.10703469510000001,0.0327422708,9.971392059,0.027599555122222223,1.991696954,0.117494702,0.801271975,0.373754501,76.84243774,975.2310181,998.3120728,20.80484962,20.62916946,20.15160942,22.24401093,23.49819946,57.76166153,43.57646179,2.339999914,0.0560415089
0.15810630320000002,0.1529350042,0.1214380026,0.11281210180000001,0.10703179839999999,0.0317018509,8.794772339,0.027694926791666668,1.993414044,0.02236419,0.802352071,0.369544089,81.3870697,975.5054932,998.3115845,20.80493927,20.62931061,20.15509033,22.24226952,23.49309921,57.77703094,43.57221985,2.194999933,0.056041652
0.1578464031,0.1526883006,0.1230890989,0.1127624035,0.1070289016,0.029854598599999997,10.22673035,0.027786638472222222,1.995131016,-0.071454957,0.803432226,0.388211697,82.90194702,975.7800293,998.3112183,20.80504036,20.62944984,20.15858078,22.24053955,23.48800087,57.78290939,43.56227112,2.237499952,0.056041801
0.1580732942,0.1533895969,0.1203353047,0.11287080050000001,0.10702600479999999,0.0323490202,12.827450559999999,0.02781944486111111,1.996847987,0.299649209,0.807837427,0.359171808,82.90194702,976.0545044,998.31073,20.80513954,20.62958908,20.16206932,22.23880959,23.48290062,57.78562164,43.55233002,2.467499971,0.056041932100000004
0.1580153942,0.1529739976,0.1236911058,0.112658,0.1070230961,0.029698491100000002,14.37814026,0.027820110333333332,1.998564959,0.086261339,0.813351214,0.361369789,82.90194702,976.3289795,998.3101807,20.80524063,20.62973976,20.16555023,22.23707008,23.47780037,57.78833008,43.54240036,2.252500057,0.056042081099999995
0.1580757022,0.153547895,0.12245730159999998,0.11297370200000001,0.1070201993,0.0305167586,14.09846954,0.02779524908333333,2.000283003,0.398594409,0.818864882,0.346757501,82.90194702,976.6035156,998.3098145,20.80533981,20.62988091,20.16904068,22.23534012,23.47270012,57.79103851,43.53245926,2.220000029,0.05604221820000001
0.1585785031,0.1532356977,0.12398910519999999,0.1128638029,0.10701730250000001,0.0295588315,10.91839981,0.027797249694444446,2.001998901,-0.05023535,0.82437861,0.347405493,49.63132095,976.8779907,998.3093262,20.8054409,20.63002014,20.17252922,22.23360062,23.46759987,57.79375076,43.52251053,2.404999971,0.056042361299999996
0.1581393003,0.1529124975,0.1227076054,0.11315330269999999,0.10701440570000001,0.0305281609,10.89049988,0.027781694194444442,2.003715992,-0.073123902,0.829892278,0.356863797,38.54111099,977.1525269,998.3087769,20.80553055,20.63015938,20.17601967,22.23187065,23.46249962,57.7964592,43.51256943,2.190000057,0.056042498399999995
0.1581231952,0.1528913021,0.11973919870000001,0.11340010169999999,0.1070744038,0.033173281,9.27114563,0.02776943418611111,2.005434036,0.233487099,0.835405886,0.331345588,38.54111099,977.4268799,998.3082886,20.80562973,20.63030052,20.17950058,22.23014069,23.45739937,57.79917145,43.50263977,2.25,0.0560426414
0.1573832989,0.1521836996,0.1222187996,0.11356459860000001,0.1071552992,0.0306724697,9.625914764,0.027767446305555554,2.007150888,0.577410996,0.840919673,0.355359912,38.54111099,977.701416,998.3079224,20.80573082,20.63043976,20.18298912,22.22839928,23.45229912,57.80187988,43.49269104,2.382499933,0.0560427785
0.1574342012,0.1530881047,0.11870210169999999,0.11372909550000002,0.1071755052,0.03348158,12.57567978,0.027721746233333334,2.008867979,0.180914894,0.846482396,0.306530505,38.54111099,977.9760132,998.307373,20.80583,20.6305809,20.18647957,22.22666931,23.44720078,57.80458832,43.48274994,2.402499914,0.056042921499999995
0.1575402021,0.1526940942,0.1240905046,0.1128515959,0.1071755052,0.0289976686,9.937059021,0.027713470458333334,2.01058507,0.272945911,0.85206151,0.336999208,73.38493347,978.2504272,998.3068848,20.80592918,20.63072014,20.18996048,22.22493935,23.44210052,57.80730057,43.47282028,2.242500067,0.056043058599999994
0.1575875044,0.1534360051,0.1218551993,0.11298669580000001,0.1071755052,0.0308388889,14.01764984,0.02767803616111111,2.012301922,-0.091840059,0.857640624,0.306070596,84.99952698,978.5249023,998.3065186,20.80602074,20.63087082,20.19345093,22.22319984,23.43700027,57.810009,43.46287918,2.085000038,0.0560432017
0.15887449979999999,0.1536299944,0.1217718005,0.11258150339999999,0.1071755052,0.0316642314,11.17590027,0.02766942766111111,2.010065079,-0.111390702,0.863219678,0.32828629,84.99952698,978.7993774,998.3060303,20.80611992,20.63101006,20.19693947,22.22146988,23.43190002,57.81272888,43.45293045,2.049999952,0.056043338799999995
0.15824580189999998,0.15328919889999998,0.12346459629999999,0.1128517032,0.1071755052,0.0301655114,13.43684998,0.027658831277777775,2.006510019,-0.202467903,0.868541181,0.337605506,84.99952698,979.0739136,998.305481,20.8062191,20.63114929,20.20042038,22.21973038,23.42679977,57.81542969,43.44298935,1.997499943,0.056043481799999996
0.1584691048,0.1539278984,0.120776403,0.1131963968,0.1071755052,0.0325128913,14.39817047,0.027633003658333332,2.002955914,0.566324472,0.873776972,0.311887592,84.99952698,979.0010986,998.3051147,20.80632019,20.63129044,20.20391083,22.21800041,23.42169952,57.81813812,43.45027161,2.069999933,0.0560436189
0.1589200974,0.1534013987,0.1219447017,0.1126942992,0.1071755052,0.032042428899999996,9.08302536,0.027640620338888887,1.999400973,0.02427157,0.879012704,0.365770787,71.6318512,978.8125,998.3046265,20.80641937,20.63142967,20.25184059,22.21626091,23.41659927,57.83058167,43.46327972,2.085000038,0.056043762
0.1581881046,0.1533692956,0.12324999569999999,0.1130954027,0.1071755052,0.0301710814,12.24378967,0.027618764241666666,1.995846033,-0.247172102,0.884248495,0.317716688,67.17595673,978.6240234,998.3040771,20.80651093,20.63157082,20.26753044,22.21453094,23.41150093,57.84626007,43.47629929,2.230000019,0.0560438991
0.15899490119999998,0.15384540559999998,0.1199895978,0.11294209959999998,0.1071755052,0.0333797008,10.51427994,0.027594424352777775,1.992292047,-0.231555507,0.890949786,0.36393711,67.17595673,978.4354248,998.3035889,20.80661011,20.63171005,20.26753044,22.21279907,23.40640068,57.86193085,43.48931122,2.234999895,0.056044042100000004
0.1584280968,0.1532618999,0.1206452012,0.1126268029,0.1071755052,0.033200180499999996,12.779519650000001,0.027573894925000002,1.988736987,-0.171592295,0.898139715,0.362377286,67.17595673,978.2468262,998.3032227,20.80670929,20.63184929,20.26753044,22.21105957,23.40130043,57.87760925,43.50231934,2.257499933,0.0560441792
0.1584218025,0.15362360479999998,0.12103259559999999,0.11291660070000001,0.1071755052,0.0322292089,12.976930239999998,0.02756578233611111,1.985182047,0.589451373,0.905329525,0.329570413,57.21279144,978.0582275,998.3026733,20.80681038,20.63199043,20.05574036,22.20932961,23.39620018,57.89329147,43.5153389,2.045000076,0.056044322300000005
0.1588250995,0.1534641027,0.122677803,0.1124359965,0.1071755052,0.0309457898,11.415509799999999,0.027561808691666665,1.981627941,0.084950037,0.912519276,0.354037911,53.89173889,977.8696289,998.3021851,20.80690956,20.63213921,19.98514938,22.20759964,23.39109993,57.90896988,43.52835083,2.13499999,0.0560444593
0.1583104968,0.1537207961,0.12101479770000001,0.1127027035,0.1071755052,0.0324493498,14.283740230000001,0.027548230488888888,1.982377052,-0.161459297,0.919709206,0.321662605,53.89173889,977.6810303,998.3018188,20.80699921,20.63228035,19.98514938,22.20586014,23.38599968,57.92464828,43.54135895,2.265000105,0.0560446024
0.1589565039,0.1533658028,0.1218611956,0.112656796,0.1071755052,0.031859621399999996,9.977825165,0.027531452177777777,1.984562039,-0.1814868,0.926899016,0.353109896,53.89173889,977.5650024,998.3012695,20.8071003,20.63241959,19.98514938,22.20413017,23.38089943,57.94033051,43.55437088,2.252500057,0.056044739499999996
0.158118701,0.1535272002,0.12174789909999999,0.1128715992,0.1072170973,0.0316178799,14.50330963,0.027514675988888886,1.986745954,0.143244296,0.934088886,0.321590394,53.89173889,977.4730835,998.3007813,20.80719948,20.63256073,19.98514938,22.20239067,23.3824501,57.95600891,43.56739044,2.352499962,0.056044882500000004
0.1590855956,0.1537083983,0.1214259982,0.11253010029999999,0.1072726011,0.0321011811,10.75818024,0.027502532536111114,1.988929987,-0.0615604,0.941278696,0.328211308,46.4973793,977.3812256,998.300415,20.80730057,20.63269997,20.00868034,22.20066071,23.38622093,57.97167969,43.58039856,2.1875,0.0560450196
0.1584344029,0.1532531977,0.1227851033,0.1123214006,0.107296896,0.0309233904,11.9483902,0.027486968569444447,1.991114974,-0.227144599,0.948468626,0.375708699,44.0326004,978.3076172,998.2999268,20.80739975,20.6328392,20.01651955,22.19893074,23.38998985,57.98735809,43.59341049,2.142499924,0.0560451627
0.1585026979,0.1534675956,0.121569097,0.1127464056,0.1073107958,0.0316840589,12.66938019,0.0274846522,1.994011045,-0.054884601,0.955658376,0.322379589,44.0326004,978.3322754,998.2993774,20.8074894,20.63298035,20.01651955,22.19718933,23.39374924,58.00304031,43.58832169,2.337500095,0.056045299800000004
0.158564198,0.15345569850000002,0.1196498036,0.11242330069999999,0.10732469559999999,0.033817759200000005,12.39328003,0.02751909256111111,1.997145057,-0.067997828,0.961262524,0.346240789,44.0326004,977.9431763,998.2990112,20.80759048,20.63311958,20.01651955,22.19545937,23.39752007,58.01871872,43.57717896,2.152499914,0.0560454428
0.1579524994,0.1528661013,0.12168240550000001,0.11258660549999999,0.10733859539999999,0.0317734003,12.24737015,0.02758796903888889,2.00027895,-0.203898504,0.966338098,0.367666811,44.0326004,977.5540771,998.2985229,20.80768967,20.63326073,20.01651955,22.1937294,23.40127945,58.03440094,43.56605148,2.055000067,0.056045579899999996
0.15809910300000002,0.1531069994,0.11930999760000001,0.11277400259999999,0.10735249520000001,0.0335559905,10.77320023,0.027626050313888886,2.003412962,0.693522573,0.971413612,0.332941502,52.37009811,977.164978,998.2979736,20.80779076,20.63339996,20.01651955,22.1919899,23.40505028,58.05007935,43.55490875,2.327500105,0.056045723000000006
0.1577229977,0.1528058052,0.11962000129999999,0.11256510019999999,0.107366395,0.0334869295,12.08143005,0.027663135527777778,2.006546974,0.066114619,0.976489186,0.351870388,55.1492691,976.7758789,998.2974854,20.80788994,20.6335392,20.01651955,22.19025993,23.40880966,58.06575012,43.54378128,2.119999886,0.0560458601
0.1577116013,0.1529099941,0.1229043007,0.1125463963,0.1073802948,0.0299015492,12.896830750000001,0.027666447958333333,2.009680986,0.163748607,0.98156482,0.349066705,55.1492691,976.4235229,998.2971191,20.80797958,20.63368988,20.01651955,22.18852043,23.41258049,58.07236099,43.53263855,2.035000086,0.0560459971
0.1585916042,0.15354169609999999,0.1212532043,0.1121212959,0.10739419459999999,0.0316567689,10.31973038,0.027657174005555552,2.012814999,-0.109960198,0.983288527,0.348139197,55.1492691,976.083313,998.2965698,20.80808067,20.63382912,20.01651955,22.18679047,23.41634941,58.07595062,43.52151108,2.287499905,0.056046140200000004
0.1578557968,0.1531121969,0.12389370200000001,0.1120890975,0.10740809440000001,0.0296480209,15.920979310000002,0.027643932766666667,2.01146102,-0.242344096,0.983895123,0.352767497,55.1492691,975.7432251,998.2960815,20.80817986,20.63397026,20.01651955,22.1850605,23.4201107,58.07954025,43.51037979,2.0625,0.0560462773
0.1588945985,0.1540617943,0.1198405981,0.1122439981,0.10742199420000001,0.0332716614,13.627839660000001,0.02762141333611111,2.00861311,-0.236383498,0.984501719,0.357395709,49.23130035,975.4030151,998.2957153,20.80828094,20.6341095,20.01651955,22.18331909,23.42387962,58.08312988,43.49924088,2.305000067,0.0560464203
0.1586051941,0.15295799969999999,0.12060350179999998,0.1118409038,0.1074359059,0.0334583014,12.110749819999999,0.02761412726388889,2.005764008,0.314073712,0.985108316,0.380179614,47.25864029,975.0629272,998.2952271,20.80838013,20.63425064,20.01651955,22.18158913,23.42764091,58.08671188,43.48810959,2.097500086,0.056046557399999995
0.1576074958,0.1528951049,0.1193279982,0.11276839970000001,0.1074498057,0.033630091,12.64934998,0.027593928444444443,2.002916098,1.146883011,0.985714793,0.351730287,47.25864029,974.7227173,998.2946777,20.80846977,20.63438988,20.01651955,22.17984962,23.43140984,58.09030151,43.4947319,2.222500086,0.056046700500000005
0.1581673026,0.1526661992,0.1225944042,0.112359798,0.1074648976,0.0303007603,8.221131134,0.027628036075,2.000066996,0.162198797,0.98517549,0.348983705,47.25864029,974.3825073,998.2943115,20.80857086,20.63452911,20.01651955,22.17811966,23.43516922,58.09389114,43.50727844,2.375,0.056046837599999996
0.1576403022,0.1531489968,0.12180759910000001,0.112271297,0.1074803948,0.030858638900000002,13.66430969,0.02766942766111111,1.997218966,-0.133087099,0.984254181,0.361169696,58.85626984,974.4086304,998.2938232,20.80867004,20.63467026,20.13418007,22.17638969,23.43894005,58.09748077,43.51982117,2.400000095,0.0560469806
0.15846149920000002,0.1536676049,0.120943296,0.1119618058,0.107495904,0.032205790299999995,12.482689670000001,0.02772936291111111,1.994369984,0.007105165,0.983332872,0.373355597,62.72214127,974.5567017,998.2932739,20.80876923,20.63482094,20.17340088,22.17465019,23.44271088,58.10105896,43.53237152,2.220000029,0.0560471177
0.1589750051,0.1531841993,0.1209611058,0.11167039869999999,0.1074144006,0.032706511,8.543000793000001,0.027820750333333335,1.991521001,0.131561503,0.982411623,0.36238721,62.72214127,974.7047729,998.2927856,20.80887032,20.63496017,20.17340088,22.17410088,23.44647026,58.10464859,43.54491043,2.272500038,0.0560472608
0.1577476978,0.1530392051,0.12139619589999999,0.1123332024,0.1074973941,0.0317879796,12.95189972,0.02788433286111111,1.988672972,0.169947505,0.981490314,0.363743007,62.72214127,974.8065796,998.2924194,20.80895996,20.63509941,20.17340088,22.17392921,23.45023918,58.05424118,43.55746078,2.257499933,0.0560473979
0.1585963011,0.1533216953,0.1208896041,0.11230360269999999,0.1075399041,0.0321495205,9.804728699,0.027959834194444446,1.985823989,0.493963301,0.977767706,0.344575912,62.72214127,974.8930054,998.2918701,20.80905914,20.63524055,20.17340088,22.1737709,23.45400047,57.98583984,43.57001114,2.1875,0.056047540900000005
0.15792829989999999,0.1531185031,0.12217710020000001,0.11215699910000002,0.1075469017,0.031144619000000002,13.69721985,0.02802641763888889,1.98297596,-0.035214741,0.973111272,0.372671396,76.50759125,974.9793701,998.2913818,20.80916023,20.63537979,20.10280991,22.17361069,23.45776939,57.91743088,43.58255005,2.230000019,0.056047678000000004
0.1584532976,0.1534729004,0.12155120370000001,0.1120812058,0.1075539947,0.0315673202,12.69225998,0.028100248972222224,1.980126977,-0.247291297,0.968455017,0.374644905,81.10273743,975.0657959,998.2910156,20.80925941,20.63552094,20.07928085,22.17345047,23.46153069,57.8490181,43.5951004,2.085000038,0.056047821
0.1584296942,0.1532899976,0.12153340580000001,0.1118978977,0.1075610042,0.0319396406,11.46557999,0.02815952725,1.983204007,-0.247291297,0.963798583,0.361652195,81.10273743,975.1522217,998.2905273,20.8093605,20.63566017,20.07928085,22.17328072,23.46529961,57.78060913,43.60765076,2.1875,0.056047958099999996
0.1582640052,0.1533679008,0.12145589590000001,0.1123263001,0.1075680017,0.0318341106,14.60917969,0.02823138977777778,1.988255978,0.147535905,0.958058596,0.327745914,81.10273743,975.2385864,998.289978,20.80945015,20.63579941,20.07928085,22.1731205,23.46907043,57.71221161,43.62018967,2.232500076,0.0560481012
0.1581853032,0.15362009999999998,0.1202994943,0.1121211052,0.1075750947,0.033135581,14.265130619999999,0.028319473277777778,1.993307948,0.173643097,0.951957285,0.325707108,81.10273743,975.3250122,998.2896118,20.80954933,20.63594055,20.07928085,22.17296028,23.47282982,57.64379883,43.61457825,2.057499886,0.0560482383
0.1581987977,0.1531193018,0.1222962976,0.1121723056,0.1075821042,0.031346121399999996,13.325270080000001,0.028399444166666666,1.998360991,-0.127603397,0.945856214,0.364319503,59.70230103,975.3342285,998.2891235,20.80965042,20.63608932,20.24399948,22.17280006,23.47660065,57.57538986,43.60290909,2.337500095,0.056048381300000005
0.15860990290000002,0.1533542037,0.12090150120000001,0.11240340470000001,0.1075891972,0.0322177589,11.16587982,0.028475610944444445,2.003412962,-0.123311803,0.939754903,0.333060503,52.56882858,975.317627,998.2885742,20.8097496,20.63623047,20.29891014,22.17263031,23.48036003,57.5069809,43.59125137,2.247499943,0.056048518400000004
0.1583703995,0.1535581946,0.12119359970000002,0.11226689819999999,0.1075961947,0.03216061,13.69076996,0.028548278805555556,2.008465052,-0.2078325,0.933315814,0.365844488,52.56882858,975.3010254,998.2880859,20.80985069,20.63636971,20.29891014,22.17247009,23.48413086,57.43857956,43.5795784,2.075000048,0.0560486615
0.1588703036,0.15364240410000002,0.12153329850000001,0.1122400045,0.1076032043,0.0319895387,12.774520110000001,0.028607889805555557,2.013516903,-0.241092399,0.926763892,0.353489786,52.56882858,975.2844849,998.2877197,20.80994034,20.63651085,20.29891014,22.17230988,23.48789978,57.37017059,43.56790924,2.295000076,0.056048798600000005
0.1586174011,0.1537266016,0.1195662975,0.11229050160000001,0.10762510300000001,0.034038159299999995,15.16136932,0.02866349961111111,2.013484955,-0.234098703,0.920211971,0.359565914,45.20788956,975.2678833,998.2871704,20.81003952,20.63665009,20.17024994,22.17214966,23.49165916,57.30400848,43.55625153,2.417500019,0.056048947599999996
0.1585852027,0.15350489620000002,0.12010869980000001,0.1125239968,0.10765180590000001,0.0336091191,14.43036041,0.028711193944444446,2.011758089,-0.227104902,0.913660228,0.361124188,42.75424957,975.2512817,998.2866821,20.81014061,20.63678932,20.12735939,22.17198944,23.49542999,57.23859024,43.54457855,2.182499886,0.0560490787
0.15850239989999998,0.1531813025,0.12270749809999999,0.1126685977,0.1076786041,0.030828368699999997,13.44472046,0.02868172327777778,2.010031939,-0.140239701,0.907108307,0.3765876,42.75424957,975.2346802,998.2863159,20.81023979,20.63693047,20.12735939,22.17181969,23.49918938,57.17317963,43.53290939,2.069999933,0.0560492277
0.1583381057,0.1537822962,0.121223402,0.11276329759999999,0.1077052951,0.031968280700000004,15.00328979,0.02849827872222222,2.008305073,-0.143160403,0.900556386,0.349292994,42.75424957,975.2182007,998.2858276,20.81034088,20.6370697,20.12735939,22.17165947,23.50296021,57.10776901,43.52125168,2.262500048,0.056049358800000004
0.1591012001,0.1536193967,0.1233633041,0.11225639579999999,0.10773210529999999,0.0304190487,10.82326965,0.028319443583333333,2.006577969,-0.184884295,0.894004583,0.3689861,42.75424957,975.2015991,998.2852783,20.81043053,20.63721085,20.12735939,22.17149925,23.50672913,57.09001923,43.5095787,2.1875,0.0560495079
0.1583614945,0.1535377979,0.1217121005,0.11260089870000001,0.10775879619999999,0.0319072306,13.38963928,0.028236999500000002,2.004852057,0.163033307,0.887452722,0.387744993,44.51771927,975.1851196,998.2849121,20.81052971,20.63735962,20.12815094,22.17134094,23.51049042,57.08816147,43.49792099,2.36500001,0.056049639
0.1587880015,0.1533565998,0.1217897058,0.11280410290000001,0.1077855945,0.0317481101,9.564402008,0.028234028277777778,2.000993013,0.117971502,0.881304979,0.36394769,45.10554886,975.1384888,998.2844238,20.8106308,20.63750076,20.12919044,22.17116928,23.51425934,57.0862999,43.51029968,2.087500095,0.056049788
0.1579646945,0.15309360030000002,0.12239170070000001,0.113125205,0.1078122973,0.030946740499999997,12.48912964,0.028264471694444442,1.99642396,-0.169684902,0.875292122,0.393285602,45.10554886,975.0817871,998.2838745,20.81072998,20.63764,20.13023949,22.17100906,23.51802063,57.08444977,43.53068924,2.112499952,0.056049931
0.15806969399999998,0.1534034014,0.1223618031,0.1132550001,0.1078235984,0.0306989491,13.55130005,0.028335028749999998,1.991853952,-0.231555507,0.869279027,0.364100695,45.10554886,975.0253296,998.2833862,20.81082916,20.63777924,20.13129044,22.17085075,23.52178955,57.04917145,43.55109024,2.19749999,0.056050068099999996
0.1588992,0.1534422994,0.1228029013,0.11284359690000001,0.1078295946,0.0305914909,10.18597031,0.028405221305555558,1.987285018,-0.241688401,0.86326611,0.367715806,45.10554886,974.968689,998.28302,20.81092072,20.63792038,20.13232994,22.17067909,23.52555084,57.00276184,43.5714798,2.210000038,0.0560502112
0.1582903981,0.1533272982,0.1224274039,0.1130660057,0.1078356981,0.031013459,13.07778931,0.028447611055555554,1.982715011,-0.221601307,0.857253075,0.355784714,67.34928894,974.9121094,998.2824707,20.8110199,20.63805962,20.13338089,22.17052078,23.52931976,56.95634842,43.5918808,2.059999943,0.0560503483
0.1587286949,0.1534270048,0.1210862994,0.1131762028,0.1078274012,0.032240501,11.69804001,0.028439333166666667,1.98377502,-0.187983796,0.851239979,0.332058787,74.76387024,974.8555298,998.2819824,20.81111908,20.63820076,20.13442993,22.17036057,23.53307915,56.90993881,43.61227036,2.122499943,0.056050491300000005
0.1583117008,0.1533211946,0.1212174058,0.11316200489999999,0.1078143001,0.032209509600000005,13.11139984,0.028368138194444444,1.986709952,-0.229648098,0.846351802,0.353496999,74.76387024,975.1721802,998.2816162,20.81122017,20.63834,20.13548088,22.17020035,23.53684998,56.86352921,43.63267136,2.234999895,0.056050628400000004
0.1582149982,0.15371129509999998,0.1212829947,0.1133147001,0.1078012943,0.032038179,14.590570070000002,0.02819925097222222,1.989645004,-0.150849596,0.841838479,0.329003692,74.76387024,975.6132813,998.2811279,20.81131935,20.63847923,20.13652039,22.17004013,23.5406208,56.8171196,43.65306091,2.3125,0.0560507715
0.1592715979,0.1538964987,0.1226062059,0.1127856016,0.1077882051,0.031105101099999997,10.3740799,0.028064806194444444,1.99258101,0.356632113,0.837325215,0.317769408,74.76387024,976.0543823,998.2805786,20.8114109,20.63862038,20.13756943,22.16987038,23.54438019,56.81946182,43.64532089,2.180000067,0.056050908600000005
0.1586650014,0.1542773008,0.1225049019,0.11298359630000002,0.1077751994,0.0313916296,15.42386932,0.027986666361111114,1.995515943,-0.03879109,0.832811773,0.317730993,73.08911133,976.4954834,998.2802124,20.81151009,20.63876915,20.13862038,22.16971016,23.54814911,56.83805084,43.62820816,2.339999914,0.0560510516
0.1597609997,0.1545539021,0.12294600010000001,0.11287800070000001,0.10776209830000001,0.0313492,10.50998001,0.027927388083333334,1.998451948,0.525792718,0.828298509,0.317692608,72.53085327,976.9365845,998.2797241,20.81160927,20.63891029,20.13965988,22.16954994,23.5519104,56.85665131,43.61109924,2.440000057,0.0560511887
0.1592566967,0.15453670020000002,0.12378050089999999,0.1128918052,0.1077489972,0.030779409400000003,13.39465942,0.02787044525,2.001386881,0.707947314,0.823785186,0.347266614,72.53085327,977.3776855,998.2791748,20.81171036,20.63904953,20.14071083,22.16938972,23.55567932,56.87524033,43.59397888,2.142499924,0.05605133180000001
0.1601534963,0.1550891042,0.1208062053,0.11301519870000001,0.1077360034,0.0337305307,10.54788971,0.027849222805555556,2.004323006,0.1117725,0.819271922,0.321882397,72.53085327,977.4556885,998.2786865,20.81180954,20.63919067,20.14175987,22.16921997,23.55945015,56.89382935,43.57686996,2.339999914,0.056051468800000004
0.1596796989,0.15470830200000002,0.1219089031,0.11286749840000002,0.1076189041,0.0332411289,11.78387985,0.027829055777777778,2.007257938,-0.204971403,0.81475848,0.360007495,77.99067688,977.4127808,998.2783203,20.81189919,20.63932991,20.23615074,22.16905975,23.56320953,56.91241837,43.5597496,2.402499914,0.0560516119
0.1599645019,0.1549911976,0.1235242009,0.1132107019,0.10755610470000002,0.0312044412,9.86338501,0.02781263986111111,2.010194063,0.081492901,0.811922789,0.305133998,79.81062317,977.369873,998.277771,20.81200027,20.63946915,20.26753044,22.16889954,23.56698036,56.93101883,43.54264069,2.32249999,0.056051749
0.1602095962,0.15562280420000002,0.1225525975,0.11296679970000001,0.10752300020000001,0.0324056506,12.58068008,0.02779872258333333,2.013128996,0.367241889,0.809646189,0.329293102,79.81062317,977.3270264,998.2772827,20.81209946,20.63961029,20.26753044,22.16873932,23.57073975,56.94961166,43.52552032,2.097500086,0.056051892000000006
0.1604861021,0.1555950999,0.1243466973,0.11273729800000001,0.10748989579999998,0.031265071,12.84104004,0.027770426008333335,2.01001811,1.363369942,0.80736959,0.333774686,79.81062317,977.2841187,998.2769165,20.81220055,20.63974953,20.26753044,22.16856956,23.57451057,56.96820068,43.50841141,2.150000095,0.0560520291
0.1610898972,0.15640009640000002,0.1211698055,0.1127997041,0.1074568033,0.03442536,13.11712952,0.027745257483333334,2.004889965,0.500281513,0.80509299,0.301874787,79.81062317,977.2410889,998.2764282,20.81229973,20.63989067,20.26753044,22.16840935,23.57357979,56.9867897,43.49129868,2.309999943,0.05605217219999999
0.1606397986,0.1558972955,0.1252289057,0.1127493024,0.10742360349999999,0.0311712414,16.29649048,0.027737640805555554,1.999763012,-0.127961099,0.802816391,0.328246087,49.37683105,977.1981812,998.2758789,20.81240082,20.64003944,20.07926941,22.16824913,23.57107925,57.00537872,43.50901031,2.102499962,0.056052309300000006
0.1615038037,0.15683000090000002,0.12199230190000002,0.1129191995,0.10739049910000001,0.0339050204,14.41463013,0.027716117436111114,1.994636059,0.1658943,0.800539792,0.318114311,39.23223877,977.1552124,998.2755127,20.81249046,20.64018059,20.01651955,22.16809082,23.56859016,57.02397919,43.53831863,2.230000019,0.0560524523
0.1618610024,0.156230402,0.1236433983,0.1125790954,0.10735739470000001,0.0331866592,13.56775055,0.027714129552777775,1.989508986,-0.112940401,0.798263192,0.3590312,39.23223877,977.1123047,998.2750244,20.81258965,20.64031982,20.01651955,22.16791916,23.56608963,57.04256821,43.5676384,2.232500076,0.0560525894
0.1613031983,0.15632849929999998,0.12453739640000001,0.11322849989999999,0.1073241949,0.0316928893,14.416050720000001,0.02768797132777778,1.98438096,0.556310773,0.797990084,0.329760492,39.23223877,977.0692749,998.2744751,20.81269073,20.64045906,20.01651955,22.16776085,23.56360054,57.06116104,43.59695053,2.247499943,0.0560527325
0.1615036011,0.15690310000000002,0.1212293029,0.11306999920000001,0.10729110239999999,0.0350305587,14.47398987,0.02766280280277778,1.979254007,0.1149913,0.798385024,0.3186405,39.23223877,977.0264282,998.2739868,20.81278992,20.6406002,20.01651955,22.16760063,23.56110001,57.07975006,43.62627029,2.140000105,0.0560528696
0.1611279011,0.1559399009,0.127303195,0.1128407001,0.10727779870000001,0.0295771092,14.32164001,0.02765253914722222,1.974127054,-0.215461999,0.798779786,0.34613809,56.20161057,976.9835205,998.2736206,20.8128891,20.64073944,20.10375977,22.16744041,23.55861092,57.09833908,43.65559006,2.11500001,0.05605301259999999
0.161382103,0.15694780349999998,0.12324999569999999,0.1133566976,0.1072711945,0.0326899588,14.46826935,0.02762406031388889,1.976665974,-0.130226001,0.799174726,0.300847411,61.85807037,976.9406128,998.2730713,20.81298065,20.64088058,20.1328392,22.16727066,23.55611038,57.11693954,43.68490982,2.285000086,0.056053149700000006
0.16151089670000002,0.1561931014,0.125950098,0.11274800300000001,0.10726449490000001,0.030997630999999998,12.3460701,0.02762406031388889,1.981762052,-0.185778394,0.799569488,0.352689803,61.85807037,976.897583,998.272583,20.81307983,20.64101982,20.1328392,22.16711044,23.55360985,57.13552856,43.71421814,2.092499971,0.0560532928
0.1611400962,0.156268096,0.1240785003,0.11335079669999999,0.10725790260000001,0.0321146488,13.42826996,0.027603200277777778,1.986857057,-0.224045202,0.802015722,0.313880086,61.85807037,976.8546753,998.2722168,20.81318092,20.64115906,20.1328392,22.16691017,23.55112076,57.1541214,43.70330811,2.069999933,0.0560534298
0.1610003948,0.15610140560000002,0.12289839979999999,0.11336200240000001,0.1072512984,0.0333697706,14.372419740000002,0.027592769200000002,1.991953015,-0.152280107,0.805145681,0.335129291,75.38517761,976.8118286,998.2717285,20.81328011,20.64130974,19.97500992,22.1667099,23.54862022,57.17271042,43.67898941,2.172499895,0.0560535729
0.1609771967,0.1556660056,0.12476990219999999,0.11322000029999998,0.1072445989,0.0313679188,13.20296021,0.02758945888888889,1.99704802,0.984636426,0.8082757,0.357051313,79.89421844,976.7598267,998.2711792,20.81337929,20.64145088,19.92239952,22.16650009,23.54612923,57.19129944,43.65467072,2.035000086,0.05605371
0.1608031988,0.1560214043,0.1224989057,0.1135136962,0.10723799469999999,0.0331792414,15.02402954,0.027567770216666666,2.002142906,1.270980954,0.811405718,0.309321493,79.89421844,976.704895,998.270813,20.81347084,20.64159012,19.92239952,22.16629028,23.5436306,57.2098999,43.63034821,1.995000005,0.0560538471
0.16061660049999998,0.1553015947,0.12339299919999999,0.1133031011,0.1072314024,0.032610479,12.85534058,0.027569751738888888,2.007239103,0.599465013,0.814535677,0.332747787,79.89421844,976.6500244,998.2703247,20.81357002,20.64172935,19.92239952,22.16608047,23.54113007,57.22848892,43.60602951,2.352499962,0.05605399009999999
0.1599004984,0.1549834967,0.1258726001,0.1136762023,0.1072247028,0.0294230402,14.539079280000001,0.027535976833333333,2.012334108,0.100328296,0.819450378,0.356016397,79.89421844,976.5949707,998.2697754,20.8136692,20.6418705,19.92239952,22.1658802,23.53863907,57.24708176,43.58171082,2.162499905,0.056054127200000005
0.1604616046,0.1555192947,0.1243646026,0.1135758996,0.1072180986,0.030618879199999997,12.31317978,0.027523231505555554,2.011070013,0.434596211,0.824959993,0.341659188,69.10471344,976.5402222,998.2692871,20.81377029,20.64200974,20.13418961,22.16567039,23.53614044,57.26567078,43.55738831,2.0,0.0560542703
0.16032600400000002,0.1549787045,0.1267668009,0.11304910180000001,0.1072113991,0.028752580300000004,11.76313019,0.027522566052777777,2.007687092,0.345187813,0.830469608,0.353588313,65.5082016,976.4852295,998.2689209,20.81386948,20.64215088,20.20478058,22.16546059,23.53364944,57.2842598,43.53306961,2.272500038,0.05605440739999999
0.16005920170000001,0.1553377032,0.12419170139999999,0.1134976983,0.10720479489999998,0.0307869911,14.094900509999999,0.027499552833333333,2.004303932,0.544151127,0.835979223,0.331767887,65.5082016,976.4302979,998.2683716,20.81395912,20.64229012,20.20478058,22.16526031,23.53115082,57.30286026,43.50875092,2.130000114,0.0560545504
0.1602309942,0.154973805,0.1226480007,0.11337829829999999,0.10719820259999999,0.032689741300000005,11.39763031,0.027487964630555556,2.000921011,0.631652117,0.841488779,0.373547912,65.5082016,976.3754272,998.2678833,20.81406021,20.6424408,20.20478058,22.16505051,23.52865982,57.32144928,43.51448822,2.267499924,0.0560546875
0.1591735005,0.154222095,0.1243049979,0.1139368057,0.107258296,0.03059811,12.49341965,0.027475708855555555,1.999405026,-0.021863161,0.846998394,0.388375789,65.5082016,976.3203735,998.2675171,20.81415939,20.64258003,20.20478058,22.1648407,23.52615929,57.3400383,43.53025055,2.444999933,0.05605483060000001
0.15954840180000002,0.1544569969,0.1243407965,0.1140728951,0.1073405981,0.029857799400000003,10.28395996,0.027479021283333332,1.99851203,-0.2120049,0.852508008,0.365233511,74.62709045,974.8363037,998.2670288,20.81426048,20.64271927,20.08712006,22.16463089,23.52366066,57.35863113,43.54600906,2.269999981,0.056054967600000005
0.1594109058,0.154687202,0.12195659880000001,0.11370539669999999,0.10736119749999999,0.0325005114,14.135670469999999,0.027460971408333333,1.99761796,0.302390993,0.858504176,0.372307986,77.66671753,974.3519287,998.2664795,20.81435966,20.64286041,20.04789925,22.16443062,23.52116966,57.37722015,43.56177902,2.102499962,0.0560551107
0.1594409943,0.1548061967,0.1219208002,0.11350259780000001,0.10736119749999999,0.0326767415,15.670629880000002,0.027433819241666664,1.996724963,-0.04952015,0.864662707,0.338999599,77.66671753,974.3596802,998.2661133,20.81446075,20.64299965,20.04789925,22.16422081,23.51866913,57.39582062,43.57752991,2.234999895,0.0560552478
0.159653604,0.1539713025,0.1228505969,0.1133828998,0.10736119749999999,0.0319438785,13.39822998,0.027451866997222223,1.995831966,-0.025201051,0.870821118,0.358147115,77.66671753,974.3673706,998.265625,20.8145504,20.64314079,20.04789925,22.16400909,23.51618004,57.41440964,43.59329987,2.282500029,0.05605539080000001
0.1597440004,0.1541913033,0.1226539016,0.1133288026,0.10736119749999999,0.031276899600000005,10.2739502,0.027504853141666667,1.994938016,0.410873204,0.876979589,0.372987896,77.66671753,974.3751831,998.2650757,20.81464958,20.64328003,20.04789925,22.16379929,23.5136795,57.43299866,43.60905075,2.204999924,0.0560555279
0.1597936988,0.1542855978,0.1235659003,0.11329649690000002,0.10736119749999999,0.0306099087,9.791142273,0.02760915756111111,1.994045019,-0.01435285,0.882952929,0.378612608,85.38622284,974.3828735,998.2645874,20.81475067,20.64341927,20.04789925,22.16360092,23.51119041,57.45159912,43.62482071,2.337500095,0.0560556829
0.1595780969,0.154964304,0.1201446056,0.1134184957,0.10736119749999999,0.0341411114,13.9196701,0.02774924172222222,1.993152022,-0.177910507,0.888864577,0.353596687,87.95938873,974.390625,998.2642212,20.81484985,20.64356041,20.04789925,22.16338921,23.50868988,57.44585037,43.64057922,2.382499933,0.05605580810000001
0.1599135995,0.1547508955,0.12324999569999999,0.113064003,0.10736119749999999,0.0317142397,12.35823975,0.02784658433333333,1.992257953,-0.227979198,0.894776225,0.348871291,87.95938873,974.3983765,998.2636719,20.81495094,20.64370918,20.04789925,22.1631794,23.50620079,57.43199921,43.65634155,2.454999924,0.0560559571
0.1598047018,0.1555137038,0.1232202053,0.11320190429999999,0.10736119749999999,0.031495410200000004,15.0898407,0.027839972166666668,1.994943976,-0.243119001,0.900687873,0.354313999,87.95938873,974.4061279,998.2631836,20.81504059,20.64385033,20.04789925,22.16296959,23.50370026,57.41815186,43.64953995,2.285000086,0.0560560882
0.1610041976,0.1559901953,0.12267179489999999,0.1125944018,0.1072725058,0.0328300804,12.22233963,0.027835000361111112,1.998821974,-0.2381915,0.906599581,0.346724302,76.52326202,974.4138794,998.2628174,20.81513977,20.64398956,20.11849022,22.16276932,23.50119972,57.40428925,43.63521957,2.309999943,0.056056237200000004
0.1606722951,0.1557255983,0.1238520026,0.11252729889999999,0.10720859769999999,0.0321381688,12.831739809999998,0.02783036125,2.002701044,-0.233264104,0.91251123,0.375641704,72.71121979,974.4215698,998.2623291,20.81524086,20.64413071,20.14201927,22.16255951,23.49871063,57.39044189,43.62091064,2.182499886,0.0560563684
0.1608649015,0.1562379956,0.12199829820000001,0.11297860150000001,0.1072002053,0.0337272614,14.20505981,0.027800555749999997,2.006578922,-0.186255202,0.918422878,0.33650139,72.71121979,974.4293213,998.2617798,20.81534004,20.64426994,20.14201927,22.1623497,23.4962101,57.37659073,43.60659027,2.11500001,0.056056517400000005
0.16103960280000001,0.1561789989,0.12367910150000001,0.11270580290000001,0.1072042942,0.032558819700000005,14.8723999,0.027774399652777778,2.010457039,-0.150968701,0.924334586,0.389903814,72.71121979,974.4370728,998.2614136,20.81543922,20.64440918,20.14201927,22.16213989,23.4937191,57.36273956,43.5922699,2.07249999,0.05605664849999999
0.1613404989,0.1565808058,0.12373880150000001,0.1125838995,0.1072082996,0.0324402601,15.324440000000001,0.027758839925,2.014334917,0.06420733,0.930803716,0.372395903,72.71121979,974.4630737,998.2609253,20.81553078,20.64455032,20.14201927,22.16193962,23.49122047,57.34888077,43.57796097,2.059999943,0.0560567975
0.1617301941,0.1566702008,0.12382810120000001,0.1124112964,0.10721240039999999,0.032752639099999994,13.4490097,0.027745592330555558,2.012857914,0.144436404,0.937458515,0.371225506,63.40169907,974.4951782,998.260376,20.81562996,20.64468956,20.07284927,22.16172981,23.48871994,57.35784912,43.56364059,2.352499962,0.0560569286
0.1616687059,0.1563506007,0.1252110004,0.11253219839999999,0.10721640589999999,0.0314592212,12.40329971,0.027738302019444445,2.009593964,-0.06692493,0.944113374,0.387815714,60.29851913,974.5272827,998.2598877,20.81572914,20.6448307,20.04978943,22.16152,23.48623085,57.37443161,43.54932022,2.1875,0.056057077600000005
0.16161570549999998,0.15640360120000002,0.12361350060000001,0.1127719998,0.10722039940000001,0.0327370286,13.540570070000001,0.027715121375,2.006330967,-0.187924206,0.950768173,0.35441941,60.29851913,974.5593872,998.2595215,20.81583023,20.64496994,20.04978943,22.1613102,23.48373032,57.39101028,43.53501129,2.017499924,0.0560572088
0.1613201976,0.1559914947,0.12490700480000001,0.11282900570000001,0.1072245002,0.0314965695,12.53133011,0.027685983447222222,2.00306797,-0.080276556,0.957422972,0.368691087,60.29851913,974.5914917,998.2589722,20.81592941,20.64510918,20.04978943,22.16110992,23.48123932,57.40758896,43.54846954,2.372499943,0.0560573578
0.16095399859999998,0.15599069599999998,0.1240785003,0.1128250003,0.10725090500000001,0.0319129705,13.957569889999998,0.027680685255555556,1.999804974,-0.194838494,0.962337673,0.368728101,60.29851913,974.6235962,998.2584839,20.81601906,20.64525986,20.04978943,22.16090012,23.47874069,57.42417145,43.57120132,2.289999962,0.056057488899999994
0.1607756972,0.1557399035,0.12360169889999999,0.1126139045,0.1072847009,0.0323890805,14.73791962,0.027674891152777777,1.996541977,-0.209978297,0.966672182,0.35687229,63.93244934,974.6557007,998.2581177,20.81612015,20.64539909,20.11895943,22.16069031,23.47624969,57.44075012,43.59392166,2.339999914,0.0560576379
0.1606570959,0.1553372025,0.1239295006,0.1126338005,0.1073184967,0.0318691611,12.03779984,0.027666282652777777,1.99327898,0.103070199,0.971006691,0.365813404,65.14376068,974.6878052,998.2576294,20.81621933,20.64554024,20.14201927,22.16049004,23.47374916,57.45732117,43.61664963,2.049999952,0.056057780999999994
0.160066402,0.1553959012,0.1240010023,0.1130789042,0.1073523045,0.031355759500000004,14.47971954,0.02764326731388889,1.99001503,0.03988824,0.975341201,0.381686687,65.14376068,974.7199097,998.2570801,20.81632042,20.64567947,20.14201927,22.16028023,23.47125053,57.47389984,43.63936996,2.089999914,0.056057918100000007
0.16061400180000002,0.1551781058,0.1241142988,0.1126736045,0.1073861003,0.0312816888,12.50700989,0.027632342444444444,1.986752033,-0.173738107,0.979675829,0.378357708,65.14376068,974.2937012,998.2567139,20.8164196,20.64582062,20.14201927,22.16007042,23.46875954,57.49047852,43.66210175,2.049999952,0.0560580611
0.1599621058,0.154816699,0.123279798,0.11268559689999999,0.1074198961,0.031885251399999995,14.79156952,0.02761412726388889,1.983489037,-0.143458501,0.984010279,0.396125615,55.51903915,973.7147217,998.2562256,20.81650925,20.64595985,20.11849022,22.15986061,23.46626091,57.507061,43.68481827,2.25999999,0.0560581982
0.1596081972,0.1549610019,0.1224869967,0.1129431963,0.1074537039,0.032325381,16.65411987,0.027586638133333334,1.986359,0.060988609,0.986713886,0.377940387,52.31079865,973.1356812,998.2556763,20.81661034,20.64609909,20.11400986,22.15966034,23.46719933,57.52363968,43.70755005,2.144999981,0.0560583413
0.1599740982,0.1548660994,0.1234823942,0.11242640020000001,0.10748759510000001,0.0314785302,14.73076935,0.027592271169444446,1.991274953,0.268654406,0.988874078,0.37115711,52.31079865,972.5568237,998.255188,20.81670952,20.64624023,20.11849022,22.15945053,23.46928024,57.54021072,43.69284058,2.095000029,0.0560584784
0.1593495965,0.154480803,0.12353010179999999,0.1124493003,0.1075214028,0.0313359797,15.8530304,0.027573727502777777,1.996189952,0.34721449,0.99103421,0.373187691,52.31079865,972.5142212,998.2548218,20.81681061,20.64639091,20.12297058,22.15924072,23.47135925,57.5567894,43.66566086,2.234999895,0.056058621399999994
0.1595378995,0.1546529055,0.1207347035,0.1127380013,0.10755519870000001,0.0337462008,14.4947403,0.027569088405555556,2.00110507,0.008535722,0.993194282,0.315711409,52.31079865,972.6503296,998.2542725,20.81690979,20.64653015,20.12746048,22.15903091,23.47344017,57.57337189,43.6384697,2.122499943,0.05605875850000001
0.15891590120000001,0.1537062049,0.1235241055,0.1126322985,0.1075889945,0.031128791,14.154269410000001,0.027552202013888888,2.006020069,0.960317612,0.995354414,0.368331105,44.96485138,973.3414917,998.2537842,20.81699944,20.64666939,20.13194084,22.15883064,23.47551918,57.58995056,43.61128998,2.325000048,0.0560589015
0.1588567019,0.154220295,0.1221233964,0.1129044056,0.10762280230000001,0.0315828294,13.2365799,0.027528360155555556,2.010935068,0.154688597,0.997514486,0.388596386,42.51620102,974.2177124,998.253418,20.81710052,20.64681053,20.1364193,22.15862083,23.4776001,57.60652924,43.58409882,2.184999943,0.0560590386
0.1591194034,0.15398160219999998,0.125771296,0.11234220269999999,0.10765659809999999,0.0284490287,13.77088928,0.02753332773888889,2.015850067,-0.242880598,0.996409416,0.383639991,42.51620102,974.2752075,998.2529297,20.81719971,20.64694977,20.14090919,22.15840912,23.47967911,57.62310028,43.5569191,2.349999905,0.0560591817
0.1593819976,0.1546362996,0.12304140329999999,0.1124025941,0.1076904058,0.0309402615,14.903869629999999,0.027499220105555555,2.013133049,0.173166201,0.994215786,0.35532999,42.51620102,974.0598755,998.2523804,20.8173008,20.64709091,20.14538956,22.15819931,23.48175049,57.63967896,43.52973175,2.167500019,0.0560593188
0.15943469999999998,0.1545945048,0.1217002988,0.11214699749999998,0.10772420170000001,0.0329360396,16.39662018,0.027491605547222225,2.007869959,0.421006113,0.992022276,0.370200992,42.51620102,973.8446045,998.2520142,20.81739998,20.64723015,20.14986992,22.15800095,23.4838295,57.65626144,43.50254822,2.192500114,0.0560594618
0.15909130570000002,0.153816402,0.1261409044,0.11228079799999999,0.10771629810000001,0.0284536988,12.57137985,0.02750319798888889,2.002609015,-0.070858903,0.987321913,0.364232689,49.88695145,973.9484253,998.2515259,20.81748962,20.64736938,20.15435028,22.15778923,23.48591042,57.67284012,43.51620102,2.027499914,0.05605959889999999
0.1591251969,0.1545142055,0.1220877051,0.11261500120000001,0.10771069529999999,0.031728708700000004,11.96626968,0.027505510119444444,1.999423981,-0.246814504,0.981785715,0.345655411,52.34386063,974.1586304,998.2509766,20.81759071,20.64751053,20.15883064,22.15757942,23.48798943,57.68941879,43.54346848,1.952499986,0.056059742
0.15902780290000001,0.1542953014,0.1254852057,0.1122877002,0.1077103972,0.029028990900000003,14.41676941,0.027558826869444445,1.996932983,-0.246814504,0.976249516,0.379365504,52.34386063,974.3687744,998.2504883,20.8176899,20.6476593,20.16332054,22.16011047,23.49007034,57.70600128,43.57073975,2.25,0.0560598791
0.1596706986,0.15489970449999999,0.1222962976,0.1122585058,0.1077101946,0.031998959199999996,13.63784943,0.027649226719444444,1.994441032,0.056816172,0.970713377,0.376809895,52.34386063,974.5789795,998.2501221,20.81778908,20.64780045,20.1678009,22.16353989,23.49214935,57.72257996,43.59801102,2.132499933,0.056060022099999995
0.1595077991,0.1546383023,0.1215273976,0.11220129729999999,0.10770989660000001,0.0333722591,14.478999329999999,0.02774592293611111,1.991950035,-0.145246699,0.965177178,0.356356114,52.34386063,974.5690918,998.2495728,20.81789017,20.64793968,20.17227936,22.16698074,23.49423027,57.71669006,43.62527847,2.059999943,0.0560601592
0.1593809009,0.1542430043,0.1243587017,0.1124261022,0.10770959849999999,0.0302796096,13.626400760000001,0.027835665805555555,1.989457965,0.872697294,0.95964098,0.367618889,60.81393814,974.4857788,998.2490845,20.81797981,20.64808083,20.10906982,22.17041016,23.49630928,57.70331955,43.65254974,2.007499933,0.056060302299999996
0.1598091006,0.1552232981,0.12087769509999999,0.11244759559999999,0.10770939589999999,0.033365339,13.491220089999999,0.027868944805555556,1.986966014,0.127389193,0.952484787,0.349762291,63.63729858,974.4025269,998.2487183,20.8180809,20.64822006,20.08684921,22.17384911,23.4983902,57.68994904,43.67982101,2.07249999,0.0560604393
0.1599796057,0.1548841,0.1245136023,0.1119873047,0.10770909790000001,0.0307096392,14.33737946,0.027884167555555558,1.984475017,0.0571738,0.944788575,0.371049196,63.63729858,974.3192139,998.24823,20.81818008,20.6483593,20.08580017,22.17728043,23.50046921,57.67657852,43.70708847,2.339999914,0.0560605824
0.1603384018,0.1555137038,0.12109229560000001,0.1122158051,0.1077088952,0.0337917894,13.71295013,0.027871083166666668,1.987691998,0.542124629,0.937092304,0.319475412,63.63729858,974.4014282,998.2476807,20.81827927,20.64850044,20.08476067,22.18071938,23.50255013,57.66321182,43.69952011,2.142499924,0.0560607195
0.1600939989,0.15515819790000002,0.12226649519999999,0.11220040319999999,0.10767639879999999,0.0332471788,14.11921997,0.027848582805555556,1.992812037,-0.017929129,0.929395974,0.348875314,56.69525909,974.5388794,998.2473145,20.81838036,20.64863968,20.08371925,22.1841507,23.50462914,57.64984131,43.68035126,2.380000114,0.056060862499999996
0.1603132963,0.1553392053,0.12274329660000001,0.11245670320000001,0.10763319730000001,0.0324147999,12.50628967,0.02783002852777778,1.997931004,0.243739203,0.921699822,0.364718586,54.38124084,974.6762695,998.2468262,20.81847,20.64878082,20.08267021,22.18758965,23.50671005,57.63647079,43.66117096,2.242500067,0.05606099960000001
0.1603373051,0.1560264945,0.1208837032,0.1123013973,0.1077008009,0.0344555289,14.897430420000001,0.027805360166666668,2.003051043,0.413138211,0.914990604,0.330560386,54.38124084,974.8137207,998.2462769,20.81856918,20.6489296,20.08163071,22.19101906,23.50878906,57.62308884,43.64199066,2.242500067,0.0560611427
0.16113359929999999,0.1560940981,0.123553896,0.1119596004,0.1076593995,0.0324724913,12.95762939,0.02777819527777778,2.008171082,0.084950022,0.908610404,0.32236281,54.38124084,974.9915771,998.2457886,20.81867027,20.64907074,20.08058929,22.19445038,23.51086044,57.60971832,43.62281036,2.269999981,0.056061279799999995
0.16115750069999998,0.1565130949,0.1224513054,0.1122110963,0.1075693965,0.0336428612,15.91024933,0.027761486899999997,2.007946014,0.382262409,0.902230203,0.326501012,54.38124084,975.1831055,998.2454224,20.81876945,20.64920998,20.07954025,22.19788933,23.5129509,57.61843109,43.60364151,2.232500076,0.0560614228
0.1613337994,0.1568894982,0.1209730983,0.11225349899999999,0.1075469017,0.035540089000000004,16.98744049,0.027761156294444443,2.005939007,0.398236811,0.895850003,0.298586309,63.19591904,975.3745728,998.244873,20.81887054,20.64934921,20.33814049,22.20132065,23.51502037,57.6344986,43.58446121,2.212500095,0.0560615599
0.1614205003,0.1563653946,0.12635539769999998,0.1121602058,0.1075469017,0.0305340886,11.92478027,0.027753204769444446,2.003932953,0.653348625,0.889469802,0.333240211,66.13414764,975.5661011,998.2443848,20.81896019,20.64949036,20.42443085,22.2047596,23.51709938,57.65056992,43.56528091,2.315000057,0.056061703
0.1615162969,0.1575780988,0.1221354008,0.11240899559999999,0.1075469017,0.03423011,16.63838959,0.02771645016111111,2.001925945,0.48418799,0.882646203,0.3168464,66.13414764,975.7576294,998.2440186,20.81905937,20.64962959,20.42443085,22.20819092,23.5191803,57.66662979,43.54610062,2.087500095,0.0560618401
0.1626502037,0.15723359580000001,0.1262004018,0.11188640590000001,0.1074401975,0.0313776314,12.7273201,0.02772406684166667,1.999920011,0.590643525,0.875674725,0.339619309,66.13414764,975.9490967,998.2435303,20.81916046,20.64977074,20.42443085,22.21162987,23.52125931,57.68270111,43.55384064,2.119999886,0.05606197710000001
0.1620792985,0.1579023004,0.12472820280000001,0.1123883009,0.10739849809999999,0.0325054497,18.18050995,0.027680689494444445,1.997858047,0.075770743,0.868703187,0.300673187,66.13414764,976.140625,998.242981,20.81925964,20.64990997,20.42443085,22.21507072,23.52334023,57.69876862,43.57056046,2.325000048,0.056062120199999996
0.1628685951,0.1576769948,0.1256878972,0.1122465968,0.1073902011,0.0322144002,13.74656067,0.027682011922222225,1.995777011,0.291542888,0.861731827,0.312179595,46.70782852,975.5499878,998.2426147,20.81936073,20.65004921,20.21261978,22.21850014,23.52322006,57.71483994,43.58726883,2.095000029,0.056062257299999994
0.1632359028,0.1569586992,0.1262541056,0.11232279540000001,0.1073817968,0.031490328899999996,11.07218018,0.027670090994444445,1.993695974,0.073863387,0.854760289,0.383482993,40.23239136,976.4069214,998.2421265,20.81945038,20.65019989,20.14201927,22.22193909,23.52238083,57.73089981,43.60398102,2.329999924,0.056062412299999996
0.1620414019,0.1575523019,0.124150002,0.1131204009,0.1073734999,0.0328311086,17.07398987,0.02763432396666667,1.991616011,0.65072602,0.847788811,0.297534406,40.23239136,975.3599243,998.2415771,20.81954956,20.65033913,20.14201927,22.22537041,23.52153015,57.74697113,43.62070084,2.125,0.0560625374
0.163046205,0.1575119019,0.1263255954,0.11232990030000001,0.1073652029,0.031226688600000004,11.418370059999999,0.027631346383333335,1.989534974,0.919189394,0.854049921,0.314480603,40.23239136,975.6553955,998.2410889,20.81965065,20.65048027,20.14201927,22.22879982,23.52067947,57.76303864,43.63740921,2.357500076,0.0560626924
0.16211260560000001,0.1579148054,0.1269752979,0.1126453996,0.1073569059,0.030536541299999997,18.21911926,0.02759988784722222,1.98745501,0.04811376,0.875321925,0.384447098,40.23239136,976.6730957,998.2407227,20.81974983,20.65061951,20.14201927,22.23224068,23.5198307,57.77910995,43.6541214,2.477499962,0.0560628176
0.1635440946,0.15824049710000002,0.12678459879999998,0.11245340109999999,0.10734859699999999,0.0311301589,14.669970699999999,0.02760353088333333,1.985373974,0.599822819,0.895707011,0.365531296,80.65727234,976.3311157,998.2401733,20.81985092,20.65076065,20.14201927,22.23567009,23.51898003,57.79516983,43.67082977,2.299999952,0.056062972499999995
0.1628752947,0.1579401016,0.1241441011,0.11237490180000001,0.1073403001,0.034096470499999997,16.795750430000002,0.027579686905555557,1.98329401,0.036073469,0.914618671,0.39935261,94.13223267,975.5358887,998.2396851,20.81994057,20.65089989,20.14201927,22.23911095,23.51812935,57.81124115,43.68754959,2.345000029,0.056063097699999995
0.16245169639999998,0.1578119993,0.1254374981,0.1132030964,0.10733200309999999,0.0325026602,17.85290985,0.027557171716666665,1.981212974,-0.246218503,0.929989696,0.341806203,94.13223267,974.7407227,998.2393188,20.82003975,20.65103912,20.14201927,22.24254036,23.51728058,57.82730865,43.70426178,2.417500019,0.056063252699999996
0.16301350590000002,0.1575937033,0.1267130971,0.1130025029,0.10732369420000001,0.031099009500000004,13.13430023,0.027558826869444445,1.98408103,-0.213792995,0.930661976,0.381366104,94.13223267,973.9454956,998.2387695,20.82014084,20.65118027,20.14201927,22.24597931,23.5164299,57.84337997,43.72097015,2.11500001,0.0560633779
0.1622979999,0.1579378009,0.1229280949,0.1131538033,0.10731539729999999,0.034665569699999996,18.19694977,0.027528029547222225,1.988597989,-0.222972304,0.915798783,0.367674798,86.38031006,973.6326294,998.2382813,20.82024002,20.6513195,20.11849022,22.24941063,23.51557922,57.85943985,43.71725845,2.160000086,0.0560635328
0.16261450049999998,0.1573053002,0.1276846051,0.11288750169999999,0.1072955012,0.03025316,13.60923004,0.02753796471388889,1.993114948,-0.195672899,0.897259116,0.399014294,83.79633331,973.4805298,998.237915,20.8203392,20.65146065,20.11849022,22.25284958,23.51473999,57.87551117,43.70674133,2.1875,0.056063658
0.1626791954,0.1577404976,0.1266355991,0.1128880024,0.10727169510000001,0.030669719,13.38392944,0.027525051963888887,1.997632027,0.017714949,0.883193374,0.412046105,83.79633331,973.3283081,998.2374268,20.82043076,20.65160942,20.12895012,22.2562809,23.51388931,57.89157104,43.6962204,2.022500038,0.056063813
0.16249129769999998,0.157968998,0.124644804,0.1126595974,0.1072479963,0.0330956995,18.081809999999997,0.027498558891666667,2.002149105,-0.147392496,0.870619118,0.410311788,83.79633331,973.1760864,998.2368774,20.82052994,20.65175056,20.13941002,22.25971985,23.51304054,57.90763855,43.68569946,2.142499924,0.0560639381
0.1628116012,0.1574149013,0.1264508009,0.11230009789999999,0.1072242022,0.031518191099999995,15.37879944,0.027491936152777778,2.006665945,0.305490494,0.860887885,0.408577591,83.79633331,973.0239868,998.2365112,20.82062912,20.6518898,20.14986992,22.26314926,23.51218987,57.92370987,43.6751709,2.282500029,0.0560640872
0.1619735956,0.15774190429999999,0.12372679710000001,0.1126482964,0.1072304964,0.0336880088,19.09532928,0.027460147011111113,2.011183023,-0.04987777,0.852104425,0.38868469,72.86991119,972.8718872,998.2360229,20.82073021,20.65203094,20.16032982,22.26659012,23.51133919,57.93978119,43.66466141,2.092499971,0.0560642183
0.1628555059,0.15710699560000002,0.1278216958,0.11228439809999999,0.10724680419999999,0.0299201697,12.5885498,0.0274654452,2.011009932,0.020576,0.843321025,0.391008109,69.22776794,972.7197266,998.2354736,20.82082939,20.65217018,20.17078972,22.27001953,23.51049042,57.95584106,43.65412903,2.230000019,0.056064367299999994
0.1618793964,0.1572836995,0.1250977993,0.1127825975,0.1072550058,0.0320092708,17.075419619999998,0.02744391971111111,2.009274006,-0.006961746,0.834537506,0.385989904,69.22776794,972.567627,998.2349854,20.82092094,20.65230942,20.18124962,22.27346039,23.50964928,57.97190857,43.64361954,2.292500019,0.056064498399999996
0.1621099949,0.15661040539999999,0.1269515038,0.1127230048,0.10726050140000001,0.0303322107,12.22232971,0.027474717033333332,2.007536888,-0.151326403,0.828500628,0.375383407,69.22776794,972.4154053,998.2346191,20.82102013,20.65245056,20.19170952,22.2768898,23.50880051,57.98797989,43.63309097,2.117500067,0.0560646474
0.1614261031,0.156191802,0.12699320320000002,0.11318279499999999,0.10726599690000001,0.029617160599999998,12.589980319999999,0.027553528680555554,2.005800962,-0.230482504,0.836511493,0.384368986,69.22776794,972.8391113,998.2340698,20.82111931,20.6525898,20.20216942,22.28033066,23.50794983,58.00405121,43.62257004,2.05250001,0.0560647786
0.16104049680000002,0.1567633033,0.123792398,0.1133816004,0.1072715044,0.032399320599999996,16.50391998,0.02760667588888889,2.004065037,0.49253279,0.859822094,0.314476699,38.84389114,973.4547729,998.2335815,20.8212204,20.65273094,20.04006004,22.28376007,23.50709915,58.02011108,43.6120491,2.3125,0.0560649276
0.1617012978,0.1560878038,0.1260455012,0.1128546,0.107277,0.0307177812,11.01854019,0.0276484002,2.002327919,0.328498304,0.882256389,0.341419488,28.71593094,974.0703735,998.2332153,20.82131958,20.65287971,19.98514938,22.28720093,23.50625038,58.03617859,43.61264038,2.287499905,0.0560650587
0.16057180170000002,0.1562850952,0.1250918031,0.11344139579999998,0.10728249549999999,0.030995971,16.7914505,0.027628036075,2.000591993,-0.137140304,0.903185129,0.322473794,28.71593094,974.6859741,998.2327271,20.82140923,20.65302086,19.98514938,22.29063034,23.5053997,58.05224991,43.61693954,2.047499895,0.056065207699999994
0.1614814997,0.1562584996,0.12520509959999998,0.1131960034,0.107288003,0.0310979605,12.931880190000001,0.027631676991666666,1.998855948,-0.007915433,0.920283616,0.31331709,28.71593094,975.3016968,998.2321777,20.82151031,20.6531601,19.98514938,22.29406929,23.50455093,58.06832123,43.62123871,2.227499962,0.0560653389
0.1608603954,0.1556584001,0.1262541056,0.11311750410000002,0.1072934985,0.030010330699999997,12.72946014,0.02765022277777778,1.99711895,-0.167181507,0.921792805,0.366997093,28.71593094,975.9172974,998.2318115,20.8216095,20.65329933,19.98514938,22.29750061,23.50370026,58.0843811,43.62554169,2.242500067,0.0560654879
0.1607331991,0.15640740390000002,0.12211749549999999,0.1135864973,0.10729899409999999,0.0335409403,17.72559967,0.027684661016666664,1.995383024,0.165894404,0.90664351,0.305682808,69.18256378,975.7697754,998.2313232,20.82171059,20.65344048,20.0322094,22.30093956,23.50285912,58.05147934,43.62984085,2.347500086,0.056065630899999996
0.16120589970000002,0.15610879660000002,0.1226003051,0.11299790139999999,0.1073045015,0.0338070989,16.329400630000002,0.027740292019444442,1.993646979,-0.079561293,0.887531519,0.371674597,82.6714325,975.3677979,998.2307739,20.82180977,20.65357971,20.04789925,22.30437088,23.50201035,58.00223923,43.63414001,2.075000048,0.056065768
0.1605993986,0.1557631016,0.12333940269999999,0.1131245971,0.1073099971,0.0327694386,15.38166962,0.027806195166666665,1.991911054,-0.04844721,0.872164011,0.388636798,82.6714325,975.2086182,998.2302856,20.82191086,20.65372086,20.04789925,22.30780983,23.50115967,57.95301056,43.63843918,2.277499914,0.0560659111
0.1609529018,0.1560081005,0.12274329660000001,0.1131047964,0.10731550459999999,0.0330197603,13.489070129999998,0.027886666194444444,1.990174055,-0.183632597,0.858044624,0.370236397,82.6714325,973.4514771,998.2299194,20.8220005,20.65386009,20.04789925,22.31123924,23.5003109,57.90377045,43.64273071,2.132499933,0.0560660481
0.1606021047,0.1558172941,0.1244658947,0.11275709869999999,0.10732100010000001,0.0315422088,15.952450559999999,0.027965471472222222,1.98843801,0.554760873,0.847734094,0.38538149,43.50764847,973.2564697,998.2293701,20.82209969,20.65401077,20.04789925,22.3146801,23.49946022,57.85454178,43.64702988,2.065000057,0.056066191200000004
0.16103509659999998,0.15666040180000002,0.12133669849999999,0.1126626015,0.1073264956,0.0344806701,16.00753021,0.028034360666666668,1.988580942,0.076843619,0.838693082,0.358421594,30.45306015,973.7686768,998.2288818,20.82220078,20.65415001,20.04789925,22.31810951,23.49860954,57.8053093,43.65132904,2.047499895,0.0560663283
0.1618571997,0.1564990044,0.1235481024,0.11202770470000001,0.10733200309999999,0.0331124306,12.16082001,0.028124417194444445,1.989349008,-0.222614601,0.829652071,0.342932314,30.45306015,974.2808228,998.2285156,20.82229996,20.65428925,20.04789925,22.32155037,23.49776077,57.75606918,43.6556282,2.190000057,0.0560664713
0.1616230011,0.1568112016,0.1232202053,0.1125370979,0.1073374987,0.033278811000000005,13.905349730000001,0.02819261127777778,1.990118027,-0.016856261,0.8242805,0.33718729,30.45306015,974.7930298,998.2280273,20.82239914,20.65443039,20.04789925,22.32497978,23.4969101,57.70684052,43.65993118,2.292500019,0.056066608399999995
0.1623530984,0.1574385047,0.12310090069999999,0.1126137972,0.1073429942,0.0337132812,13.187229919999998,0.02825088925,1.990887046,0.337439209,0.820131898,0.308809102,30.45306015,975.3051758,998.227478,20.82249069,20.65456963,20.04789925,22.32842064,23.49607086,57.6576004,43.66423035,2.30250001,0.0560667515
0.16274219750000002,0.157555604,0.1265521049,0.1123954058,0.10734850170000002,0.030887380199999998,12.86822052,0.028316639805555554,1.991655946,-0.077415504,0.815983295,0.313601404,65.97624207,975.8173218,998.2271118,20.82258987,20.65471077,20.04789925,22.33185005,23.49522018,57.60837173,43.66852951,2.232500076,0.056066888599999996
0.16287130119999998,0.15841799969999998,0.12469249959999999,0.1126134038,0.10735399720000001,0.032863161,16.00753021,0.028384861416666667,1.992424965,-0.242522895,0.81379658,0.295898795,77.81730652,976.3295288,998.2266235,20.82268906,20.65485001,20.04789925,22.33529091,23.49436951,57.55913925,43.67282104,2.232500076,0.0560670316
0.16372799870000002,0.158849895,0.12440040109999999,0.11239140030000001,0.1072878957,0.0340175807,17.76707001,0.028447611055555554,1.993193984,-0.2368007,0.812264025,0.286065012,77.81730652,976.8416748,998.2260742,20.82279015,20.65498924,20.04789925,22.33872032,23.49352074,57.48548889,43.67712021,2.390000105,0.0560671687
0.1636878014,0.1590368032,0.12613489630000002,0.1124385953,0.10719799999999999,0.032739269700000004,17.27355042,0.02851647272222222,1.993963003,-0.122000501,0.810731173,0.315239996,77.81730652,977.3538208,998.2255859,20.82288933,20.65513039,20.04789925,22.34215927,23.49267006,57.40369034,43.67768097,2.230000019,0.0560673118
0.1644490004,0.15907590389999998,0.1277441978,0.1126407027,0.1071755052,0.0313006014,14.080599979999999,0.028614832555555556,1.994732022,0.752294123,0.809198499,0.305768996,77.81730652,977.2670288,998.2252197,20.82298088,20.65527916,20.04789925,22.34559059,23.49181938,57.32189941,43.67697906,2.190000057,0.056067448900000004
0.1640445948,0.1595641971,0.1243049979,0.1131157041,0.1071755052,0.0347708404,19.46083069,0.02865655475,1.995499969,0.083758026,0.807665825,0.315467089,71.95278168,976.9805298,998.2246704,20.82308006,20.6554203,20.04789925,22.34902954,23.49097061,57.24010086,43.6762886,2.3125,0.056067591900000005
0.164655304,0.1593333006,0.1287039042,0.1129801989,0.1071755052,0.030860269099999997,15.82870026,0.028709223000000002,1.996268988,0.403839797,0.806133091,0.313918591,69.99794006,976.6939697,998.2241821,20.82317924,20.65555954,20.04789925,22.35246086,23.49011993,57.15830994,43.67559052,2.154999971,0.056067729
0.1647384048,0.1600397944,0.1271422029,0.1130908012,0.1071755052,0.0321910411,17.13621063,0.028710221194444444,1.997038007,0.462014794,0.804600418,0.335663199,69.99794006,976.4074707,998.2238159,20.82328033,20.65570068,20.04789925,22.35589981,23.48926926,57.07651138,43.67490005,2.299999952,0.056067872
0.1652896047,0.1599730015,0.1289422989,0.11276559829999999,0.10715199710000001,0.031097459799999998,15.81869049,0.028538360583333335,1.997807026,-0.079918951,0.805597723,0.328974307,69.99794006,976.1209717,998.2233276,20.82337952,20.65583992,20.04789925,22.35932922,23.48843002,56.99472046,43.67420959,2.130000114,0.0560680091
0.165081799,0.1599719048,0.1296754003,0.1130427003,0.10715479850000001,0.030297559499999998,17.72059021,0.02829794352777778,1.998576045,-0.065017559,0.807438314,0.325540811,69.99794006,975.8344727,998.2227783,20.82346916,20.65597916,20.04789925,22.35924911,23.48757935,56.99542999,43.67351151,2.042500019,0.0560681522
0.16518139839999998,0.1604660988,0.12707070110000002,0.1132642031,0.10716899630000001,0.0329012305,19.013079830000002,0.02820952733333333,1.999344945,-0.1839903,0.809278905,0.30379191,53.38351059,975.5479736,998.2224121,20.82357025,20.6561203,20.04789925,22.3579998,23.48673058,57.02365112,43.6728096,2.332499981,0.0560682893
0.1654981017,0.1602311969,0.1282688022,0.11298689840000001,0.10718309880000002,0.0321972787,19.28988037,0.02824230616666667,1.999508977,0.043702971,0.811119497,0.337685108,47.84537125,975.2614746,998.2219238,20.82366943,20.65625954,20.04789925,22.35674095,23.4858799,57.05186844,43.67211914,2.174999952,0.056068432300000005
0.1650521994,0.1602295995,0.126820302,0.11340899470000002,0.10719729659999999,0.033410811400000004,19.66896973,0.028292971722222223,1.999470949,0.435192198,0.812960088,0.327945709,47.84537125,974.9749756,998.2213745,20.82377052,20.65640068,20.04789925,22.35548973,23.48502922,57.02766037,43.67142105,2.045000076,0.056068569400000004
0.1652075052,0.1596842051,0.129973495,0.11343020200000001,0.1072113991,0.030256021,14.65281067,0.028367805472222223,1.999433041,-0.01804837,0.81480068,0.319337696,47.84537125,974.6884766,998.2208862,20.82386971,20.65654945,20.04789925,22.35424042,23.48418045,56.98598099,43.67073059,2.337500095,0.05606871249999999
0.1648995996,0.1597378016,0.1288112044,0.1138764024,0.1072255969,0.0308730692,15.64346008,0.028400584333333333,1.999395013,-0.236681506,0.817767203,0.318308413,62.0944519,974.8004761,998.22052,20.82395935,20.6566906,20.25968933,22.3529892,23.48332977,56.94430161,43.67004013,2.170000076,0.056068849600000005
0.16476030349999998,0.1600705028,0.1279230952,0.11381939649999999,0.1072396994,0.0318536907,18.307099909999998,0.02838269338888889,1.999356985,-0.247172102,0.821108878,0.298278391,66.84414673,975.0452881,998.2199707,20.82406044,20.65682983,20.33028984,22.35173035,23.4824791,56.90261841,43.66933823,2.192500114,0.0560689926
0.1652472973,0.1599969983,0.1282569051,0.1135223031,0.1072538972,0.0318266392,16.18919983,0.028368445500000002,1.999318957,-0.211051106,0.824450672,0.315611511,66.84414673,975.2902832,998.2194824,20.82415962,20.65696907,20.33028984,22.35047913,23.48163986,56.86093903,43.66865158,2.027499914,0.056069141600000004
0.1649240017,0.1597880006,0.127660799,0.11372250319999999,0.1072679996,0.0324246407,16.94595947,0.028297610805555557,1.999282002,0.095917448,0.827792406,0.298288912,66.84414673,975.5352173,998.2191162,20.82426071,20.65711021,20.33028984,22.34922981,23.48078918,56.81925964,43.66794968,2.282500029,0.0560692728
0.1642765045,0.1597913027,0.12670710089999998,0.1140885949,0.10728219750000001,0.0331103891,20.00514984,0.028124749916666667,1.999243975,0.478942692,0.8311342,0.306432009,66.84414673,975.7800293,998.2186279,20.82435989,20.65724945,20.33028984,22.34796906,23.47994041,56.77758026,43.66725922,2.255000114,0.0560694218
0.165248096,0.1596889973,0.1291509032,0.11372790340000001,0.1072962999,0.030640330900000002,14.100619510000001,0.02797936122222222,1.999205947,-0.01840602,0.842097819,0.306364506,66.62615967,976.0249023,998.2180786,20.82444954,20.65739059,20.20969963,22.34671974,23.47908974,56.77935028,43.66656113,2.329999924,0.0560695529
0.1643069029,0.1598467946,0.1287754059,0.11384049650000001,0.10731049779999999,0.0309135407,20.02731934,0.027883027388888888,1.999168038,-0.239423394,0.862082422,0.298907489,66.55349731,976.2697754,998.2177124,20.82455063,20.65752983,20.16950035,22.34547043,23.47823906,56.79560852,43.66587067,2.137500048,0.056069701900000005
0.165000701,0.1598029017,0.1294607997,0.11373289820000002,0.10732460020000001,0.0303858906,15.83157043,0.02785752825,1.999130011,0.415403098,0.879023373,0.29145059,66.55349731,976.5147095,998.2172241,20.82464981,20.65766907,20.16950035,22.34421921,23.47739029,56.81187057,43.66516876,2.262500048,0.056069827100000004
0.1648566008,0.1596562982,0.1287217021,0.11367219690000001,0.10733879799999999,0.0310587913,14.83377991,0.027841777805555554,1.999091983,0.496109098,0.894229889,0.311754614,66.55349731,976.7595825,998.2166748,20.8247509,20.65781021,20.16950035,22.34296036,23.47653961,56.82812881,43.6644783,2.213749886,0.056069982100000006
0.1643758059,0.1597818017,0.13003309970000002,0.11393430229999998,0.10735290049999999,0.0296157807,19.34924927,0.027822583527777778,1.999055028,0.39680621,0.903417587,0.277355611,66.55349731,977.0045166,998.2161865,20.82485008,20.65796089,20.16950035,22.34170914,23.47569084,56.84439087,43.66378021,2.058749914,0.0560701072
0.16545759440000002,0.1599979997,0.1278753996,0.1135761023,0.10736709829999999,0.0319167912,15.136329649999999,0.027822721277777778,1.999017,-0.01125337,0.903567791,0.299199909,65.57730103,977.2493896,998.2158203,20.82493973,20.65810013,20.07830048,22.34045982,23.4748497,56.86064911,43.66308975,2.349999905,0.0560702622
0.1642959952,0.159584105,0.1280423045,0.11373239760000001,0.10738120079999999,0.0319592208,19.93934021,0.027805527583333333,1.998978972,-0.220468804,0.90137428,0.311187893,65.25190735,977.4943237,998.215271,20.82504082,20.65823936,20.04789925,22.33921051,23.47400093,56.87691116,43.66239166,2.400000095,0.0560703874
0.1637771964,0.159405303,0.1277382016,0.1138622999,0.1073953986,0.0318458289,15.63200989,0.02779227786111111,1.998940945,0.55678761,0.89918083,0.311272413,65.25190735,977.2526245,998.2147827,20.82514,20.65838051,20.04789925,22.33794975,23.47315025,56.8931694,43.6617012,2.125,0.056070542300000005
0.16390889879999998,0.15937479729999998,0.1254613996,0.11358599659999999,0.10741959809999999,0.0340037704,17.5889801,0.027764138116666667,1.998903036,0.021052871,0.900029123,0.344847709,65.25190735,976.8485718,998.2144165,20.82523918,20.65851974,20.04789925,22.33670044,23.47229958,56.90943146,43.6609993,2.144999981,0.056070667500000004
0.1641612053,0.15884480480000002,0.12794100049999999,0.113608098,0.10744709969999999,0.0314538002,14.59129944,0.02776943418611111,1.998865008,0.032139521,0.90189141,0.305305898,65.25190735,976.4447021,998.2139282,20.82534027,20.65866089,20.04789925,22.33544922,23.47145081,56.9256897,43.66030884,2.285000086,0.05607082249999999
0.1642307043,0.1591325998,0.1240785003,0.11376440530000001,0.1074746966,0.0347662389,15.046919249999998,0.027748239305555554,1.998828053,0.548561871,0.903753817,0.309538692,65.60256958,976.0407715,998.2133789,20.82542992,20.65880013,20.16555977,22.33419991,23.47060013,56.94195175,43.65961075,2.252500057,0.0560709476
0.1636636019,0.1588289022,0.12749990220000001,0.11358939409999999,0.10750230549999999,0.031632781,16.543249510000003,0.027729693519444442,1.998790026,0.149681598,0.905615985,0.292067587,65.7194519,976.0142212,998.2130127,20.8255291,20.65893936,20.20478058,22.33293915,23.47044945,56.95820999,43.65892029,2.125,0.0560711026
0.1644644022,0.1592331052,0.1273805976,0.1133038998,0.10752979519999999,0.0314483494,12.95189972,0.027721415625,1.998751998,0.609836519,0.907478273,0.28257829,65.7194519,976.1132813,998.2125244,20.82563019,20.65908051,20.20478058,22.33168983,23.47052956,56.97446823,43.65822983,1.985000014,0.0560712278
0.163835597,0.1591884971,0.1281198025,0.11320910449999999,0.107557404,0.0311133504,17.84147034,0.027695918613888888,1.99871397,0.404435813,0.90934062,0.305494487,65.7194519,976.2124023,998.2119751,20.82572937,20.65922928,20.20478058,22.33044052,23.47060013,56.99073029,43.65753174,2.272500038,0.0560713828
0.1647714019,0.1597604036,0.1282986045,0.11317789549999999,0.1075729012,0.0308899194,15.758610530000002,0.02766413158888889,1.998675942,0.570973694,0.911202908,0.275295496,63.1386795,976.3115234,998.2114868,20.82583046,20.65937042,20.11066055,22.3291893,23.47068024,57.00698853,43.65682983,2.349999905,0.0560715079
0.1647392988,0.1603003979,0.1256163001,0.1128103971,0.1075845003,0.0341441005,20.99508057,0.027647245194444444,1.998638988,0.167682499,0.913065195,0.298878312,62.27841949,976.4105835,998.2111206,20.8259201,20.65950966,20.07928085,22.32793045,23.47076035,57.02325058,43.65613937,2.160000086,0.0560716629
0.1651250958,0.1595600009,0.1308140039,0.1126405001,0.107596004,0.029486531,15.885929870000002,0.027649226719444444,1.99860096,0.736319482,0.914927483,0.302171409,62.27841949,976.5098267,998.2105713,20.82601929,20.6596508,20.07928085,22.32667923,23.47083092,57.03950882,43.65544891,2.039999962,0.0560717881
0.1649446011,0.16006900070000002,0.12496670480000001,0.11325550079999999,0.1076074958,0.0345933795,16.40877991,0.027633995480555555,1.998563051,0.773155808,0.91678983,0.290453792,62.27841949,976.6088867,998.210083,20.82612038,20.65979004,20.07928085,22.32542992,23.47090912,57.05577087,43.65475082,2.057499886,0.056071937100000004
0.1642202973,0.1592897058,0.1297112942,0.1133131981,0.10761909480000001,0.030357769099999998,18.20267944,0.02762936062222222,1.998525023,0.039053749,0.918652117,0.278736115,62.27841949,976.7081299,998.2097168,20.82621956,20.65992928,20.07928085,22.32416916,23.47098923,57.07202911,43.65406036,2.362499952,0.056072068200000005
0.1647186041,0.16023819450000001,0.1256402016,0.11349840159999999,0.10763059850000001,0.0336495489,19.56168976,0.027584985097222223,1.998486996,0.220612302,0.920108318,0.267018408,81.01011658,976.8071899,998.2092285,20.82632065,20.66007042,20.0322094,22.32291985,23.4710598,57.08827972,43.65335846,2.160000086,0.056072217199999996
0.164833498,0.1595901012,0.1275236964,0.1128550053,0.10764210219999999,0.0327145189,18.67402954,0.027587966919444446,1.998448968,-0.096727669,0.921429217,0.296356201,87.25401306,976.906311,998.2086792,20.82641029,20.66020966,20.01651955,22.32167053,23.47113991,57.10454941,43.65267181,2.202500105,0.0560723603
0.164675498,0.1593209028,0.1281077981,0.11316989660000001,0.1076537013,0.0314822614,14.90959015,0.02757902569166667,1.998412013,0.263408989,0.922749996,0.298191011,87.25401306,977.0053711,998.208313,20.82650948,20.6603508,20.01651955,22.32041931,23.47122002,57.12080002,43.65196991,2.137500048,0.0560724974
0.16451760529999998,0.1591150045,0.1266177058,0.1135604978,0.10766520500000001,0.0327032089,13.82595978,0.027566110822222222,1.998373985,0.05276303,0.924070895,0.286296487,87.25401306,976.8931274,998.2078247,20.82661057,20.66049957,20.01651955,22.31916046,23.47129059,57.13705826,43.65127945,2.339999914,0.0560726404
0.1633543968,0.1588001013,0.1283164978,0.1138344049,0.1076923013,0.0308393806,20.136759950000002,0.02755551656111111,1.998335958,0.969376981,0.925391674,0.289287508,87.25401306,976.7103271,998.2072754,20.82670975,20.66064072,20.01651955,22.31790924,23.4713707,57.15332031,43.65058136,2.247499943,0.056072777500000004
0.1644642949,0.15985330339999998,0.1256580949,0.1135105968,0.10772459510000001,0.0331556797,17.38941956,0.027539952597222223,1.998298049,1.511072993,0.926712573,0.297240406,56.88508987,976.5275269,998.2067871,20.82681084,20.66077995,20.18124962,22.31665993,23.47145081,57.16957855,43.6498909,2.242500067,0.0560729206
0.16451729539999999,0.1587759972,0.1297767997,0.1124117017,0.10763750080000001,0.030076509699999997,13.00554962,0.027559488083333333,1.998260021,0.407296896,0.927114308,0.343333215,46.76211929,976.3447266,998.2064209,20.82690048,20.66091919,20.23616028,22.31539917,23.47153091,57.18584061,43.649189,2.214999914,0.0560730577
0.1636468053,0.1589761972,0.1261229992,0.1136121988,0.1076153994,0.0326530397,15.14277039,0.027537634108333334,1.998221993,0.316100299,0.927209675,0.268616408,46.76211929,976.1619263,998.2058716,20.82699966,20.66106033,20.23616028,22.31414986,23.47159958,57.20209885,43.64849854,2.042500019,0.056073200700000006
0.1637251019,0.158605504,0.12734489440000002,0.11347609759999999,0.1076282024,0.0316313893,14.19718018,0.027523725297222225,1.998185039,0.01103915,0.927304983,0.288392603,46.76211929,975.979126,998.2053833,20.82710075,20.66119957,20.23616028,22.31290054,23.47167969,57.2183609,43.64780045,2.109999895,0.0560733378
0.16329180000000001,0.1588175058,0.1285668015,0.1135097027,0.10764110090000001,0.0300387114,17.571809390000002,0.02750054677222222,1.998147011,-0.216058001,0.92740041,0.284136713,53.09746933,976.1738281,998.2050171,20.82719994,20.66134071,20.11849976,22.31164932,23.4717598,57.23461914,43.64710999,2.164999962,0.0560734808
0.1640151978,0.15936640500000002,0.12658200260000002,0.11311789750000001,0.1076539993,0.0321683288,15.86161041,0.02748133977222222,1.998108983,-0.070143633,0.927495778,0.256425589,55.20925903,976.4942017,998.2045288,20.82729912,20.66147995,20.07928085,22.31039047,23.47183037,57.2508812,43.6464119,2.410000086,0.0560736179
0.16394900080000002,0.1587406039,0.1297410011,0.11266909839999999,0.1076468945,0.0296029299,15.3330307,0.027484319475,1.998070955,-0.188281804,0.927591205,0.313394099,55.20925903,976.8146973,998.2039795,20.82739067,20.66161919,20.07928085,22.30913925,23.47191048,57.26713943,43.64572144,2.212500095,0.056073761
0.1637807965,0.1594658971,0.1251216054,0.11321220400000001,0.1076331019,0.0336190403,18.317840580000002,0.02745782852222222,1.998033047,-0.247291297,0.927686572,0.286049604,55.20925903,977.1350708,998.2034912,20.82748985,20.66176987,20.07928085,22.30788994,23.47199059,57.28340149,43.64501953,2.217499971,0.0560738981
0.1640326977,0.1585626006,0.1285727978,0.112757802,0.10761929750000002,0.0308930904,14.5397995,0.027470080058333336,1.997995019,-0.247291297,0.92778188,0.280024499,55.20925903,977.128418,998.203125,20.82759094,20.6619091,20.07928085,22.30664063,23.47205925,57.29965973,43.64432907,2.414999962,0.056074041100000006
0.1635128975,0.15862549539999998,0.1281792998,0.1132665992,0.10760550499999999,0.0303831488,16.05688019,0.027485313416666667,1.997957945,-0.247291297,0.927877307,0.293610185,43.74914932,977.0125122,998.2025757,20.82769012,20.66205025,20.14986992,22.30537987,23.47213936,57.31592178,43.64363098,2.154999971,0.056074178200000005
0.1637310982,0.1594617009,0.12433480020000001,0.11316540239999999,0.1075917006,0.0342906505,19.25196991,0.027495911916666668,1.997920036,-0.125338405,0.927972674,0.289453,39.92911911,976.8964844,998.2020874,20.82778931,20.66218948,20.17340088,22.30413055,23.47221947,57.33218002,43.64294052,2.327500105,0.056074321299999993
0.1642927051,0.1588209987,0.12994970079999998,0.1124218941,0.10757789609999999,0.029512009,15.7164093,0.02757008658611111,1.997882009,-0.077892341,0.928067982,0.294448704,39.92911911,976.7805786,998.2017212,20.82788086,20.66233063,20.17340088,22.30287933,23.47229004,57.34843826,43.64225006,2.112499952,0.056074458400000006
0.16369789839999999,0.15944520239999999,0.12737469669999998,0.11301170590000001,0.10756410359999999,0.0314463109,19.357119750000003,0.027624725766666667,1.997843981,-0.204375297,0.928163409,0.304466814,39.92911911,976.6646729,998.2011719,20.82798004,20.66246986,20.17340088,22.30163002,23.47237015,57.36470032,43.64154816,2.30250001,0.0560746014
0.1649307966,0.1595406055,0.12347049709999999,0.1127421975,0.1075503945,0.0359746486,15.63845062,0.02768168131388889,1.997805953,-0.247291297,0.928258777,0.275595605,39.92911911,976.5488281,998.2006836,20.82807922,20.6626091,20.17340088,22.30036926,23.47245026,57.38095093,43.64085007,2.4375,0.0560747385
0.1633893013,0.1581045032,0.1285846949,0.11296240090000001,0.107536602,0.0309558988,16.9030304,0.027714129552777775,1.997768998,-0.247291297,0.928354084,0.304822385,57.7624588,976.4329224,998.2003174,20.82818031,20.66275024,20.12634087,22.29911995,23.47252083,57.39408875,43.64015961,2.150000095,0.0560748816
0.16362719539999998,0.1589555979,0.12274930479999999,0.1138196945,0.10752279760000001,0.0353552014,15.448899840000001,0.027702874077777776,1.99773097,-0.088144504,0.928449512,0.271203995,63.70690918,976.3170166,998.1998291,20.8282795,20.66290092,20.11064911,22.29787064,23.47260094,57.40616989,43.63946915,1.997499943,0.056075018600000005
0.1639325023,0.1579761982,0.1290912986,0.1129129052,0.10750900510000001,0.029864260599999998,13.795199579999998,0.027704196505555556,1.997692943,-0.193527207,0.928544879,0.308274597,63.70690918,976.2011108,998.1992798,20.82836914,20.66303062,20.11064911,22.29660988,23.47267914,57.41825867,43.63877106,2.332499981,0.0560751617
0.1633947968,0.15906859639999998,0.1270648003,0.11332139969999999,0.1074952006,0.030911511200000002,18.95657043,0.02766777038611111,1.997655034,-0.0106573,0.928640306,0.298562288,63.70690918,976.0852051,998.1987915,20.82847023,20.6631794,20.11064911,22.29536057,23.47275925,57.43035126,43.6380806,2.442500114,0.05607529879999999
0.164446497,0.1593930006,0.12584279780000002,0.1124848008,0.1074813962,0.0332257897,16.12769012,0.027657835219444447,1.997617006,-0.168492794,0.928735673,0.294686586,63.70690918,975.9692993,998.1984253,20.82856941,20.66332054,20.11064911,22.29410934,23.47282982,57.44244003,43.63737869,2.162499905,0.0560754418
0.1639719009,0.158741796,0.12847739460000002,0.1124025941,0.1074676037,0.0309155494,15.67171021,0.027642936705555555,1.997578979,-0.246933699,0.928830981,0.355400205,78.71002197,975.8533936,998.197876,20.8286705,20.66345978,20.22830963,22.29286003,23.47290993,57.45452118,43.63668823,2.265000105,0.0560755789
0.1642560959,0.15999519820000002,0.122796905,0.1130509019,0.1075252056,0.0359447509,17.12655945,0.027612802716666666,1.997542024,-0.039029531,0.928926408,0.264616102,83.71105957,975.4144897,998.1973877,20.82876968,20.66360092,20.26753044,22.29159927,23.47299004,57.46660995,43.63599014,2.412499905,0.056075721999999995
0.1647369981,0.1591997981,0.129013896,0.11236089469999999,0.1075131059,0.0309813112,13.297380069999999,0.027626380919444447,1.997503996,-0.161459297,0.929021776,0.294077396,83.71105957,974.867981,998.1970215,20.82887077,20.66374016,20.26753044,22.29034996,23.47306061,57.47869873,43.63529968,2.301249981,0.056075871
0.1643931985,0.1603219032,0.1267667055,0.1128563046,0.1074699044,0.0324330389,18.91651001,0.027583995394444442,1.997465968,-0.241807595,0.927321911,0.291832685,83.71105957,975.1702881,998.1964722,20.82896042,20.66387939,20.26753044,22.28910065,23.47314072,57.49079132,43.63460159,2.116250038,0.0560760021
0.16563370230000002,0.1607388973,0.1276250005,0.112193501,0.10742679829999999,0.0326968104,18.61394958,0.027570412952777776,1.99742806,-0.084568173,0.925023377,0.259384215,68.43929291,975.7556763,998.1959839,20.8290596,20.66402054,20.26753044,22.28784943,23.47322083,57.5028801,43.63391113,2.032500029,0.056076151100000006
0.1658599019,0.1612468004,0.1254493952,0.1121065974,0.10738359689999999,0.0352894306,20.5144104,0.02756544748888889,1.997390032,0.145628497,0.922725022,0.264477313,63.34869003,976.3411255,998.1956177,20.82916069,20.66415977,20.26753044,22.28659058,23.47330093,57.51496887,43.63320923,2.162499905,0.0560762823
0.1659417987,0.161075604,0.1287336946,0.1121973038,0.1073403955,0.0325130612,19.113200380000002,0.027564455669444442,1.997352004,1.458500981,0.920426726,0.327718198,63.34869003,976.9265137,998.1951294,20.82925987,20.66430092,20.26753044,22.28729057,23.4733696,57.52705002,43.63251877,2.112499952,0.05607643129999999
0.1668779016,0.1615924001,0.1265342951,0.1122197986,0.1072972059,0.0345412791,14.55625,0.027559818691666665,1.997315049,1.340481997,0.918128312,0.376680315,63.34869003,975.9052734,998.1945801,20.82935905,20.66444969,20.26753044,22.28862953,23.47382927,57.53913879,43.63182068,2.005000114,0.056076562399999995
0.165605402,0.1612550974,0.1297947049,0.1125476003,0.1072540998,0.0317976505,22.29542999,0.027570082347222222,1.997277021,0.704370975,0.915829897,0.340671211,63.34869003,974.3485107,998.1940918,20.82945061,20.66459084,20.26753044,22.28997993,23.47442055,57.55123138,43.63113022,1.987499952,0.0560767114
0.1672104001,0.1622858047,0.129389298,0.11248840090000001,0.1072108984,0.031865748799999996,18.05747986,0.027590946622222223,1.997238994,0.434238613,0.913531482,0.337087899,64.43714142,972.791687,998.1937256,20.82954979,20.66473007,20.40872955,22.2913208,23.47500992,57.56332016,43.63042831,2.140000105,0.0560768425
0.1669028997,0.1623898983,0.1294013023,0.1120291948,0.1071984053,0.0328845114,22.92342987,0.02759061601388889,1.997200966,-0.08421053,0.911233127,0.336496502,64.79995728,972.3903809,998.1931763,20.82965088,20.66486931,20.4557991,22.29265976,23.47559929,57.57540894,43.62974167,2.055000067,0.0560769916
0.167543602,0.1624186993,0.1278992057,0.1121837974,0.1071961999,0.0344906807,19.341380309999998,0.027590620252777778,1.997163057,0.1076001,0.908934712,0.330516487,64.79995728,972.3743286,998.192688,20.82975006,20.66501045,20.4557991,22.29401016,23.47617912,57.58749008,43.62903976,2.30250001,0.0560771227
0.1668689013,0.162063396,0.1248772025,0.1125694036,0.1071938992,0.0375415087,20.8598999,0.02760419209722222,1.99712503,0.29130441,0.906374276,0.3407529,64.79995728,972.3582153,998.1923218,20.82984924,20.66514969,20.4557991,22.29534912,23.4767704,57.59957886,43.6283493,2.400000095,0.0560772717
0.1662624955,0.1612221003,0.1317675948,0.11283940079999999,0.1071917057,0.030295771399999998,20.20328064,0.027633334266666667,1.997123003,-0.104238003,0.903726518,0.325451404,64.79995728,972.34198,998.1917725,20.8299408,20.66529083,20.4557991,22.29669952,23.47735977,57.61167145,43.62765884,2.160000086,0.056077402799999995
0.1670014977,0.1625380039,0.1275593996,0.1127835989,0.1071895003,0.0336626202,20.77763062,0.027631676991666666,1.997131944,-0.239184901,0.901078701,0.299835503,62.91569901,972.3258057,998.1912842,20.83003998,20.66543007,20.31362915,22.29804039,23.47794914,57.62376022,43.62696075,2.275000095,0.0560775518
0.1672116995,0.1618770957,0.1323099971,0.11187770370000001,0.1071871996,0.0302278906,20.11457977,0.027689959208333333,1.997141004,0.216082305,0.898430884,0.32137081,62.2876091,972.8637085,998.190918,20.83013916,20.66558075,20.26623917,22.29939079,23.47854042,57.635849,43.62627029,2.362499952,0.056077683
0.1673467994,0.162944901,0.128709805,0.11255049710000001,0.10718499420000001,0.0331672609,21.31551971,0.02772539138888889,1.997149944,0.185325801,0.895783126,0.301389813,62.2876091,973.5861816,998.1904297,20.83024025,20.66571999,20.26623917,22.30072975,23.47912979,57.64793015,43.62556839,2.174999952,0.05607783200000001
0.1675565004,0.1623430014,0.1301105022,0.1121158957,0.1071828008,0.0328343898,19.063150020000002,0.027766130236111113,1.997159004,0.221923605,0.893135309,0.325843692,62.2876091,974.3087769,998.1898804,20.83033943,20.66585922,20.26623917,22.30207062,23.47970963,57.66001892,43.6248703,2.230000019,0.05607795719999999
0.16731369499999998,0.16223460439999998,0.1304682016,0.11266460419999999,0.10718049999999998,0.0318747014,17.107600400000003,0.027770097519444446,1.997169018,0.644527018,0.890487492,0.325735986,62.2876091,975.031311,998.1893921,20.83042908,20.66600037,20.26623917,22.30341911,23.4803009,57.67211151,43.62417984,2.067500114,0.0560781121
0.16692010159999998,0.1621469975,0.13021190170000002,0.1129420042,0.1071782947,0.032022699700000004,18.14759979,0.027773407830555555,1.997177958,0.197008505,0.887839675,0.310384214,77.95993042,975.2919922,998.1890259,20.83053017,20.6661396,20.14954948,22.30475998,23.48089027,57.68420029,43.62348938,2.150000095,0.0560782373
0.1671051979,0.161916995,0.13089139460000002,0.112956202,0.10717610120000001,0.031212610000000002,17.03822021,0.027752543555555557,1.997187018,0.400740206,0.885191917,0.295032412,83.18403625,975.3986816,998.1884766,20.83062935,20.66628075,20.11064911,22.30610085,23.48147964,57.69628906,43.62279129,2.230000019,0.0560783923
0.1665531993,0.1624814987,0.1275236964,0.11319530010000001,0.1073055983,0.0343789786,23.72667999,0.027722076838888887,1.997195959,0.235990494,0.8825441,0.289332807,83.18403625,975.5053711,998.1879883,20.83073044,20.66641998,20.11064911,22.30744934,23.48207092,57.70837021,43.62210083,2.337500095,0.05607851740000001
0.1676231027,0.162053299,0.1306887031,0.11264970299999999,0.10724489690000001,0.031792739,17.51316071,0.02772638532777778,1.997205019,0.110222697,0.879896283,0.286850691,83.18403625,975.6121216,998.1876221,20.83082962,20.66655922,20.11064911,22.30879021,23.48265076,57.72045898,43.62139893,2.19749999,0.056078672399999994
0.16668180230000001,0.1620416999,0.1279587984,0.1129526019,0.1072574019,0.0340944111,20.72613983,0.027698567708333333,1.99721396,-0.158359796,0.878093481,0.279293686,83.22844696,975.718689,998.1870728,20.83091927,20.66670036,20.22830963,22.31014061,23.48324013,57.73255157,43.62070084,2.25999999,0.056078797599999994
0.1667472005,0.1618330002,0.12992579939999999,0.11330369709999999,0.10732020140000001,0.0321158111,18.75915985,0.027685983447222222,1.997223973,0.731789529,0.876572371,0.270044893,83.28765869,975.8253784,998.1865845,20.83102036,20.66684914,20.26753044,22.31147957,23.4838295,57.74464035,43.62001038,2.119999886,0.056078952599999995
0.16682850119999998,0.1622326016,0.1289543033,0.1131342053,0.1073830009,0.0328787893,20.40785065,0.02766942766111111,1.997233033,0.617108405,0.87505132,0.289064288,83.34687805,975.9321289,998.1862183,20.83111954,20.66699028,20.26753044,22.31282997,23.48442078,57.75672913,43.61931992,2.292500019,0.0560790896
0.1669430017,0.1625939012,0.1308140039,0.1128280997,0.1074458957,0.0314187109,22.63733063,0.027648237016666664,1.997241974,0.922408223,0.87353009,0.294872791,83.40608978,976.0388184,998.18573,20.83122063,20.66712952,20.26753044,22.31417084,23.48501015,57.76881027,43.61862183,2.182499886,0.0560792327
0.16793340439999999,0.1632083058,0.1264806032,0.1125218034,0.10750869510000001,0.036113360500000004,20.62241974,0.0276320076,1.997251034,0.786269128,0.872008979,0.293136686,83.46530914,976.1453857,998.1851807,20.83131981,20.66727066,20.26753044,22.3155098,23.48559952,57.78089905,43.61793137,2.1875,0.0560793698
0.1669893026,0.1620651007,0.1301344991,0.1127015948,0.1075153947,0.0330739111,21.11595001,0.02762936062222222,1.997259974,0.02725191,0.870487928,0.315177113,73.25621033,976.1160278,998.1846924,20.8314209,20.6674099,20.26753044,22.3168602,23.4861908,57.79299164,43.61722946,2.059999943,0.056079512799999995
0.1673035026,0.1621562004,0.1293715,0.11339540480000002,0.1075034976,0.03269355,17.020339970000002,0.027630685169444447,1.997269034,0.355082512,0.870090425,0.303564399,69.84824371,976.0410156,998.1843262,20.83151054,20.66754913,20.26753044,22.31819916,23.48677063,57.80508041,43.616539,2.355000019,0.05607964989999999
0.1667899013,0.1620434999,0.1305219054,0.11317210200000001,0.10749150510000001,0.0316343993,20.03376007,0.027618100908333332,1.997279048,-0.050950591,0.870067477,0.317667395,69.84824371,975.9661255,998.1837769,20.83160973,20.66769028,20.26753044,22.31954956,23.48736,57.81716919,43.61584091,2.410000086,0.056079793
0.1672616005,0.16225219959999998,0.1320299029,0.11301369670000001,0.10747959609999999,0.030013549299999998,18.78632965,0.02761230468888889,1.997287989,-0.246933699,0.870044589,0.299725205,69.84824371,975.8911743,998.1832886,20.83171082,20.66782951,20.26753044,22.32089043,23.48794937,57.82925034,43.61648941,2.194999933,0.056079930099999994
0.16743710039999998,0.16265950199999998,0.12964559790000002,0.11279549600000001,0.107497704,0.0326655209,20.13173981,0.027610318925000002,1.997297049,-0.100542501,0.87002182,0.308897913,69.84824371,975.8162842,998.1829224,20.83181,20.66797066,20.26753044,22.32222939,23.48854065,57.84133911,43.61756897,2.017499924,0.05608006719999999
0.16713930370000002,0.16214649679999998,0.1327808976,0.1130995035,0.10752580169999999,0.0298983186,19.360690310000003,0.02763465881388889,1.997305989,0.027609469,0.869998872,0.288022608,63.47232056,975.7415161,998.182373,20.83190918,20.66811943,20.29107094,22.32357979,23.48913002,57.8534317,43.61865997,2.317500114,0.0560802102
0.1675469041,0.1625341058,0.1292225003,0.11326229569999999,0.1075539947,0.0329240113,17.73202972,0.02765883339722222,1.997315049,0.182464704,0.869975984,0.286662012,61.3470192,975.666626,998.1818848,20.83200073,20.66826057,20.29891014,22.32492065,23.48970985,57.86552048,43.61973953,2.295000076,0.0560803473
0.1667773962,0.1620458961,0.1309867978,0.1133128047,0.1075821042,0.0315473109,20.51298981,0.027662143708333333,1.99732399,-0.128795505,0.869953096,0.29670769,61.3470192,975.6638794,998.1815186,20.83209991,20.66839981,20.29891014,22.32626915,23.49107933,57.87760925,43.62083054,2.377500057,0.0560804904
0.1671751022,0.1621498942,0.1294191957,0.1134891987,0.1076102018,0.032626810699999995,17.25567017,0.027650553386111113,1.997334003,0.274972498,0.869930208,0.293458015,61.3470192,975.6854858,998.1810303,20.8321991,20.66853905,20.29891014,22.32761002,23.49270058,57.8896904,43.62192154,2.434999943,0.056080627400000006
0.1674116015,0.1621978998,0.127392602,0.11349020000000001,0.1076383948,0.034757331,21.6473999,0.02764691035,1.997342944,-0.072170228,0.86990732,0.285776585,81.88067627,975.7069702,998.180481,20.83230019,20.66868019,20.29891014,22.32895088,23.49431992,57.90177917,43.6230011,2.35374999,0.0560807705
0.16703499559999999,0.1621140003,0.1304146051,0.1134186983,0.1076665044,0.0317868501,22.26824951,0.027619094849999998,1.997352004,-0.113536499,0.869884372,0.293826997,88.72522736,975.7285156,998.1799927,20.83239937,20.66881943,20.29891014,22.33029938,23.4959507,57.91387177,43.62408829,2.238749981,0.05608090759999999
0.1676941991,0.16301389930000001,0.1281137943,0.11307649609999999,0.107694602,0.0340014607,20.23117981,0.027596906025000003,1.997360945,0.016761269,0.871187627,0.282288194,88.72522736,975.7501221,998.1796265,20.83249092,20.66896057,20.29891014,22.33164024,23.49757004,57.92596054,43.62517929,2.315000057,0.0560810506
0.1674687982,0.1621633053,0.1309748054,0.1126440048,0.107722795,0.0320390195,18.14546051,0.027607504527777778,1.997370005,-0.158717498,0.872932911,0.320700496,88.72522736,975.7714844,998.1790771,20.8325901,20.66909981,20.29891014,22.33299065,23.49918938,57.93804169,43.62627029,2.057499886,0.0560811877
0.1673063993,0.162440896,0.12726739650000002,0.1135563016,0.1077288985,0.034895938599999995,19.94506073,0.027589622075,1.997378945,0.365811408,0.874678075,0.285712808,88.72522736,975.7930908,998.1785889,20.83268929,20.66924095,20.29891014,22.33432961,23.50081062,57.95013046,43.62734985,2.214999914,0.056081330799999995
0.1668944001,0.1620867968,0.1286800027,0.11349480149999999,0.1077275991,0.0337608308,21.14456024,0.027570082347222222,1.997388959,0.213221207,0.876423419,0.278147995,75.96855927,975.8145752,998.1782227,20.83279037,20.66938019,20.29891014,22.33567047,23.5024395,57.96221924,43.62844086,2.112499952,0.0560814679
0.16717669959999998,0.1623864055,0.1297469974,0.11344859599999998,0.1077263951,0.0323398113,18.50166016,0.027567104763888888,1.997398019,0.192001596,0.877192318,0.290036291,71.71633911,975.8361206,998.1776733,20.83288956,20.66953087,20.29891014,22.33702087,23.50406075,57.97431183,43.62953186,2.057499886,0.0560816109
0.1675418019,0.1623330951,0.13126100300000001,0.11307229999999999,0.10772520299999999,0.031125479900000003,17.03464966,0.027563457488888887,1.99740696,-0.035453148,0.877635777,0.301924497,71.71633911,975.8577271,998.1771851,20.8329792,20.6696701,20.29891014,22.33835983,23.50568008,57.98638916,43.63061905,2.13499999,0.056081748
0.167295301,0.16253709789999998,0.129025805,0.1132539034,0.1077239037,0.0333073407,19.47514038,0.027536307441666668,1.997416019,-0.088978954,0.878079176,0.297426701,71.71633911,975.8792114,998.1768188,20.83308029,20.66980934,20.29891014,22.33971024,23.50731087,57.99848175,43.63169861,2.144999981,0.0560818911
0.1674466014,0.162429297,0.1286681056,0.11337469819999998,0.1077226996,0.0338690609,18.23056946,0.027528690761111113,1.99742496,-0.045109291,0.878522694,0.287466913,71.71633911,975.9006958,998.1762695,20.83317947,20.66995049,20.29891014,22.34104919,23.50893021,58.01057053,43.63278961,2.019999981,0.0560820282
0.1668519974,0.1621626973,0.1315888047,0.11358610389999999,0.1077214956,0.0308348298,20.64459076,0.027530017427777775,1.99743402,-0.194003895,0.878966212,0.286482394,64.17941284,975.9221802,998.1757813,20.83328056,20.67008972,20.29891014,22.3423996,23.51054955,58.0226593,43.63388062,2.234999895,0.056082171199999996
0.1674751043,0.1628057003,0.13042650220000002,0.11351540090000001,0.10772019619999999,0.0317343086,19.64822998,0.027531341977777776,1.997444034,-0.247291297,0.879409611,0.271736294,61.66709137,975.9437256,998.175293,20.83337975,20.67023087,20.29891014,22.34374046,23.51217079,58.03532028,43.63496017,2.454999924,0.056082308299999994
0.1674319029,0.1624039054,0.1314695954,0.1130249977,0.1077190042,0.0313360602,20.001570129999998,0.027567435369444445,1.997452974,-0.246933699,0.881662726,0.301241487,61.66709137,975.965271,998.1749268,20.83346939,20.6703701,20.29891014,22.34507942,23.51379967,58.04817963,43.63605118,2.319999933,0.0560824513
0.1673889041,0.1625993013,0.1301702023,0.11335259680000001,0.10771780010000001,0.0322336704,21.158880619999998,0.027594261169444446,1.997462034,0.108315401,0.884518981,0.275827706,61.66709137,975.9868164,998.1743774,20.83357048,20.67050934,20.29891014,22.34642982,23.51542091,58.06103897,43.63713074,2.042500019,0.0560825884
0.1671921015,0.1626557946,0.1280601025,0.11338319779999999,0.10771650079999999,0.0345390707,23.83325043,0.027592271169444446,1.997470975,-0.128437907,0.887375295,0.267437488,61.66709137,976.0083008,998.1738892,20.83366966,20.67065048,20.29891014,22.34777069,23.51704025,58.07389069,43.63822174,2.262500048,0.0560827315
0.16720459459999998,0.1620219946,0.130587399,0.11340910200000001,0.10771529669999999,0.0320683986,20.93070068,0.02759988784722222,1.997480035,-0.219634399,0.890231609,0.272669613,71.22070313,976.0297852,998.1735229,20.83377075,20.67079926,20.29891014,22.34911919,23.51866913,58.08673859,43.63930893,2.247499943,0.0560828686
0.1670120955,0.1620509028,0.1280006051,0.1137204051,0.10771410470000001,0.0340214789,20.54803925,0.027595250872222223,1.997488976,0.035119768,0.893087924,0.267353594,74.40524292,976.0512695,998.1729736,20.83386993,20.6709404,20.29891014,22.35046005,23.52029037,58.09960175,43.64039993,2.420000076,0.056083011599999996
0.1662191033,0.1615507007,0.12737469669999998,0.11375819439999998,0.1077128053,0.0346761793,21.53368073,0.027591612075,1.997498989,0.335174114,0.895944178,0.281208307,74.40524292,976.072876,998.1724854,20.83395958,20.67107964,20.29891014,22.35180092,23.52190971,58.11246109,43.64147949,2.190000057,0.056083148699999995
0.16625360250000001,0.1611235976,0.1320894957,0.11368030309999999,0.10771160129999999,0.029461118600000002,17.75491943,0.027578364477777777,1.997508049,0.161125898,0.898763418,0.2824651,74.40524292,976.0944214,998.1721191,20.83406067,20.67122078,20.29891014,22.35314941,23.52352905,58.12530899,43.6425705,2.150000095,0.056083291800000004
0.1662812948,0.16220070120000002,0.1291270971,0.11360249520000001,0.1077103019,0.0319965094,21.19606934,0.02754425472777778,1.99751699,-0.166108593,0.901570022,0.277001798,75.80700684,976.1159058,998.1715698,20.83415985,20.67136002,20.20478058,22.35449028,23.52515984,58.13816833,43.6436615,2.25999999,0.056083428899999996
0.1671504021,0.1621368051,0.1304801941,0.1128587008,0.10770909790000001,0.0317205489,20.36849976,0.02753034803611111,1.99752605,-0.245264694,0.904376686,0.290890306,76.2742691,976.1375122,998.1710815,20.83426094,20.67149925,20.17340088,22.35584068,23.52677917,58.15102005,43.64474106,2.087500095,0.0560835719
0.1668284059,0.161690104,0.1286026001,0.11299049850000001,0.1076037049,0.0335342914,19.28486938,0.027525049844444444,1.99753499,-0.00910753,0.907183528,0.293188214,76.2742691,976.1588745,998.1705933,20.83435059,20.6716404,20.17340088,22.35717964,23.52840042,58.16387939,43.64582825,2.36500001,0.056083709
0.1660033941,0.16165750029999998,0.12665940520000002,0.1136988997,0.1076105952,0.0350306809,22.93701935,0.027506836786111113,1.99754405,0.152304307,0.909990191,0.252922386,76.2742691,976.180481,998.1702271,20.83444977,20.67177963,20.17340088,22.35852051,23.5300293,58.17673111,43.64691925,2.202500105,0.0560838521
0.1666118026,0.16128829719999999,0.1323518038,0.1133378983,0.1076663971,0.0293056905,18.03959045,0.0275180965,1.997552991,-0.141193405,0.912796915,0.280163914,76.2742691,976.2020264,998.1696777,20.83455086,20.67192078,20.17340088,22.35987091,23.53165054,58.18959045,43.64801025,2.244999886,0.0560840011
0.1666182995,0.1623397946,0.1314993978,0.1130481958,0.10766119960000001,0.0297889113,21.01009979,0.02749988343888889,1.997563004,-0.247768193,0.915603578,0.289886296,65.2256012,976.2235107,998.1691895,20.83465004,20.67206955,20.29107094,22.36120987,23.53326988,58.2024498,43.64908981,2.342499971,0.056084132200000004
0.1665300012,0.1627125978,0.1290436983,0.11249530320000001,0.10763549800000001,0.0332961887,19.533070369999997,0.027544585333333333,1.997571945,-0.247132406,0.918410301,0.284914613,61.54270935,976.2451172,998.1688232,20.83474922,20.67221069,20.33028984,22.36256027,23.53488922,58.21530151,43.65018082,2.255000114,0.056084281199999995
0.16645929809999999,0.1617853045,0.1292402983,0.1127671957,0.10760990379999999,0.0334722489,21.43782043,0.02760286755,1.997581005,-0.246496603,0.921217024,0.279942811,61.54270935,976.2626953,998.1682739,20.83484077,20.67234993,20.33028984,22.36389923,23.53652,58.22816086,43.65127182,2.055000067,0.0560844123
0.1666224003,0.16206580399999998,0.1284713984,0.11351189610000001,0.10758420230000001,0.0333138794,20.46791992,0.027608496347222223,1.997589946,0.428873986,0.924023688,0.260728896,61.54270935,976.2789917,998.1677856,20.83493996,20.67248917,20.33028984,22.36524963,23.53813934,58.24100876,43.65235138,2.119999886,0.0560845613
0.1673768044,0.1615463972,0.13285839559999998,0.11289060120000001,0.1075585008,0.029207348799999998,14.883129880000002,0.027623729705555558,1.997599006,-0.01089574,0.92493999,0.307062387,61.54270935,976.2952881,998.1674194,20.83503914,20.67263031,20.33028984,22.3665905,23.53976059,58.25386047,43.65343857,2.160000086,0.0560846925
0.1663923979,0.16237519979999998,0.1302654982,0.1131973028,0.1075328946,0.0312808812,23.41625061,0.027621743944444443,1.997607946,0.632605791,0.925226092,0.276842594,53.65832901,976.3115845,998.1668701,20.83514023,20.67276955,20.23616028,22.36792946,23.54138947,58.26671982,43.65452957,2.295000076,0.0560848415
0.1676705003,0.16258130070000001,0.1308794975,0.1127158999,0.107507205,0.0314957112,18.21269989,0.027693600125000002,1.99761796,0.269011915,0.925512195,0.2820099,51.03020096,976.3278809,998.1663818,20.83523941,20.67291069,20.20478058,22.36927986,23.54301071,58.27957916,43.65560913,2.25,0.056084972600000005
0.1676367044,0.162381804,0.13111799959999998,0.1123880982,0.1074815989,0.0314954609,16.56829987,0.027760160233333334,1.99762702,-0.171830699,0.925798297,0.310082287,51.03020096,976.3441772,998.1658936,20.83532906,20.67304993,20.20478058,22.37062073,23.54463005,58.23855972,43.65670013,2.130000114,0.056085121599999996
0.1674389958,0.1629946947,0.1286144972,0.1129323006,0.1074558973,0.0337779701,20.12315979,0.027829693694444445,1.997635961,0.550827026,0.926084399,0.2625328,51.03020096,976.3605957,998.1655273,20.83543015,20.67318916,20.20478058,22.37196922,23.54624939,58.17959976,43.65779114,2.190000057,0.0560852528
0.16835169789999999,0.1631371975,0.1283463001,0.11255320310000001,0.10743030309999999,0.034648400499999996,16.398060609999998,0.02790983411111111,1.99764502,0.654898286,0.926370502,0.28064999,51.03020096,976.3768921,998.164978,20.83552933,20.67333984,20.20478058,22.37331009,23.54788017,58.12062073,43.6588707,2.190000057,0.056085401800000004
0.1675143003,0.16323850150000002,0.13218489890000001,0.11281909939999998,0.10740460160000001,0.030952370200000003,23.218119809999997,0.027986000916666667,1.997653961,-0.034499541,0.926656604,0.280969709,83.91230774,976.3931885,998.1644897,20.83563042,20.67347908,20.18124962,22.37464905,23.54949951,58.06166077,43.6599617,2.329999924,0.0560855329
0.16922719479999998,0.16474260089999998,0.12854299549999998,0.11243829729999999,0.1073845983,0.0346954912,22.4298996,0.02804030525,1.997663021,-0.245026395,0.925390601,0.265259802,94.87300873,976.1848145,998.1641235,20.8357296,20.67362022,20.17554092,22.37599945,23.55112076,58.00268936,43.66104889,2.102499962,0.056085681899999996
0.1694918036,0.16359399560000001,0.13269749879999998,0.11172759530000001,0.1073665023,0.0320450991,22.99210052,0.028131694805555555,1.997673035,-0.243277907,0.923607171,0.309767812,94.87300873,975.9016113,998.1635742,20.83581924,20.67375946,20.1783905,22.37734032,23.5527401,57.94372177,43.66213989,2.0625,0.056085807099999996
0.1696455956,0.1648717046,0.1326557994,0.11220730539999998,0.10734829900000001,0.030938240900000004,24.61932983,0.02819397183333333,1.997681975,-0.241529495,0.92182368,0.286463708,94.87300873,975.6182861,998.1630859,20.83592033,20.6739006,20.18124962,22.37869072,23.55331039,57.88475037,43.66321945,2.327500105,0.0560859621
0.1710973024,0.1658995032,0.1308019996,0.11178970340000001,0.1072806954,0.0340696901,21.08663025,0.028276415944444445,1.997691035,-0.142028004,0.919348001,0.2957201,84.6312027,975.335083,998.1627197,20.83601952,20.67403984,20.1840992,22.38002968,23.5535202,57.82577896,43.66431046,2.087500095,0.056086099099999995
0.1704890966,0.16552799940000001,0.1348014951,0.11178920269999999,0.1071964979,0.031097939600000003,24.01208038,0.028353055305555555,1.997699976,-0.180175498,0.916641414,0.325595111,81.2172699,975.0518188,998.1621704,20.83612061,20.67417908,20.18695068,22.38137054,23.55373955,57.76681137,43.66540146,2.279999971,0.056086242200000004
0.1701360941,0.1660583973,0.1348729968,0.1123047948,0.1071755052,0.030654931099999998,22.58582001,0.028423917555555556,1.997709036,0.430543095,0.913934827,0.27164489,81.2172699,974.7686157,998.1616821,20.83621979,20.67432022,20.18980026,22.38272095,23.55394936,57.70783997,43.66648102,2.117500067,0.0560863793
0.17116680150000002,0.1659497976,0.1337465048,0.11201679710000001,0.1071755052,0.0323118597,19.84994049,0.02849827872222222,1.997717977,0.217512801,0.911228299,0.299444109,81.2172699,974.4852905,998.1611938,20.83632088,20.6744709,20.19265938,22.38405991,23.55417061,57.64886856,43.66756821,2.299999952,0.0560865223
0.1703197002,0.16568160059999998,0.13461680410000001,0.11261090039999999,0.1071755052,0.0313329786,24.949789430000003,0.028560360805555556,1.99772799,-0.136067405,0.908521712,0.294458985,81.2172699,974.5380859,998.1608276,20.83641052,20.67461014,20.19551086,22.38541031,23.55438042,57.57215118,43.66865921,2.089999914,0.0560866594
0.1712309957,0.16608029600000002,0.13308490509999998,0.1126706958,0.1071755052,0.0325967312,22.75462952,0.028617971222222222,1.99773705,-0.184586301,0.906196415,0.245237604,91.240242,974.7028198,998.1602783,20.8365097,20.67474937,20.19836044,22.38674927,23.55459023,57.48952103,43.66973877,2.192500114,0.0560868025
0.1704257011,0.1659474015,0.1331504941,0.1125478029,0.1071755052,0.0329298705,27.56122131,0.028679082666666664,1.997745991,-0.2269063,0.903998077,0.278284699,94.58123016,974.8676147,998.15979,20.83661079,20.67489052,20.20121002,22.38809013,23.55480957,57.40689087,43.67082977,2.140000105,0.056086939599999996
0.1700119972,0.1662348032,0.1349385977,0.1124668956,0.1071755052,0.031008759099999998,23.764599609999998,0.02874727672222222,1.997755051,0.320511103,0.901799917,0.263873011,94.58123016,975.0322876,998.1594238,20.83670998,20.67502975,20.20406914,22.38944054,23.55501938,57.32426071,43.67192078,2.279999971,0.056087082600000004
0.1708049059,0.166743803,0.1308794975,0.1123860002,0.1071755052,0.0353240103,26.564138789999998,0.028784722222222222,1.997763991,0.122263104,0.899601579,0.276202112,94.58123016,975.1970825,998.1588745,20.83680916,20.6751709,20.20692062,22.3907795,23.55524063,57.24163055,43.67300034,2.414999962,0.0560872197
0.1716279984,0.16574079989999999,0.1364884019,0.11230510469999999,0.1071755052,0.0302449614,21.50220032,0.028555889138888887,1.997773051,0.710569918,0.897403419,0.290255487,94.58123016,975.3618164,998.1583862,20.83690071,20.67531013,20.2097702,22.3921299,23.55545044,57.1590004,43.67409134,2.200000048,0.0560873628
0.1708734035,0.1664448023,0.131696105,0.1130887032,0.1071755052,0.0340446711,26.743679809999996,0.02830355538888889,1.997782946,0.266866207,0.895205081,0.260672212,78.73432159,975.5266113,998.1578979,20.83699989,20.67544937,20.21262932,22.39347076,23.55566025,57.15610886,43.67517853,2.24000001,0.056087499900000004
0.17132929560000001,0.1655805945,0.13726329799999998,0.1126088977,0.1071755052,0.029181501300000003,20.45505066,0.02826150047222222,1.997792006,-0.137736306,0.892516911,0.298972487,73.45201874,975.6912842,998.1574707,20.83709908,20.67559052,20.2154808,22.39481926,23.55587959,57.1797905,43.67626953,2.137500048,0.0560876429
0.1709066987,0.1659942031,0.1349089026,0.1130506992,0.1072281957,0.0306717694,23.63083038,0.028282695333333333,1.997740984,-0.127722502,0.889665306,0.2838552,73.45201874,975.8560791,998.1569824,20.83720016,20.67572975,20.21833038,22.39616013,23.5560894,57.20347977,43.67734909,2.382499933,0.05608778
0.1711825967,0.1663323045,0.1329180002,0.11280119420000001,0.10725820059999999,0.0330761611,24.14512024,0.028333723277777778,1.997668982,0.659905076,0.886813819,0.270491689,73.45201874,975.7385864,998.1564941,20.83729935,20.6758709,20.22117996,22.39749908,23.55631065,57.16302109,43.67844009,2.1875,0.056087917099999995
0.17167329790000002,0.16558799740000002,0.1356181026,0.1125067949,0.10727469919999999,0.0307141513,17.55536041,0.028403555555555553,1.997598052,0.115468003,0.885683715,0.308581412,73.45201874,975.5269775,998.1561279,20.8373909,20.67601967,20.22403908,22.39884949,23.55652046,57.10118103,43.6795311,2.127500057,0.0560880601
0.170007503,0.1658486962,0.13338890080000002,0.1135594964,0.10729110239999999,0.0321991593,26.453988650000003,0.028442666805555558,1.997527003,-0.189593196,0.885127425,0.296640813,67.69716644,975.3154907,998.1555786,20.83749008,20.67616081,20.22689056,22.40019035,23.55673027,57.03934097,43.68061066,2.042500019,0.0560881972
0.1715800047,0.165781796,0.1332100987,0.1130851984,0.107307601,0.0326099396,18.94011993,0.028486362027777778,1.997455955,0.170901194,0.884571016,0.327236295,65.77889252,974.7113037,998.1550903,20.83758926,20.67630005,20.22974014,22.40154076,23.55694962,56.97750092,43.68170166,2.182499886,0.0560883403
0.1698328018,0.1652413011,0.1336809993,0.11326500180000001,0.10732409949999999,0.032091251,26.165020750000004,0.02846086077777778,1.997383952,-0.111629099,0.884014726,0.326904297,65.77889252,973.9763184,998.1547241,20.83769035,20.67643929,20.23258972,22.40287971,23.55715942,56.91566086,43.68278885,2.315000057,0.0560884774
0.1708194017,0.1656409979,0.1311655998,0.11350150109999999,0.1073405981,0.034075608800000004,21.701759340000002,0.028339973027777778,1.997313023,-0.247827798,0.883458376,0.280911297,65.77889252,972.0230713,998.1541748,20.83778954,20.67658043,20.23545074,22.40422058,23.55738068,56.8538208,43.68386841,2.355000019,0.0560886204
0.1699053049,0.1647518039,0.1357254982,0.1131059051,0.1073570967,0.0299155712,23.47848053,0.028055528000000003,1.997241974,-0.248543099,0.882902086,0.339289814,77.85939026,971.5950928,998.1536865,20.83787918,20.67671967,20.30676079,22.40556908,23.55759048,56.88125992,43.68495941,2.075000048,0.056088757499999996
0.1700736046,0.1655884027,0.1343842983,0.11364829540000002,0.1074813962,0.0303675085,24.489149480000002,0.027889304694444443,1.997171044,-0.211885601,0.882345796,0.296279013,81.88622284,971.8109131,998.1531982,20.83798027,20.67686081,20.33028984,22.40690994,23.55780029,56.93846893,43.68605042,2.227499962,0.056088900600000005
0.1709722042,0.1652340055,0.13578499559999999,0.1127138019,0.1075199008,0.029803380400000003,19.36284027,0.027849555555555554,1.997099996,0.081492878,0.881789505,0.346122712,81.88622284,972.0266724,998.152771,20.83807945,20.67700005,20.33028984,22.40826035,23.55801964,56.99567032,43.68712997,2.099999905,0.0560890377
0.1698778033,0.16537330150000001,0.13284649850000002,0.1134407043,0.10751789810000001,0.0323874801,24.50131073,0.02782175063888889,1.997027993,-0.141670302,0.881233215,0.299344599,81.88622284,972.2426147,998.1522827,20.83818054,20.67715073,20.33028984,22.4095993,23.55822945,57.0528717,43.68822098,2.32249999,0.0560891807
0.1703734994,0.16506630179999998,0.1324710011,0.113372004,0.10751580000000001,0.0329023004,21.249000549999998,0.02781280516666667,1.996956944,-0.058460928,0.880639911,0.302306294,81.88622284,972.458374,998.1517944,20.83827972,20.67728996,20.33028984,22.41094017,23.5584507,57.07323074,43.68930817,2.202500105,0.0560893178
0.1696182013,0.1646775007,0.13251260520000002,0.11339889759999999,0.10751370190000001,0.032553648899999996,21.41851959,0.02778963936111111,1.996886015,-0.01894246,0.880034328,0.309240311,80.52039337,972.6740723,998.1514282,20.83838081,20.6774292,20.21261978,22.41229057,23.55866051,57.08129883,43.69039917,2.362499952,0.056089460800000004
0.1698279023,0.1645293951,0.1335021019,0.1136302948,0.1075116038,0.031175300500000003,18.54528961,0.027787999055555557,1.996814966,-0.050175771,0.879428685,0.306673408,80.06511688,972.8900146,998.1508789,20.83847046,20.67757034,20.17340088,22.41362953,23.55887032,57.08937836,43.69147873,2.372499943,0.056089597899999996
0.1696246028,0.1653506041,0.1286026001,0.11348680259999999,0.1075095057,0.0359268486,25.38538055,0.027764138116666667,1.996742964,-0.182798102,0.878823102,0.304106504,80.06511688,973.1057739,998.1503906,20.83856964,20.67770958,20.17340088,22.41497993,23.55908966,57.09745026,43.69256973,2.282500029,0.056089741000000005
0.1701884031,0.16499229669999999,0.13242919449999999,0.1128880024,0.107507503,0.0329213291,22.658070369999997,0.0277594969,1.996672034,0.016284419,0.878217518,0.29504469,80.06511688,973.3215942,998.1500244,20.83867073,20.67785072,20.17340088,22.4163208,23.55929947,57.10552979,43.69366074,2.25999999,0.056089878100000004
0.170192802,0.1655110955,0.1309986949,0.11292740109999999,0.1075054049,0.0339936286,23.576469420000002,0.027738967472222223,1.996600986,-0.159909606,0.877611876,0.283818007,80.06511688,973.5374146,998.1494751,20.83876991,20.67798996,20.17340088,22.4176693,23.55952072,57.11360931,43.6947403,2.252500057,0.0560900211
0.170401299,0.16546829940000002,0.1310464025,0.11299389600000001,0.10750329489999999,0.0344647288,23.58363037,0.027735655041666665,1.996530056,-0.239661798,0.878081322,0.272591293,60.18931961,973.7520142,998.1489868,20.83886909,20.6781292,20.05574036,22.41901016,23.55973053,57.12168884,43.6958313,2.309999943,0.0560901582
0.170381701,0.165367806,0.1327690005,0.1129863024,0.1075011969,0.0326993108,22.38484039,0.027726052602777777,1.996459007,0.1509929,0.878908873,0.303491294,53.56406021,973.9661255,998.1484985,20.83896065,20.67827034,20.01651955,22.42034912,23.55994034,57.12976074,43.69691849,2.24000001,0.0560903013
0.1702293038,0.1660066962,0.1335021019,0.11331249480000001,0.1074990988,0.0318307489,25.20084076,0.02771148257777778,1.996387005,0.01378098,0.879736602,0.279073209,53.56406021,974.1802979,998.1480713,20.83905983,20.67841911,20.01651955,22.42169952,23.56015968,57.13784027,43.69800949,2.24000001,0.0560904384
0.1713758945,0.1654822946,0.1345988989,0.1127367973,0.1074970961,0.0313961804,18.452299500000002,0.027704861958333334,1.996315956,1.308532953,0.880564272,0.297042608,53.56406021,974.3944092,998.147583,20.83916092,20.67856026,20.01651955,22.42304039,23.56036949,57.14590836,43.69908905,2.137500048,0.05609058139999999
0.169688797,0.16503740549999998,0.13030129669999999,0.11356250050000001,0.107494998,0.0351809591,25.02559967,0.027666117349999998,1.996245027,0.503738821,0.881391883,0.292594105,53.56406021,974.6085815,998.1470947,20.8392601,20.67869949,20.01651955,22.42439079,23.56059074,57.1539917,43.70018005,2.332499981,0.056090718500000004
0.1695615053,0.1647722006,0.1347656965,0.11397589450000001,0.1074928999,0.0301995397,23.17449036,0.027651547324999998,1.996173978,0.187590793,0.882219613,0.273394406,72.05960846,974.6168823,998.1467285,20.83935928,20.67884064,20.1574192,22.42572975,23.56080055,57.16205978,43.70125961,2.230000019,0.0560908616
0.1703171968,0.1652837992,0.13335310220000002,0.1134268045,0.1074908018,0.0313950509,20.20399017,0.027648898230555555,1.996101975,0.08661899,0.883047283,0.287532985,78.22479248,974.5568237,998.1461792,20.83945084,20.67897987,20.20438004,22.42707062,23.56101036,57.17013931,43.70235062,2.07249999,0.0560909986
0.1699488997,0.16522450449999998,0.13421740529999998,0.11318819520000001,0.10740109680000001,0.031066438600000003,24.5292099,0.027635322147222224,1.996031046,0.028682381,0.883875012,0.312784314,78.22479248,974.496521,998.1456909,20.83955002,20.67911911,20.20438004,22.42841911,23.56122971,57.17821884,43.70344162,2.347500086,0.0560911417
0.17063930030000002,0.1652215958,0.13193449969999999,0.11312320229999999,0.1074504972,0.0332900107,21.11739044,0.027618100908333332,1.995959997,-0.146438703,0.884702623,0.305982798,78.22479248,974.4362793,998.1453247,20.8396492,20.67926025,20.20438004,22.42975998,23.56143951,57.18629074,43.70452118,2.277499914,0.0560912788
0.1693863988,0.16466259960000001,0.13220269680000002,0.1134845972,0.10755590200000001,0.0330188811,24.38115997,0.027609327105555557,1.995888948,-0.056791969,0.885530293,0.288497001,73.58583069,974.3762207,998.1447754,20.83975029,20.67939949,20.2517395,22.43110085,23.56166077,57.19437027,43.70560837,2.107500076,0.0560914218
0.1696959019,0.1644675016,0.1322265983,0.113695395,0.10766129490000001,0.032435980399999995,21.269740300000002,0.027603367700000003,1.995818019,-0.169923306,0.886358023,0.28857249,72.03951263,974.315918,998.1442871,20.83984947,20.67954063,20.26753044,22.43244934,23.5596199,57.2024498,43.70669937,2.025000095,0.056091558900000005
0.1693389058,0.1644677997,0.12986030580000002,0.11351909639999999,0.10754239560000001,0.034648871399999996,23.956990049999998,0.027580019633333334,1.995746017,0.179126799,0.887185574,0.294501811,72.03951263,974.2556763,998.1437988,20.83993912,20.67968941,20.26753044,22.43379021,23.55682945,57.2105217,43.70779037,2.055000067,0.056091702
0.1688349962,0.1643177986,0.1312608957,0.1135738969,0.10749609470000002,0.0332207292,25.21802063,0.027578197055555555,1.995674968,0.485499293,0.888013303,0.281082302,72.03951263,974.1954956,998.1433716,20.84004021,20.67983055,20.26753044,22.43514061,23.55402946,57.21860123,43.70886993,2.182499886,0.056091851000000005
0.169769001,0.1645696998,0.1319584012,0.1132470012,0.1074988961,0.0323593795,21.013679500000002,0.02758548312777778,1.995604038,1.088230968,0.888840973,0.288237989,72.03951263,974.1353149,998.1428833,20.84013939,20.67996979,20.26753044,22.43647957,23.55124092,57.22666931,43.70996094,2.055000067,0.05609198210000001
0.1688547969,0.1644065022,0.13286440370000002,0.1132060051,0.1075016975,0.0317053288,25.53988037,0.027588299644444442,1.99553299,0.1796038,0.890485585,0.291235894,48.75754166,974.0750732,998.142395,20.84024048,20.68011093,20.05574036,22.43782997,23.54845047,57.23474884,43.71104813,1.962499976,0.0560921311
0.1698354959,0.1646939993,0.1314339042,0.1133149028,0.107504499,0.03297261,22.54864044,0.027608496347222223,1.995460987,0.1805574,0.89240253,0.289845109,40.99687958,974.0148926,998.1420288,20.84033966,20.68025017,19.98514938,22.43917084,23.54566002,57.24282074,43.71318054,2.234999895,0.056092262299999994
0.1690799952,0.1643483996,0.1350936055,0.1131090999,0.1075073004,0.029600331200000003,24.36255035,0.027619094849999998,1.995390058,-0.109244898,0.894319415,0.30788669,40.99687958,973.9547119,998.1414795,20.84042931,20.6803894,19.98514938,22.4405098,23.54286957,57.25090027,43.71567154,2.352499962,0.0560924113
0.16992750169999998,0.1648532033,0.1335916042,0.11340099569999999,0.10751010180000001,0.0307568312,21.6280899,0.027649226719444444,1.995319009,0.077320457,0.8962363,0.279429108,40.99687958,973.8944702,998.1409912,20.8405304,20.68053055,19.98514938,22.4418602,23.54007912,57.2589798,43.71815109,2.075000048,0.0560925424
0.17034579519999998,0.16535680290000002,0.1305456996,0.11326220039999998,0.1075129032,0.0343075007,27.11419067,0.027713470458333334,1.99524796,-0.137736395,0.896764874,0.294050187,40.99687958,973.8342896,998.140625,20.84062958,20.68066978,19.98514938,22.44319916,23.53727913,57.26705933,43.72063065,2.317500114,0.056092691400000005
0.1707936049,0.1648666024,0.13462870119999998,0.1129127979,0.1074134946,0.0307280689,19.03881989,0.027800223027777776,1.995175958,0.137998998,0.896830678,0.285659194,49.32513046,973.7739868,998.1400757,20.84073067,20.68081093,20.07926941,22.44454956,23.53449059,57.27513123,43.72312164,2.227499962,0.056092828500000004
0.1698840022,0.1649515986,0.1331087947,0.11339960099999999,0.10737080569999999,0.0317578912,20.91282043,0.027817111555555555,1.995105028,-0.064659931,0.896896482,0.282634199,52.10121918,973.7139282,998.1395874,20.84082985,20.6809597,20.11064911,22.44589043,23.53170013,57.28572845,43.7256012,2.287499905,0.0560929716
0.1702509046,0.1651654005,0.13291209939999998,0.11347340349999999,0.1073583961,0.0320394814,20.733290099999998,0.027827055194444443,1.995033979,1.049368024,0.896962285,0.286204308,52.10121918,973.6536865,998.1390991,20.84091949,20.68110085,20.11064911,22.44724083,23.52890968,57.29716873,43.72808838,2.142499924,0.056093108700000005
0.1700718999,0.1653262019,0.1316544056,0.11331670279999999,0.1073459983,0.0334758312,24.17229004,0.027821083055555557,1.99496305,0.231460601,0.897028089,0.311712295,52.10121918,973.4711914,998.1386719,20.84102058,20.68124008,20.11064911,22.44857979,23.52611923,57.30860901,43.73057175,2.200000048,0.0560932517
0.17002849579999998,0.1654870987,0.1358803988,0.1131600022,0.1073336005,0.0294415414,24.48843994,0.027807833361111114,1.994892001,-0.224045202,0.897094011,0.302032202,52.10121918,973.2479248,998.1381836,20.84111977,20.68137932,20.11064911,22.44992065,23.52331924,57.32004929,43.73305893,2.142499924,0.0560933888
0.1714324951,0.1669448972,0.1296813965,0.11277140379999999,0.10732120279999999,0.0358081102,22.9441803,0.027794583638888887,1.994819999,-0.2285752,0.897159815,0.278185308,73.68273926,973.0247192,998.1376953,20.84122086,20.68152046,20.11064911,22.45126915,23.5205307,57.33148956,43.73553848,2.357500076,0.0560935318
0.170775795,0.16597909930000002,0.1355466008,0.1124948978,0.1073086977,0.031398230799999996,24.83320007,0.02778930452777778,1.99474895,-0.154425904,0.897225618,0.306431502,80.87657928,973.1917114,998.1373291,20.84132004,20.6816597,20.11064911,22.45261002,23.51774025,57.34292984,43.73802185,2.162499905,0.056093668900000004
0.1717530012,0.167236197,0.13012249469999998,0.1131088018,0.1072962999,0.035856589700000004,23.00783997,0.027764797211111112,1.99467802,-0.0408177,0.897291422,0.269156396,80.87657928,973.4887695,998.1367798,20.84140968,20.68180084,20.11064911,22.45395088,23.5149498,57.35438156,43.74050903,2.19749999,0.056093812
0.1716807008,0.1663985014,0.1355108023,0.1124555945,0.10728390219999999,0.031725299400000004,22.48856049,0.027749896580555555,1.994606972,-0.181367606,0.897357225,0.3100425,80.87657928,973.7858887,998.1362915,20.84151077,20.68194008,20.11064911,22.45529938,23.51215935,57.36582184,43.74298859,2.037499905,0.0560939491
0.1717946053,0.1671164989,0.1345571041,0.1130365968,0.1072715044,0.0318413287,23.72095947,0.02772273805277778,1.994534969,0.203088194,0.896662772,0.284880191,71.83995056,974.0830078,998.1359253,20.84160995,20.68207932,20.0635891,22.45664024,23.5093708,57.3772583,43.74547958,2.292500019,0.056094092100000006
0.1721783996,0.16784080269999999,0.1311894059,0.11261529919999999,0.10725909469999999,0.035927000599999995,26.41965942,0.02770750893611111,1.99446404,0.846589923,0.895715117,0.279980808,68.82774353,974.0164795,998.135376,20.84170914,20.68222046,20.05462074,22.45799065,23.50657082,57.38869858,43.74795914,2.325000048,0.0560942292
0.1722771049,0.1666483045,0.1375910997,0.1124235034,0.10723659990000001,0.0302496612,20.57521973,0.02770618438611111,1.994392991,0.585756004,0.894767284,0.311600685,68.82774353,973.8286743,998.1348877,20.84181023,20.68236923,20.0635891,22.45932961,23.50378036,57.40013885,43.75043869,2.434999943,0.056094372299999994
0.17228070499999998,0.1678976059,0.129717195,0.1134024978,0.1072106957,0.0369310796,26.747970579999997,0.02766280916111111,1.994321942,-0.02841972,0.893819571,0.2850537,68.82774353,973.6409302,998.1343994,20.84189987,20.68251038,20.07254982,22.46068001,23.50098991,57.41157913,43.75292969,2.194999933,0.056094509400000006
0.173089695,0.16719169620000002,0.13490289449999998,0.11267499919999999,0.1071848989,0.0329946607,20.20256042,0.02766413158888889,1.994320989,1.213282943,0.892871916,0.296351105,68.82774353,973.453125,998.1339722,20.84199905,20.68264961,20.08152008,22.46202087,23.49819946,57.42301941,43.75540924,1.995000005,0.0560946524
0.1718114972,0.1676645994,0.1358386993,0.11315209870000001,0.10728609559999999,0.0313530385,26.7372406,0.02762571758611111,1.994343996,0.234440804,0.891924083,0.282853603,70.87130737,973.2653809,998.1334839,20.84210014,20.68279076,20.0904808,22.46335983,23.49541092,57.43445969,43.75790024,2.065000057,0.0560947895
0.17324370149999999,0.1684309959,0.1358744025,0.1126430035,0.10728369950000001,0.0317901701,23.72167969,0.02761114756388889,1.994367003,-0.101376899,0.890976429,0.290572196,71.55249023,973.0775757,998.1329956,20.84219933,20.68292999,20.09944916,22.46471024,23.49262047,57.44589996,43.76037979,2.257499933,0.0560949326
0.173406601,0.1684492946,0.1343307018,0.11234710219999999,0.1072325945,0.034100338800000005,23.73455048,0.02759028540833333,1.994390011,-0.198295593,0.890028715,0.31031391,71.55249023,972.8897705,998.1326294,20.84230042,20.68306923,20.10840988,22.46604919,23.48983002,57.45735168,43.76285934,2.377500057,0.056095069600000005
0.1727579951,0.16849700210000002,0.1375851989,0.1129490018,0.1071815014,0.0308641911,30.44159851,0.02756495369722222,1.994413972,-0.243953407,0.890018225,0.280980587,71.55249023,972.7020874,998.1320801,20.84239006,20.68321037,20.11737061,22.4673996,23.48703003,57.46878815,43.76535034,2.287499905,0.056095212699999994
0.1742097974,0.1697536945,0.13278690580000002,0.1125565052,0.1071303964,0.0357101589,27.717858890000002,0.02754044638611111,1.994436979,0.440079898,0.890320182,0.305776894,71.55249023,972.5142822,998.1315918,20.84248924,20.68334961,20.12634087,22.46874046,23.48423958,57.48022842,43.7678299,2.137500048,0.056095349800000006
0.174169302,0.16821570400000002,0.1390395045,0.1119253993,0.1070793986,0.030714228700000002,20.9149704,0.027555179597222226,1.994459987,1.011458993,0.890622318,0.337797999,82.79982758,972.3264771,998.1312256,20.84259033,20.68349075,20.13529968,22.47009087,23.48144913,57.4916687,43.77032089,2.362499952,0.0560954928
0.1739765048,0.1688575983,0.1352365971,0.1134999037,0.1070719957,0.0329790294,25.56277008,0.02752737045277778,1.994482994,0.118925303,0.890924275,0.298919201,86.54894257,972.0576782,998.1306763,20.84268951,20.68363953,20.14426994,22.47142982,23.47866058,57.50281906,43.77280045,2.307499886,0.0560956299
0.1739519954,0.1685505986,0.1386639953,0.1129881978,0.1070793033,0.0301936507,23.70594025,0.027529686822222222,1.994506001,-0.221064895,0.891226292,0.325831711,86.54894257,971.7617798,998.130188,20.8427906,20.68378067,20.15323067,22.47277069,23.47587013,57.5138588,43.77528,2.230000019,0.056095767
0.1739194036,0.1690263987,0.1334903002,0.1129032016,0.10708659890000001,0.0350603312,24.06786041,0.027509485880555556,1.994529009,0.624380291,0.891528308,0.318259805,86.54894257,971.4660034,998.1296997,20.84288025,20.68391991,20.16220093,22.47411919,23.47307968,57.52490997,43.777771,2.190000057,0.0560959101
0.1734899998,0.16878910060000002,0.13287630079999999,0.1129868031,0.10709379910000001,0.0361500502,27.135641479999997,0.027499220105555555,1.994552016,0.113083802,0.891830325,0.310342789,86.54894257,971.1702271,998.1292725,20.84297943,20.68405914,20.17115974,22.47546005,23.47027969,57.53594971,43.78025055,2.329999924,0.0560960472
0.1735792041,0.168345201,0.1375314951,0.11297550199999999,0.1071010947,0.0312575907,23.37619934,0.02753729926111111,1.994575024,0.210836902,0.892132282,0.309387296,88.20366669,970.8743286,998.1287842,20.84308052,20.68420029,20.00868034,22.47680092,23.46748924,57.54700089,43.78274155,2.342499971,0.05609619019999999
0.1735677004,0.16939369440000002,0.1336153984,0.11308590169999999,0.107108295,0.0347297907,27.479690549999997,0.027576048108333334,1.994598031,-0.102568999,0.892434299,0.291884392,88.75525665,970.5784912,998.1282959,20.8431797,20.68433952,19.95376968,22.47814941,23.4647007,57.55804062,43.7852211,2.217499971,0.056096327300000005
0.1743561983,0.16897540090000002,0.1393672943,0.112422204,0.1071156025,0.0300263196,24.96123962,0.02766214158888889,1.994621038,-0.247291297,0.892134309,0.33702749,88.75525665,971.3535156,998.1279297,20.84328079,20.68448067,19.95376968,22.47949028,23.46191025,57.5690918,43.78770065,2.105000019,0.0560964704
0.1743528962,0.1703930974,0.1339848995,0.11274180410000001,0.1071228981,0.0349904001,29.17773132,0.027677042219444444,1.994645,-0.247291297,0.89163363,0.293117404,88.75525665,971.4904175,998.1273804,20.84337044,20.6846199,19.95376968,22.48084068,23.4591198,57.58013916,43.79019165,2.079999924,0.0560966074
0.1752024055,0.169380796,0.140011096,0.11225049499999999,0.1071300983,0.0303820401,22.7803894,0.027719099255555556,1.994668007,-0.246218398,0.891132891,0.336488008,48.97592163,971.2957153,998.1268921,20.84346962,20.68475914,20.07143021,22.48217964,23.45632935,57.59117889,43.79267883,2.267499924,0.0560967505
0.1743756056,0.16995819809999999,0.1331146955,0.1130944967,0.10713740590000001,0.0362660795,27.89596863,0.027696584066666665,1.994691014,-0.141789496,0.890632212,0.289578408,35.71614075,971.1010132,998.1265259,20.84357071,20.68490982,20.11064911,22.48352051,23.4535408,57.60223007,43.79515839,2.067500114,0.0560968876
0.1745733023,0.1694857955,0.1337882996,0.11311349870000001,0.1071445942,0.0361698985,25.68579102,0.0277038659,1.994714022,-0.207236394,0.891876698,0.311039805,35.71614075,970.906189,998.1259766,20.84366989,20.68504906,20.11064911,22.48487091,23.45074081,57.61326981,43.79764175,2.347500086,0.0560970306
0.1745537043,0.16926740410000002,0.1368878007,0.1130903006,0.1071519017,0.032598060400000003,23.6315506,0.027688632541666668,1.994737029,-0.245622396,0.893702984,0.336978704,35.71614075,970.7114868,998.1254883,20.84376907,20.6851902,20.11064911,22.48620987,23.44795036,57.62432098,43.80012894,2.424999952,0.05609716769999999
0.17476049659999998,0.1700230002,0.1338716984,0.11301610470000001,0.10715919730000001,0.0353957087,25.36392975,0.027651545205555555,1.994760036,-0.05738803,0.89552933,0.311056405,35.71614075,970.5167847,998.125,20.84386063,20.68532944,20.11064911,22.48476982,23.44515991,57.63536072,43.80260849,2.102499962,0.0560973108
0.1751306057,0.16923799509999998,0.138032198,0.1124330044,0.10716639759999999,0.0319909096,20.65818939,0.027649557325,1.994783044,1.180739045,0.897355676,0.346841514,79.35652924,970.3220215,998.1245728,20.84395981,20.68547058,20.04005051,22.4854393,23.44236946,57.6464119,43.80509949,2.285000086,0.0560974479
0.1739115953,0.1699193001,0.1374063015,0.1134058952,0.10717370509999999,0.0318317086,28.42955933,0.027620419397222224,1.994806051,0.208691195,0.899182022,0.296074092,93.90332794,970.1273193,998.1240845,20.8440609,20.68560982,20.01651955,22.48711967,23.43958092,57.65745926,43.80757904,2.440000057,0.05609759090000001
0.17553030249999999,0.1702304006,0.1376924038,0.112696898,0.10709869860000001,0.0322269112,23.389790339999998,0.02761677424166667,1.994829059,-0.1915005,0.901008308,0.30255419,93.90332794,969.9326172,998.1235962,20.84416008,20.68574905,20.01651955,22.48880959,23.43678093,57.66849899,43.81005859,2.317500114,0.056097728
0.1747207999,0.1701897979,0.1364467025,0.11271359919999999,0.10709869860000001,0.0338278204,28.88232117,0.02759028540833333,1.994851947,-0.187685803,0.902834594,0.340523988,93.90332794,970.9918213,998.12323,20.84425926,20.6858902,20.01651955,22.4904995,23.43399048,57.67955017,43.81254959,2.224999905,0.056097871099999995
0.1753522038,0.16989339590000002,0.1398620009,0.11289679999999999,0.10713280439999999,0.030342408999999997,25.35462952,0.027591612075,1.994874954,0.174477607,0.904660881,0.390709698,93.90332794,969.7180786,998.1226807,20.84435081,20.68604088,20.01651955,22.49218941,23.43120003,57.6905899,43.81502914,2.015000105,0.05609800820000001
0.174959898,0.17098540069999998,0.1391587019,0.11297149660000001,0.1071670055,0.0307346702,31.550979610000002,0.027575386894444446,1.994899035,-0.111271396,0.906487226,0.3916623,53.5867691,967.5274048,998.1221924,20.84445,20.68618011,20.06263924,22.49386978,23.42840958,57.70164108,43.81752014,2.107500076,0.0560981512
0.17678940299999998,0.1711657047,0.13696529870000002,0.1121564984,0.10711129900000001,0.0340201408,24.51132965,0.02758664237222222,1.994922042,-0.247291297,0.908313513,0.391519397,40.14791107,965.336792,998.1218262,20.84454918,20.68631935,20.07912064,22.49555969,23.42561913,57.71268082,43.81999969,2.085000038,0.0560982883
0.17491999860000002,0.1700991035,0.136601603,0.1127105951,0.10702559949999998,0.03456406,29.73063965,0.027594589658333335,1.994945049,-0.247291297,0.910139918,0.396933913,40.14791107,963.1461792,998.1212769,20.84465027,20.68646049,20.08061028,22.4972496,23.42283058,57.72372818,43.82247925,2.059999943,0.056098431299999994
0.17546739579999998,0.17006469959999998,0.1346644044,0.11346909999999999,0.1070683956,0.0354346514,24.45482025,0.027640950944444444,1.994968057,0.872458875,0.911966085,0.346201986,40.14791107,960.9556274,998.1207886,20.84474945,20.68659973,20.08209038,22.49893951,23.42003059,57.73477936,43.82497025,2.105000019,0.05609856840000001
0.1744361997,0.1695536017,0.13813350200000002,0.1130895019,0.10715409520000001,0.031931141,27.32374878,0.027695918613888888,1.994990945,0.125601098,0.913792491,0.365429789,75.47371674,961.0003052,998.1203003,20.8448391,20.68674088,20.08357048,22.50061989,23.41724014,57.74581909,43.8274498,2.337500095,0.056098711499999995
0.1750080943,0.17018560170000002,0.13875939850000002,0.11315449479999999,0.1071755052,0.0307942808,26.20434875,0.027734998066666666,1.995013952,-0.193944395,0.915618777,0.338845193,87.24899292,961.7902222,998.119873,20.84494019,20.68688011,20.08506012,22.5023098,23.41444969,57.75687027,43.8299408,2.327500105,0.056098848599999994
0.1754377007,0.1706990957,0.1358268023,0.1125668049,0.1071755052,0.0343588591,29.02107849,0.02774111853611111,1.99503696,-0.1221793,0.917445123,0.371383101,87.24899292,962.5800781,998.1193848,20.84503937,20.68701935,20.08654022,22.50399971,23.41165924,57.76791,43.83242035,2.119999886,0.0560989916
0.17520489690000002,0.1698812008,0.1387415051,0.11253739599999998,0.1071755052,0.03195768,26.38962097,0.02773780822777778,1.995059967,0.05633932,0.91927141,0.374803185,87.24899292,963.3699951,998.1188965,20.84514046,20.68716049,20.08802032,22.50568962,23.4088707,57.77896118,43.8348999,2.217499971,0.0560991287
0.1752303004,0.1698719978,0.1373288035,0.1131178021,0.1071755052,0.0325524211,23.54429016,0.02774095535277778,1.995082974,-0.158002198,0.921097815,0.359156609,87.24899292,964.1599121,998.1185303,20.84523964,20.68729973,20.08950996,22.50737,23.40608025,57.79000092,43.8373909,2.382499933,0.056099271799999996
0.1743541956,0.1695858955,0.1383838058,0.1132735014,0.1071755052,0.0314881295,28.883041379999998,0.027709494697222222,1.995169997,-0.246933699,0.922923982,0.386003613,82.50350189,964.9498291,998.117981,20.84534073,20.68744087,20.09099007,22.50905991,23.40328026,57.80104828,43.83987045,2.082499981,0.0560994089
0.1750054002,0.1705255985,0.135045898,0.11325169799999998,0.1073011994,0.0345399886,30.126168819999997,0.027682673136111113,1.995278955,0.111534096,0.924750388,0.356598794,80.92166901,964.9019775,998.1174927,20.84543037,20.68758965,20.09247971,22.51074982,23.40048981,57.81209946,43.84236145,1.985000014,0.0560995579
0.175245595,0.1700623035,0.1365241051,0.1123957038,0.1072227955,0.0340014011,27.83230896,0.027674395244444445,1.995388031,-0.127722606,0.926576674,0.391144186,80.92166901,964.5748291,998.1171265,20.84552956,20.68773079,20.09395981,22.51243973,23.39769936,57.82313919,43.844841,2.349999905,0.056099688999999994
0.17466330530000002,0.1697088003,0.1364585996,0.1128882051,0.1072177052,0.033603671200000004,26.95754089,0.027646577622222224,1.995496035,0.439007014,0.92840302,0.370868713,80.92166901,964.2476807,998.1165771,20.84563065,20.68787003,20.09543991,22.5141201,23.39491081,57.83419037,43.84732056,2.125,0.056099838
0.1747848034,0.169064796,0.1380380988,0.1131366014,0.1072643042,0.0316705912,21.83695068,0.027645587922222225,1.995604992,0.678502083,0.930229306,0.38169381,80.92166901,963.9207153,998.1160889,20.84572983,20.68800926,20.09692955,22.51581001,23.39212036,57.8452301,43.84981155,2.279999971,0.056099981099999995
0.1734586,0.1691329002,0.1374241948,0.1137616038,0.1073109031,0.0316405892,29.05827942,0.027607504527777778,1.995713949,0.480373293,0.932055593,0.365774214,75.73448944,963.5936279,998.1156006,20.84583092,20.68815041,20.09840965,22.51749992,23.39134979,57.85628128,43.85147095,2.039999962,0.05610011820000001
0.1741899967,0.16919360160000002,0.14040449859999998,0.113219595,0.10735750200000001,0.0287283599,26.16716003,0.027602869669444443,1.995821953,0.39525649,0.933881879,0.3892712,74.00543213,963.2664795,998.1151733,20.84592056,20.68828964,20.09988976,22.51918983,23.39126015,57.86732101,43.8528595,2.035000086,0.0561002612
0.17444180250000002,0.1693683982,0.13760299680000002,0.11273020510000001,0.1073863029,0.031590569,25.79952087,0.027584985097222223,1.995931029,-0.087786883,0.934405982,0.40383929,74.00543213,963.1276245,998.1146851,20.84601974,20.68843079,20.10137939,22.52087021,23.3911705,57.87836838,43.85425949,2.0625,0.0561003983
0.1739878058,0.16884399649999998,0.1367208004,0.11299029590000001,0.10740909579999999,0.0326475799,26.083489989999997,0.027570082347222222,1.996039987,0.644050121,0.934495926,0.409331501,74.00543213,963.0515747,998.1141968,20.84612083,20.68857002,20.1028595,22.52256012,23.39108086,57.88941956,43.85565186,2.277499914,0.0561005414
0.1737318993,0.16842039820000002,0.134879005,0.1134433985,0.10743180510000001,0.033965000499999995,23.16949005,0.027575380536111114,1.99614799,0.091625869,0.934585929,0.414823711,74.00543213,962.9755249,998.1137695,20.84622002,20.68870926,20.1043396,22.52425003,23.39097977,57.90045929,43.85704041,2.244999886,0.056100678400000006
0.1724614978,0.1681159973,0.1365061998,0.1138962984,0.1074545979,0.0318436503,29.13695068,0.027555677625,1.996256948,0.6525141,0.934675813,0.39528209,86.4332428,962.4484863,998.1132813,20.8463192,20.68885994,20.10582924,22.5259304,23.39089012,57.91151047,43.85842896,2.089999914,0.056100821499999995
0.173517096,0.1685274959,0.1343186975,0.1133967996,0.10747740269999999,0.0337737709,26.4776001,0.027525874244444443,1.996366024,0.128462106,0.934765816,0.367395997,90.57584381,961.7711792,998.112793,20.84641075,20.68899918,20.10730934,22.52762032,23.39080048,57.92839813,43.85982132,2.237499952,0.056100958599999994
0.17273110149999998,0.1684223056,0.1387712955,0.1130671978,0.1075001955,0.029756230099999996,30.68765869,0.02750650617777778,1.996474028,-0.217607796,0.9348557,0.395735115,90.57584381,962.4954224,998.1123047,20.84650993,20.68914032,20.10880089,22.52931023,23.39071083,57.94725037,43.86120987,2.127500057,0.0561011016
0.1741739035,0.1690716028,0.1350936055,0.11289989949999998,0.10752300020000001,0.033328700100000004,26.08706055,0.027498558891666667,1.996582985,0.522931576,0.934945583,0.374141514,90.57584381,962.6389771,998.1118774,20.84660912,20.68927956,20.11027908,22.53100014,23.39061928,57.96609116,43.86260986,2.167500019,0.0561012387
0.1734375954,0.1685618043,0.1325306058,0.1125941992,0.1075456977,0.0365409315,28.82868042,0.02749326070277778,1.996690989,0.0116352,0.933564126,0.401104987,81.67595673,962.4332275,998.1113892,20.84671021,20.6894207,20.01652908,22.53268051,23.39052963,57.98493958,43.86399841,2.222500086,0.0561013818
0.1730471969,0.1679267049,0.1390812039,0.1132310987,0.1075685024,0.0294805586,24.81459961,0.027501869202777775,1.996799946,-0.245026305,0.931692123,0.381951094,78.7093277,962.227478,998.1109009,20.84680939,20.68955994,19.98514938,22.53437042,23.39043045,58.00379181,43.86539078,2.035000086,0.0561015189
0.1733953953,0.16909580230000001,0.1339432001,0.1134019017,0.10759129519999999,0.0339834988,25.390390009999997,0.02747041066388889,1.996909022,-0.246456906,0.92982018,0.38003999,78.7093277,962.0217896,998.1104736,20.84690094,20.68969917,19.98514938,22.53606033,23.39034081,58.02264023,43.86677933,2.112499952,0.0561016619
0.1738319039,0.1684180021,0.1389322996,0.1125571966,0.1075916052,0.030163601,24.61647949,0.027473723094444447,1.997017026,-0.223925903,0.927948177,0.391646892,78.7093277,961.8161011,998.1099854,20.84700012,20.68984032,19.98514938,22.53775024,23.39024925,58.04148102,43.86817169,2.190000057,0.056101798999999994
0.17380330559999999,0.1698822975,0.1370368004,0.11301259990000001,0.1075845003,0.0313811809,28.996771239999998,0.02745683246111111,1.997125983,-0.239542603,0.926076174,0.37244001,78.7093277,961.6104126,998.1094971,20.8470993,20.68998909,19.98514938,22.53943062,23.39015961,58.06032944,43.86956024,2.207499981,0.0561019421
0.17561910149999999,0.1699720025,0.1362738013,0.11214890479999999,0.1075773001,0.0336085111,21.86412048,0.02748829523611111,1.997234941,-0.247291297,0.924204171,0.400452793,72.17182922,961.4047241,998.1090698,20.84720039,20.69013023,20.05443954,22.54112053,23.39006996,58.07917023,43.87096024,2.359999895,0.0561020792
0.1741418004,0.1690394044,0.1384554029,0.11280519959999999,0.1075701952,0.031516560900000004,25.23446045,0.027579689025,1.997342944,-0.247291297,0.922332287,0.410399914,69.99266815,961.5032959,998.1085815,20.84729958,20.69026947,20.07933044,22.54281044,23.38997078,58.09801865,43.87234116,2.36500001,0.056102222199999996
0.1743204951,0.17035759690000002,0.1352604985,0.11369270090000001,0.107562995,0.033778891,29.01036072,0.027629691230555555,1.997452021,-0.026631569,0.917958915,0.376321614,69.99266815,960.1196289,998.1080933,20.84738922,20.69041061,20.08172035,22.54450035,23.38987923,58.11687088,43.87374115,2.140000105,0.0561023593
0.1754912019,0.1700371981,0.1388069987,0.1122992039,0.10755590200000001,0.0315505505,23.13444061,0.027667439777777778,1.997560978,-0.173738107,0.912751794,0.412036389,69.99266815,959.7583008,998.107605,20.84749031,20.69054985,20.08411026,22.54618073,23.38978958,58.13053894,43.8751297,2.257499933,0.0561025023
0.1748468995,0.17062569860000001,0.13934350010000002,0.11275689600000001,0.10754870180000001,0.0306937397,29.242099000000003,0.027664460075,1.997668982,-0.246933699,0.907544672,0.404794812,69.99266815,959.9136963,998.1071777,20.84758949,20.69068909,20.08649063,22.54787064,23.38969994,58.14247894,43.87651825,2.154999971,0.0561026394
0.1763586044,0.1717854977,0.1348909974,0.1124477983,0.10744349959999999,0.0356719613,30.398690800000004,0.027653202480555555,1.997778058,-0.234118506,0.902337492,0.374308586,51.22114944,958.4315796,998.1066895,20.84769058,20.69083023,20.08888054,22.54956055,23.38961029,58.15441895,43.87791061,2.11500001,0.056102782500000004
0.17610080239999998,0.1709985971,0.1416442037,0.1120815992,0.10737320180000001,0.0301203787,29.714898679999997,0.027652871875,1.997670054,-0.217190504,0.897071421,0.434218705,44.96397018,958.7451782,998.1062012,20.84778976,20.69096947,20.09127045,22.55125046,23.3895092,58.16635895,43.87929916,2.082499981,0.0561029196
0.1767339945,0.1723009944,0.13850300310000002,0.112728405,0.10736119749999999,0.032495570200000004,30.09541016,0.027622737883333335,1.997491002,0.305609792,0.891785622,0.377318889,44.96397018,958.1486816,998.1057739,20.84787941,20.69111061,20.09366035,22.55293083,23.38941956,58.17831039,43.88069916,2.069999933,0.056103062599999996
0.1771224022,0.171628201,0.1414355993,0.11200230120000002,0.10736119749999999,0.030865380199999997,26.629949950000004,0.027619425455555558,1.997310996,-0.065851986,0.886499822,0.389299899,44.96397018,956.9885254,998.1052856,20.8479805,20.69125938,20.09605026,22.55462074,23.38932991,58.1902504,43.88209152,2.362499952,0.056103199699999995
0.1767635942,0.1717723012,0.13955810070000002,0.11284719709999999,0.10736119749999999,0.032070151000000005,27.30874023,0.027595914205555554,1.99713099,-0.247052893,0.881214023,0.420464009,72.81725311,957.8123779,998.1047974,20.84807968,20.69140053,20.09844017,22.55631065,23.38924026,58.2021904,43.88348007,2.099999905,0.0561033428
0.17667880060000002,0.1721670985,0.1373883963,0.1130247951,0.10736119749999999,0.034383830399999996,31.18691101,0.027567435369444445,1.996950984,-0.246735007,0.877778888,0.384985596,82.10166931,957.6453857,998.1043701,20.84818077,20.69153976,20.10082054,22.55800056,23.38915062,58.2141304,43.88486862,1.995000005,0.056103479899999996
0.1767372012,0.1718987942,0.136500299,0.1127439976,0.10736119749999999,0.0356668502,30.051791379999997,0.027558826869444445,1.996772051,-0.246417195,0.87496078,0.37837711,82.10166931,956.9276733,998.1038818,20.84827995,20.69168091,20.10321045,22.55968094,23.38905907,58.22608185,43.88626099,2.255000114,0.056103622900000004
0.1760710001,0.1714475036,0.13475979570000002,0.1131961942,0.10736119749999999,0.03712762,32.11246948,0.02754525078611111,1.996592045,0.233963907,0.872142613,0.388051987,82.10166931,957.6928711,998.1033936,20.8483696,20.69182014,20.10560036,22.56137085,23.38895988,58.23802185,43.88764954,2.272500038,0.05610376
0.1760846972,0.1714565992,0.1360293984,0.1134552956,0.10736119749999999,0.0354143292,30.172671509999997,0.027544920180555554,1.996412039,0.189498201,0.869324386,0.384967387,82.10166931,957.4907837,998.1029053,20.84847069,20.69195938,20.10799026,22.56306076,23.38887024,58.24996185,43.88904953,2.047499895,0.0561038971
0.1768249989,0.1716192007,0.14011240009999998,0.11284849640000001,0.10736119749999999,0.0313431412,26.579888920000002,0.02754425472777778,1.996232033,-0.154783502,0.867102504,0.398395985,78.84696198,956.8015137,998.102478,20.84856987,20.69210052,20.11038017,22.56475067,23.38878059,58.26190948,43.89044189,1.972499967,0.056104040099999995
0.1767282963,0.171984899,0.14089920520000002,0.11274340149999999,0.10736119749999999,0.0307195991,29.45454102,0.027532664405555556,1.99605298,-0.246814504,0.865079284,0.41874671,77.76206207,956.1121826,998.1019897,20.84866905,20.69223976,20.11276054,22.56642914,23.38869095,58.27384949,43.89183044,2.194999933,0.05610417720000001
0.1774204969,0.1724184036,0.1384315014,0.11267939810000001,0.10736119749999999,0.0335830808,29.003921509999998,0.02755683898888889,1.995872974,-0.191381305,0.863056183,0.424536198,77.76206207,955.4229126,998.1015015,20.84877014,20.69238091,20.11515045,22.56811905,23.3885994,58.28578949,43.89321899,2.217499971,0.056104320299999996
0.1770774961,0.1724768043,0.1390455008,0.1127107024,0.10736119749999999,0.0333174199,31.99873962,0.027593928444444443,1.995692968,-0.227979198,0.861033022,0.425471902,77.76206207,954.7335205,998.1010742,20.84885979,20.69252968,20.11754036,22.56981087,23.38850021,58.29772949,43.89461136,2.3125,0.056104457399999995
0.1775769949,0.172616303,0.14069060090000002,0.1127967,0.10735960010000001,0.0317644,28.248599239999997,0.027793943611111115,1.995512962,0.069452569,0.859009802,0.426407605,77.76206207,953.621582,998.1005859,20.84896088,20.69267082,20.11993027,22.57150078,23.38841057,58.30966949,43.89599991,2.207499981,0.0561046004
0.1780228019,0.1724218011,0.14099459649999999,0.11273009780000001,0.1073254943,0.0316217095,24.9376297,0.02799461152777778,1.995334029,-0.098873504,0.856986582,0.453139305,88.52091217,952.3687744,998.1000977,20.84906006,20.69281006,20.12232018,22.57317924,23.38832092,58.25241089,43.89738846,2.204999924,0.0561047375
0.1770823002,0.1729691982,0.1403210044,0.1134456992,0.10728089810000001,0.0321007907,34.04296875,0.028100916555555557,1.995154023,-0.148942202,0.854963422,0.427233189,92.10719299,951.1160278,998.0996704,20.84915924,20.6929493,20.12470055,22.57486916,23.38822937,58.17208099,43.89878082,2.11500001,0.0561048806
0.1787304997,0.1734730005,0.14230589870000002,0.1128662944,0.1072363019,0.030663371099999996,28.976031490000004,0.028205555805555553,1.994974017,-0.139524505,0.854328871,0.439867198,92.10719299,949.8632202,998.0991821,20.84926033,20.69309044,20.12709045,22.57655907,23.38813972,58.09173965,43.90018082,2.252500057,0.0561050177
0.1781744003,0.1735806942,0.1429674983,0.1126023054,0.1071917057,0.0305054814,31.6125,0.02827144411111111,1.994794965,-0.220707193,0.85415709,0.449244499,92.10719299,948.6104126,998.0986938,20.84934998,20.69322968,20.12948036,22.57825089,23.38805008,58.01140976,43.90156937,2.234999895,0.056105160700000004
0.1789350986,0.1737673998,0.1410302997,0.1130568981,0.10720310209999999,0.0325504094,30.30285034,0.02834066602777778,1.994614959,1.009789944,0.853985488,0.430163592,92.10719299,947.3574829,998.0982056,20.84944916,20.69337082,20.13187027,22.57992935,23.3879509,57.93106842,43.90296173,2.210000038,0.056105297799999995
0.1784217,0.17357870339999998,0.1359578967,0.11333719490000001,0.10723320249999999,0.037809509000000005,31.44012146,0.028416139805555553,1.994434953,0.473220587,0.86271888,0.432558805,44.94511032,946.8253174,998.0977783,20.84955025,20.69351006,20.13426018,22.58161926,23.38785934,57.85073853,43.90435028,2.367500067,0.056105440900000005
0.1775387049,0.1727043033,0.1425801039,0.1138599992,0.1072633028,0.03099868,30.49525146,0.028482723222222225,1.994254947,-0.139643699,0.874420583,0.408595085,29.22442055,946.5333252,998.09729,20.84964943,20.69364929,20.13665009,22.58330917,23.3877697,57.770401,43.90573883,2.082499981,0.0561055779
0.17864680289999998,0.17412420509999998,0.1359817028,0.1139179945,0.10729340309999999,0.0367225289,30.048208620000004,0.02852244483333333,1.994076014,0.280098587,0.87544167,0.407593697,29.22442055,946.2412109,998.0968018,20.84975052,20.69379044,20.13903046,22.58499908,23.38768005,57.69007111,43.90713882,2.127500057,0.056105721
0.1782891035,0.1732249022,0.1400707006,0.11301610470000001,0.10732359890000001,0.0340535104,30.49667969,0.028578084305555553,1.993896008,-0.071931809,0.872902513,0.459353685,29.22442055,947.3261719,998.0963745,20.84984016,20.69393921,20.14142036,22.58667946,23.38759041,57.60974121,43.90853119,2.015000105,0.056105858099999996
0.178391397,0.173584199,0.14269930120000002,0.1137236953,0.1073536992,0.030525559200000003,28.093380739999997,0.028355556055555557,1.993716002,-0.247529805,0.870363295,0.4432154,69.2131424,946.854187,998.0958862,20.84993935,20.69408035,20.04788971,22.58836937,23.38750076,57.52939987,43.90991974,2.07249999,0.056106001100000004
0.17887970209999998,0.1747123957,0.1382526994,0.11363780500000001,0.1073629022,0.035347801400000003,32.23334961,0.028112165666666668,1.993535995,-0.178745002,0.867824078,0.441471785,82.54271698,945.7103271,998.0953979,20.85004044,20.69421959,20.01651955,22.59005928,23.38739967,57.56869888,43.91130829,2.117500067,0.0561061382
0.17968540189999999,0.17424349779999998,0.1379963994,0.1130802035,0.1073845983,0.0367214799,27.747909550000003,0.02806347316666667,1.993356943,-0.198653206,0.867624879,0.469862312,82.54271698,945.6812134,998.0949707,20.85013962,20.69436073,20.01651955,22.59174919,23.38731003,57.64786911,43.91270065,2.247499943,0.05610628720000001
0.1784595966,0.1740013957,0.1382526994,0.11379690170000001,0.10741289849999999,0.0359908313,30.756320190000004,0.02807641772222222,1.993177056,0.441510499,0.868205726,0.449698508,82.54271698,944.7700195,998.0944824,20.85024071,20.69449997,20.01651955,22.59342957,23.38722038,57.62163162,43.9140892,2.087500095,0.056106418400000004
0.1792893052,0.1735584021,0.1404521942,0.11384760140000001,0.1074411988,0.0335492492,23.69163971,0.028155555722222225,1.99299705,-0.020909449,0.868786514,0.485195905,82.54271698,943.4407959,998.0939941,20.85033035,20.69463921,20.01651955,22.59511948,23.38713074,57.56026077,43.9154892,2.057499886,0.056106567399999994
0.17972739929999998,0.1739366055,0.1419363022,0.1140393019,0.1074694991,0.0316221088,33.47146912,0.028197610638888888,1.992817998,-0.247410506,0.869367301,0.44197011,66.29853821,942.1116943,998.0935059,20.85042953,20.69478035,20.13418007,22.59680939,23.38703918,57.49888992,43.91687012,2.152499914,0.056106698499999996
0.1805649042,0.17539050579999999,0.1435755014,0.11332119700000001,0.1074465036,0.0303611606,31.05386963,0.02827277713888889,1.992637992,0.028086349,0.869948089,0.428184986,60.88380814,941.6953735,998.0930786,20.85053062,20.69491959,20.17340088,22.5984993,23.38694,57.43753052,43.91827011,2.119999886,0.0561068475
0.1806687951,0.1758633971,0.1436828017,0.1122437954,0.10740640159999999,0.031646329200000003,31.691171259999997,0.028338667555555558,1.992457986,-0.062871717,0.870528877,0.4983823,60.88380814,943.5239868,998.0925903,20.85062981,20.69506073,20.17340088,22.60017967,23.38685036,57.37615967,43.91965866,2.272500038,0.0561069787
0.1811650038,0.1756688952,0.1420972943,0.1126752973,0.10736629959999999,0.0337456614,29.698440549999997,0.02841847313888889,1.99227798,0.68875432,0.871109724,0.476183802,60.88380814,943.5441895,998.0921021,20.8507309,20.6952095,20.17340088,22.60186958,23.38676071,57.31478882,43.92105103,2.352499962,0.0561071277
0.1799610019,0.17577140330000002,0.1407502055,0.11360980270000001,0.10732619759999999,0.0349187493,35.10299072,0.028476083555555556,1.992099047,0.45784241,0.871690512,0.439112604,60.88380814,942.7459717,998.0916748,20.85082054,20.69535065,20.17340088,22.60355949,23.38666916,57.25342178,43.92243958,2.292500019,0.056107258800000004
0.1813760996,0.1754876971,0.1421270967,0.113329196,0.1073359013,0.0336443394,25.34604034,0.028562528833333333,1.991919041,-0.018406,0.872271299,0.445084095,55.90261078,943.8674927,998.0911865,20.85091972,20.69548988,20.12634087,22.60523987,23.38657951,57.19205093,43.92382813,2.255000114,0.056107407799999995
0.179430306,0.1748232961,0.1429674983,0.11383199690000001,0.1073621035,0.0325201988,32.108889770000005,0.028534694250000003,1.991739035,-0.210097402,0.872852087,0.462859511,54.24221039,945.6290283,998.0906982,20.85102081,20.69562912,20.11179924,22.60692978,23.38648033,57.13068008,43.92522049,2.309999943,0.0561075389
0.1802250981,0.1758162022,0.1427945971,0.1143038988,0.10738830569999999,0.0320286095,32.61958923,0.028436667111111112,1.991559982,0.131919205,0.874937117,0.39293769,54.24221039,945.4542847,998.090271,20.85112,20.69577026,20.11333084,22.60861969,23.38639069,57.06930923,43.92662048,2.24000001,0.056107688
0.1813428998,0.1760897994,0.1415071011,0.1127858043,0.1074144959,0.0343090504,29.383718870000003,0.028380082444444444,1.991379976,0.414211094,0.877523482,0.44790709,54.24221039,946.7116699,998.0897827,20.85121918,20.6959095,20.11486053,22.6103096,23.38629913,57.06196976,43.92800903,2.194999933,0.056107831
0.1806813002,0.1749688983,0.1442728996,0.1130005002,0.10744069810000001,0.0318168998,27.43963013,0.02835225,1.99119997,0.559648573,0.880109906,0.474158496,54.24221039,948.661499,998.0892944,20.85131073,20.69605064,20.11639023,22.61198997,23.38620949,57.07263184,43.9294014,2.107500076,0.0561079681
0.1801666021,0.175514102,0.13692350390000002,0.1142431021,0.10746690029999999,0.038045451,31.904321290000002,0.0282499165,1.991019964,1.228185058,0.882696271,0.408659607,67.39853668,948.7980957,998.0888062,20.85140991,20.69618988,20.11791992,22.61367989,23.38611984,57.08330154,43.93078995,2.305000067,0.056108111100000004
0.1795071959,0.17445110079999998,0.14597760440000002,0.11390149590000001,0.1074931026,0.0295364499,32.17470093,0.028180054555555556,1.990841031,0.189736605,0.885282695,0.438732713,71.78398132,949.4536133,998.0883789,20.85150909,20.69632912,20.11944962,22.6153698,23.38602066,57.09395981,43.9321785,2.357500076,0.0561082482
0.1803073049,0.17602859740000001,0.1436707973,0.114014101,0.1075193048,0.0307802111,33.38492126,0.028106861111111114,1.990661025,-0.234774202,0.88786912,0.405667305,71.78398132,950.4835815,998.0878906,20.85161018,20.6964798,20.12097931,22.61705971,23.38592911,57.10462952,43.93357086,2.109999895,0.056108391300000005
0.181092,0.17596549990000002,0.1460193038,0.11283719539999999,0.10746929649999999,0.0300093114,32.955770869999995,0.02804594463888889,1.990481019,-0.244787902,0.890455484,0.443530202,71.78398132,951.5136719,998.0874023,20.85170937,20.69662094,20.12251091,22.61874008,23.38583946,57.1152916,43.93497086,2.198750019,0.0561085284
0.1809952021,0.176116395,0.1434383988,0.1131868005,0.10739389660000001,0.03252711,34.45210876,0.027914165916666667,1.990301013,-0.248364195,0.893041909,0.447279394,54.32965088,952.5438232,998.0869751,20.85180092,20.69676018,20.1240406,22.62042999,23.38574982,57.12594986,43.93635941,2.423749924,0.0561086714
0.1806645989,0.1760112047,0.1386342049,0.1134843946,0.1074007988,0.0374822408,34.81759949,0.027835000361111112,1.990121961,0.76123482,0.895628273,0.427990288,48.51153946,951.5438843,998.0864868,20.8519001,20.69689941,20.1255703,22.6221199,23.38566017,57.13661957,43.93775177,2.1875,0.056108808499999996
0.1803339005,0.1742123008,0.1469252944,0.1135347962,0.10743520259999999,0.029085901400000003,25.09785004,0.02781280516666667,1.989941955,0.221327603,0.898214698,0.486546606,48.51153946,950.9160767,998.0859985,20.85199928,20.69704056,20.12709999,22.62380981,23.38555908,57.14728928,43.93914032,2.367500067,0.0561089516
0.1790596008,0.17508770229999998,0.14088130000000001,0.1149209023,0.1074694991,0.0333310395,34.04725952,0.027755192650000003,1.993381023,-0.202825606,0.900852084,0.443947613,48.51153946,950.6378174,998.0855713,20.85210037,20.69717979,20.12862968,22.62549019,23.38546944,57.15795135,43.94052887,2.497499943,0.0561090887
0.1803786039,0.17519949669999998,0.13897989989999998,0.11398349999999999,0.1075039029,0.0361078501,32.290560909999996,0.027745918697222222,1.99802494,-0.246993303,0.903506577,0.459701687,48.51153946,950.359375,998.085083,20.85219955,20.69732094,20.13015938,22.6271801,23.38537979,57.16860962,43.93643951,2.292500019,0.0561092317
0.1792904019,0.1741616011,0.1410123944,0.1137169957,0.10753829479999999,0.0341870487,32.00588989,0.027733501858333332,2.00267005,-0.247231707,0.90616101,0.450052887,70.45012665,950.0811157,998.0845947,20.8522892,20.69746017,20.13168907,22.62887001,23.38529015,57.17927933,43.93053055,2.055000067,0.056109368800000003
0.17903900150000002,0.17495659589999998,0.13862819669999998,0.114418304,0.10767209529999999,0.035533338799999994,32.183279420000005,0.027712972427777777,2.00731492,0.559529424,0.908815384,0.40025261,77.76300049,948.9730225,998.0841064,20.85239029,20.69761086,20.13322067,22.63055992,23.3852005,57.18994141,43.92461014,2.315000057,0.0561095119
0.1806123018,0.1747606039,0.1416741014,0.1132874966,0.10768070219999999,0.0332825392,23.025,0.027711817422222222,2.01196003,0.441510409,0.911469877,0.42000711,77.76300049,950.5952759,998.0836792,20.85248947,20.69775009,20.13475037,22.6322403,23.38511086,57.20061111,43.91868973,2.315000057,0.056109648899999996
0.1785328984,0.175505197,0.1428364038,0.11387929919999999,0.10763670210000001,0.031924140499999996,34.38200073,0.027674395244444445,2.0166049,-0.107337497,0.91412431,0.450168788,77.76300049,953.2200928,998.0831909,20.85259056,20.69788933,20.1362896,22.63393021,23.3850193,57.21126938,43.91278076,2.0625,0.056109792000000006
0.1804046988,0.1769466996,0.1427947044,0.11378940340000002,0.1075925946,0.0327104807,33.20181885,0.027646579741666667,2.01226306,-0.118900999,0.916778684,0.458618611,77.76300049,952.2545166,998.0827026,20.85268974,20.69803047,20.13781929,22.63562012,23.38492012,57.22193909,43.90686035,2.162499905,0.0561099291
0.1822664976,0.17677019830000001,0.144392097,0.11208809609999999,0.1075484991,0.0325545698,26.46542969,0.027646579741666667,2.004925013,0.135257095,0.919433117,0.54465878,88.11917114,951.8242188,998.0822754,20.85279083,20.69816971,20.13935089,22.63731003,23.38483047,57.24213028,43.90095139,2.130000114,0.0561100721
0.18084700110000002,0.1767086983,0.1457808971,0.11310299630000001,0.10750440359999999,0.0309892714,36.13153992,0.02762836880277778,1.997586012,-0.1336831,0.92208761,0.494951814,91.57122803,948.9105225,998.0817871,20.85288048,20.69831085,20.14088058,22.6389904,23.38474083,57.26549149,43.89503098,2.317500114,0.056110209200000004
0.1825513959,0.17862060070000002,0.14147139790000002,0.11313250059999999,0.1074604034,0.0352372795,35.85115967,0.027601875727777777,1.990249038,-0.243595794,0.922635317,0.475139886,91.57122803,944.9763794,998.0812988,20.85297966,20.69845009,20.14241028,22.64068031,23.38464928,57.28884888,43.92393112,2.337500095,0.0561103523
0.1837864041,0.1775730014,0.14786109919999998,0.11166440250000001,0.107416296,0.030759429900000003,27.54906006,0.027596246930555554,1.985627055,-0.035095569,0.922480822,0.533330083,91.57122803,944.9093018,998.0808716,20.85308075,20.69858932,20.14393997,22.64237022,23.38455963,57.31222153,43.96442032,2.44749999,0.0561104894
0.1820322037,0.1781391025,0.14703259470000002,0.113310504,0.1073722005,0.030540388800000002,38.662161250000004,0.027561806572222222,1.98190999,-0.176599205,0.922326326,0.477663487,91.57122803,944.628418,998.0803833,20.85317993,20.69873047,20.14546967,22.64406013,23.38446045,57.33557892,44.00492096,2.265000105,0.056110632400000006
0.18419289590000001,0.17915680409999998,0.1439272046,0.1129063964,0.10736119749999999,0.0342119694,33.706790160000004,0.027558165655555557,1.978193998,0.482757509,0.922171772,0.479385614,70.24500275,943.8466187,998.079895,20.85327911,20.69887924,20.14699936,22.64574051,23.3843708,57.35895157,44.04542923,2.137500048,0.056110769500000005
0.18346049790000002,0.1785832047,0.1474259973,0.11229050160000001,0.10736119749999999,0.031730750200000005,36.65011902,0.02755385928611111,1.974478006,-0.003623825,0.922017276,0.486235201,63.13626099,944.7998047,998.0794067,20.85337067,20.69902039,20.14852905,22.64743042,23.38427925,57.38230896,44.08592987,2.359999895,0.05611091259999999
0.18376469609999999,0.1791221023,0.14553649429999999,0.11297999620000002,0.10736119749999999,0.0330466896,36.22023926,0.027527698941666665,1.970760942,0.487764299,0.921862781,0.450776786,63.13626099,944.4290161,998.0789795,20.85346985,20.69915962,20.15006065,22.64912033,23.38418961,57.40568161,44.12643051,2.125,0.056111049700000006
0.1839596987,0.1794888973,0.1390990973,0.11257799859999999,0.10736119749999999,0.040022999,37.53561096,0.02750584496388889,1.975466013,0.534852684,0.921708286,0.4910703,63.13626099,946.1793823,998.0784912,20.85357094,20.69930077,20.15159035,22.6508007,23.38409996,57.429039,44.11899948,2.230000019,0.0561111927
0.18338500259999999,0.17730510230000002,0.1480816007,0.1126929045,0.10736119749999999,0.0314072102,30.15763855,0.02751312679722222,1.982977986,-0.030684769,0.921553791,0.502462506,53.78575897,946.5106812,998.0780029,20.85367012,20.69944,20.15312004,22.65249062,23.38400078,57.45240021,44.09558105,2.089999914,0.0561113298
0.1826593995,0.1787140012,0.145876205,0.114101696,0.10736119749999999,0.0314288288,35.92410889,0.02747438642777778,1.99048996,-0.2344165,0.921399295,0.452643603,50.66891861,946.0629272,998.0775757,20.8537693,20.69957924,20.15464973,22.65418053,23.38390923,57.47576904,44.0721817,2.3125,0.05611147279999999
0.18441749810000002,0.1787858963,0.1449643016,0.11266059879999998,0.10736119749999999,0.0337496787,29.11693115,0.027480013105555555,1.998003006,-0.246993303,0.9212448,0.49375999,50.66891861,947.2122192,998.0770874,20.85386086,20.69972038,20.15617943,22.65587044,23.38381958,57.49913025,44.0487709,2.095000029,0.056111609900000005
0.1827425003,0.177927196,0.14768229719999998,0.11293170450000001,0.10736119749999999,0.031140848999999998,35.45848083,0.027463787927777778,2.005515099,-0.247231707,0.920437992,0.480352491,50.66891861,948.8937988,998.0765991,20.85396004,20.69985962,20.15770912,22.65755081,23.38372993,57.52249908,44.02536011,2.035000086,0.056111747000000003
0.1833531022,0.1792814016,0.1437543035,0.1136111975,0.10736119749999999,0.0341853112,36.91476135,0.027439282736111112,2.00741601,-0.2244028,0.919413686,0.437112898,50.66891861,948.8411865,998.0761719,20.85405922,20.70000076,20.15924072,22.65924072,23.38364029,57.54586029,44.00194931,2.267499924,0.05611189009999999
0.1838145018,0.1785750985,0.1477777004,0.11226949690000002,0.10736119749999999,0.0315036893,29.57112122,0.02744259516388889,2.007447958,-0.239661798,0.918389499,0.487121999,83.64214325,949.4946289,998.0756836,20.85416031,20.70014,20.16077042,22.66093063,23.3835392,57.56922913,43.97854996,2.174999952,0.056112027200000004
0.1828001976,0.1791007042,0.147765696,0.1131446958,0.10736119749999999,0.030809271300000003,38.790908810000005,0.027419747247222223,2.007478952,-0.247291297,0.917365313,0.457155913,94.63321686,950.5759888,998.0751953,20.85425949,20.70027924,20.16230011,22.66262054,23.38344955,57.59259033,43.95513916,2.24000001,0.0561121702
0.184927702,0.1806717992,0.1422940016,0.1127599955,0.1073264003,0.0368067205,38.14859009,0.027415110269444445,2.007509947,-0.247291297,0.916341007,0.441765487,94.63321686,949.8461304,998.074707,20.85434914,20.70042992,20.16383934,22.66430092,23.38316917,57.61595917,43.93172836,2.130000114,0.0561123073
0.18454049830000002,0.1795171976,0.1499413013,0.1119483948,0.107280004,0.030730378600000004,36.85038147,0.027434319388888892,2.007541895,-0.247291297,0.91531682,0.51744771,94.63321686,950.807312,998.0742798,20.85445023,20.70056915,20.16537094,22.66599083,23.38282013,57.63932037,43.90832138,2.252500057,0.0561124504
0.1848083973,0.1810156941,0.1441954017,0.11302230360000001,0.1072335005,0.0353217989,38.697210690000006,0.027447234258333335,2.007572889,-0.016617831,0.914292514,0.448662013,94.63321686,948.3610229,998.0737915,20.85454941,20.7007103,20.16690063,22.66768074,23.38246918,57.66268921,43.91973114,2.242500067,0.0561125875
0.1857030034,0.1799589992,0.1481531978,0.1122262955,0.1071871042,0.0328624815,31.12683105,0.02758763631111111,2.003359079,-0.128914699,0.913268328,0.493265688,85.10443878,947.6154175,998.0733032,20.8546505,20.70084953,20.16843033,22.66937065,23.3821106,57.68605042,43.94274902,2.152499914,0.0561127305
0.1844007969,0.1801493049,0.14839760070000002,0.1132717013,0.1071755052,0.031561478999999996,37.630029300000004,0.027711151969444445,1.997730017,-0.233462796,0.912244022,0.447987586,81.92817688,947.9003906,998.072876,20.85474968,20.70099068,20.16996002,22.67104912,23.38175964,57.67850876,43.96577072,2.362499952,0.056112867600000005
0.1857254982,0.1811722994,0.1443681955,0.1128815055,0.1071755052,0.0358496487,37.46051025,0.027797582416666668,1.992100954,0.005197801,0.911219776,0.443105698,81.92817688,946.2459717,998.0723877,20.85485077,20.70112991,20.17148972,22.67274094,23.3814106,57.66065979,43.98878098,2.319999933,0.05611302259999999
0.1855754018,0.1803331971,0.14890429970000002,0.1122774959,0.1071755052,0.032291009999999995,35.1730896,0.027859499194444446,1.986472011,-0.163128302,0.911142528,0.495565802,81.92817688,947.3214111,998.0718994,20.85494041,20.70126915,20.17301941,22.67443085,23.38105965,57.64281845,44.01179886,2.227499962,0.0561131477
0.1854787946,0.1812476993,0.148606205,0.1130449057,0.1071755052,0.0317270607,38.8288208,0.02786447313888889,1.980841994,-0.2458608,0.911380887,0.439359099,81.92817688,945.7227783,998.0714722,20.8550396,20.70141029,20.0322094,22.67612076,23.3807106,57.62496948,44.03480911,2.1875,0.0561133027
0.186670804,0.1817955017,0.1462339044,0.11223299499999999,0.10717840190000001,0.0350137591,37.02492065,0.027862472527777776,1.975213051,-0.211408794,0.911619425,0.471139997,62.31227112,945.2218018,998.0709839,20.85514069,20.70155907,19.98514938,22.67779922,23.38035965,57.60712814,44.05783081,2.337500095,0.0561134279
0.1860383987,0.1812069058,0.1502274036,0.11232069730000001,0.1071823001,0.0315680087,38.85885925,0.027856833138888887,1.974921942,-0.2351318,0.911857784,0.489347607,55.77363968,945.5089111,998.0704956,20.85523987,20.70170021,19.98514938,22.67948914,23.37999916,57.58927917,44.08084869,2.359999895,0.05611358279999999
0.1865108013,0.1818601966,0.1502035975,0.1129276991,0.1071863055,0.031003230799999996,38.20080872,0.027838971888888887,1.976408958,-0.246993303,0.912096202,0.466864198,55.77363968,943.15448,998.0700073,20.85533905,20.70183945,19.98514938,22.68117905,23.37965012,57.57144165,44.10385895,2.200000048,0.056113708
0.18681720500000001,0.18191169499999998,0.149297595,0.11241710190000001,0.10719020370000001,0.0325626105,37.69726868,0.02782972125,1.977897048,-0.247231707,0.912334621,0.480882794,55.77363968,942.0001831,998.0695801,20.8554306,20.70198059,19.98514938,22.68287086,23.37929916,57.55358887,44.12688065,2.367500067,0.056113857
0.1865272999,0.1821683049,0.14700280429999998,0.11265670059999999,0.1071941018,0.0349089414,41.58044128,0.02780452727777778,1.979383945,0.418621987,0.91257298,0.474830508,43.74568939,941.5393066,998.0690918,20.85552979,20.70211983,20.10280037,22.68454933,23.37895012,57.53575134,44.14989853,2.170000076,0.0561139882
0.1871351004,0.1822412968,0.1464962006,0.1125174999,0.10719799999999999,0.0356720686,39.34523926,0.027791637833333334,1.983512044,-0.002074026,0.912811518,0.483455092,39.73637009,941.0784302,998.0686035,20.85563087,20.70225906,20.14201927,22.68623924,23.37859917,57.54307175,44.14524841,2.319999933,0.056114137200000004
0.1865507007,0.1813750982,0.1509845018,0.1126386046,0.1072018981,0.0312568694,37.25379028,0.02777407116388889,1.988518953,-0.235966295,0.913049877,0.481086791,39.73637009,940.6176147,998.0681763,20.85573006,20.70240021,20.14201927,22.68792915,23.37825012,57.55878067,44.13138962,2.174999952,0.056114268300000006
0.1867097974,0.18194179530000001,0.1484869003,0.11325900550000001,0.1072057962,0.032888189,38.712231450000004,0.027741949294444446,1.993527055,-0.188520297,0.912923515,0.472138792,39.73637009,940.0737915,998.067688,20.85582924,20.70253944,20.14201927,22.68961906,23.37789917,57.57448959,44.11751938,2.414999962,0.0561144173
0.18685400489999998,0.1817291975,0.147932601,0.112786305,0.10720969440000001,0.0340092003,39.437509160000005,0.02773598565,1.998533964,0.246481106,0.912675619,0.508618772,39.73637009,939.5023804,998.0671997,20.85592079,20.70268059,20.14201927,22.69129944,23.37755013,57.59019089,44.10366058,2.467499971,0.0561145484
0.1864724994,0.18124439720000002,0.1499233961,0.1130391002,0.10721360449999999,0.031805780500000005,38.19151917,0.02772306866111111,2.003540993,-0.087667689,0.912427604,0.481744587,62.05929184,936.991394,998.0667725,20.85601997,20.70282936,20.14201927,22.69298935,23.37719917,57.60589981,44.08979034,2.299999952,0.0561146975
0.1860514998,0.1818387985,0.1445291996,0.1133697987,0.1072674036,0.0367152095,41.56542969,0.027680685255555556,2.008548975,0.425178498,0.912179589,0.486959606,69.50026703,936.2495728,998.0662842,20.85611916,20.7029705,20.14201927,22.69467926,23.37684059,57.62160873,44.0759201,2.130000114,0.0561148286
0.18612710240000002,0.1801766038,0.15294549470000002,0.1129591942,0.10733779670000002,0.0288933396,33.50581055,0.027689959208333333,2.007436991,-0.008273102,0.911931574,0.511592925,69.50026703,936.3131104,998.0657959,20.85622025,20.70310974,20.14201927,22.69636917,23.37648964,57.63732147,44.06206131,2.359999895,0.056114977600000004
0.1852833033,0.1805801034,0.1469550967,0.1139621019,0.10740820170000001,0.033221408699999996,35.8468689,0.027656514908333332,2.004285097,-0.242284402,0.911683679,0.474020392,69.50026703,935.1436768,998.0653076,20.85631943,20.70325089,20.14201927,22.69804955,23.37614059,57.6530304,44.04819107,2.329999924,0.056115108700000006
0.18483500479999998,0.18010849950000002,0.14584050180000002,0.11382269860000001,0.10747849940000001,0.0347396314,38.554150390000004,0.027633003658333332,2.001132011,-0.246576101,0.911471486,0.475026608,69.50026703,935.1484985,998.0648804,20.85640907,20.70339012,20.14201927,22.69973946,23.37578964,57.66873169,44.03432846,2.222500086,0.0561152577
0.18463799949999998,0.17924629450000001,0.1481292963,0.1139528036,0.1075489044,0.0319791585,33.61953125,0.027638632455555555,1.997979999,-0.213792995,0.911271214,0.474873692,83.59063721,935.6815796,998.0643921,20.85651016,20.70352936,20.16555977,22.70142937,23.3754406,57.68444061,44.02046967,2.057499886,0.05611538889999999
0.1838883996,0.179866004,0.142514503,0.11435979599999999,0.10761929750000002,0.03673186,39.84520874,0.027610814836111112,1.994827986,-0.186493605,0.911070883,0.444257498,88.28742218,936.2147827,998.0639038,20.85660934,20.7036705,20.17126083,22.70311928,23.38147926,57.70014954,44.02309036,2.107500076,0.0561155379
0.1846289992,0.1782029986,0.1459895015,0.11351150270000002,0.10768970250000001,0.0338764697,28.61838074,0.027639293669444443,1.993723035,1.685119987,0.910870612,0.464880913,88.28742218,936.7479858,998.0634766,20.85671043,20.70380974,20.16840935,22.70479965,23.38965988,57.71585846,44.03121948,2.07249999,0.056115669
0.1824934959,0.17758619790000002,0.142770803,0.1147271991,0.10776000020000001,0.035432168800000004,33.685330199999996,0.027608496347222223,1.993301034,0.539740324,0.91067028,0.441132188,88.28742218,937.6124878,998.0629883,20.85680962,20.70395088,20.16555977,22.70648956,23.3978405,57.73155975,44.03934097,2.019999981,0.056115818
0.1821831942,0.17721209529999998,0.1464841962,0.11481300590000001,0.1078304052,0.0311020195,32.83559875,0.02760783513333333,1.99287796,0.923003972,0.910470128,0.459083587,79.26334381,938.5875244,998.0625,20.85689926,20.70409966,20.16270065,22.70817947,23.40601921,57.74726868,44.04745865,2.0625,0.0561159611
0.18308999539999998,0.17834500069999998,0.1421509027,0.1140678048,0.10790079829999999,0.0350611299,33.11669922,0.027591612075,1.992455959,0.277237505,0.908435225,0.450345308,76.25531769,939.5625,998.0620117,20.85700035,20.7042408,20.15984917,22.70986938,23.41419983,57.76298141,44.05558014,2.214999914,0.0561160982
0.18251169920000002,0.1776311994,0.14754519459999998,0.1132632017,0.10791840550000001,0.0307998091,34.599438479999996,0.0275707478,1.992033005,-0.196626604,0.90578872,0.494428903,76.25531769,940.5374756,998.0615845,20.85709953,20.70438004,20.15699959,22.71154976,23.42238045,57.77869034,44.06370926,2.214999914,0.05611624120000001
0.1832471013,0.1788269997,0.1420138001,0.1135985017,0.10791840550000001,0.035617420100000005,35.01859131,0.02753233379722222,1.991611004,-0.220707297,0.903142214,0.45807001,76.25531769,940.6151123,998.0610962,20.85720062,20.70451927,20.15415001,22.71323967,23.43055916,57.79439926,44.07183075,2.042500019,0.056116378300000005
0.1829035997,0.1780063033,0.1471220016,0.11305630209999999,0.10791840550000001,0.0317049503,35.42771912,0.027530017427777775,1.991188049,-0.237396806,0.900495708,0.480125695,76.25531769,940.3934937,998.0606079,20.8572998,20.70466042,20.15129089,22.71492958,23.43873978,57.81010056,44.07995987,2.267499924,0.056116521399999994
0.1835312009,0.1785864949,0.14461859459999998,0.1136170983,0.10791840550000001,0.0333877593,32.76693115,0.027520084380555556,1.990766048,-0.246218398,0.897849202,0.475049198,59.5316391,940.171875,998.0601807,20.85738945,20.70479965,20.14843941,22.71661949,23.44692039,57.82580948,44.08808136,2.442500114,0.0561166584
0.18301819560000002,0.1785940051,0.1456377983,0.1134351015,0.10791840550000001,0.0329486102,37.17511902,0.02752471923888889,1.990342975,-0.246695295,0.895202816,0.490248889,53.95708084,940.2009888,998.0596924,20.85749054,20.7049408,20.14558983,22.71829987,23.45509911,57.8415184,44.09619904,2.095000029,0.0561168015
0.1840322018,0.1788534999,0.1454352021,0.1133888006,0.10791840550000001,0.0331633687,32.250509640000004,0.027528690761111113,1.989920974,-0.247172102,0.89255631,0.4941082,53.95708084,940.3137207,998.0592041,20.85758972,20.70508003,20.14274025,22.71998978,23.46327972,57.85723114,44.10432053,2.292500019,0.0561169386
0.1833606958,0.1786160946,0.1446542978,0.1133041024,0.10791840550000001,0.0342006087,34.910589599999994,0.027497234344444444,1.989498973,-0.123907797,0.889909685,0.4897829,53.95708084,940.4262695,998.0587769,20.85769081,20.70521927,20.13987923,22.72167969,23.47145081,57.87294006,44.11244965,2.325000048,0.05611708159999999
0.1835219026,0.1781347036,0.1446781039,0.1138200045,0.10791840550000001,0.0339202404,31.20765076,0.027501538594444444,1.989076018,0.854934514,0.887263298,0.47003141,53.95708084,940.5388794,998.0582886,20.85778999,20.70536995,20.13702965,22.7233696,23.47962952,57.88864899,44.12057114,2.075000048,0.056117218700000006
0.1825232983,0.1785977006,0.1426396966,0.1141772032,0.1079745054,0.0354891211,37.60284119,0.027538295322222222,1.988654017,0.106765598,0.884616792,0.445137888,74.76983643,940.6514893,998.0578003,20.85787964,20.70550919,20.13418007,22.72504997,23.48781013,57.90435028,44.12870026,2.352499962,0.0561173618
0.1839097977,0.178847599,0.14657360319999999,0.11348680259999999,0.10796060560000001,0.032024058700000003,32.66036072,0.027665121291666667,1.991492987,-0.167062297,0.881970286,0.449238509,81.70742035,941.2265015,998.057312,20.85798073,20.70565033,20.13133049,22.72673988,23.49599075,57.9200592,44.13682175,2.087500095,0.05611749889999999
0.183901,0.1797976971,0.1406787038,0.1133577943,0.10791720149999999,0.0381689906,38.179360960000004,0.02772175047222222,1.995419979,-0.204852194,0.879323781,0.424728811,81.70742035,941.9556274,998.0568848,20.85807991,20.70578957,20.12848091,22.72842979,23.50416946,57.93215942,44.1355896,2.027499914,0.0561176419
0.1841420054,0.1791674018,0.1492678046,0.11325910089999999,0.1078737974,0.030529978899999997,34.53435059,0.02776248084166667,1.999346972,0.1080769,0.878084779,0.461825311,81.70742035,942.6848145,998.0563965,20.85817909,20.70593071,20.12561989,22.73011017,23.51235008,57.94305038,44.1312294,2.065000057,0.056117779
0.185047698,0.180982101,0.1457690001,0.11336799859999999,0.1078304052,0.0333984911,35.91983032,0.02774327596111111,2.003273964,-0.0676402,0.877314925,0.439030886,81.70742035,943.4138794,998.0559082,20.85828018,20.70606995,20.12277031,22.73180008,23.5205307,57.95394897,44.12688065,2.265000105,0.056117922099999995
0.1858235002,0.18079309459999998,0.1497565985,0.1124483943,0.10778700109999999,0.0312255293,34.66524963,0.027744926877777777,2.007200003,-0.141193494,0.876545012,0.4559744,91.27091217,944.1431274,998.055481,20.85836983,20.70620918,20.11992073,22.73348999,23.52870941,57.96483994,44.12253189,2.412499905,0.0561180592
0.1862329006,0.18154610399999999,0.1458225965,0.1130241036,0.107743597,0.0349704713,35.31972046,0.027728042602777777,2.011126995,0.630460024,0.875775218,0.438456595,94.45874023,944.8721924,998.0549927,20.85847092,20.70635033,20.11706924,22.7351799,23.53689003,57.97573853,44.11817932,2.200000048,0.0561182022
0.1861516953,0.18162800070000001,0.1510797977,0.1131049037,0.1076629996,0.030466228699999997,38.53413086,0.02770618438611111,2.010442019,0.820482612,0.875005186,0.431169689,94.45874023,945.565979,998.0545044,20.8585701,20.70648956,20.11421013,22.73686028,23.53310013,57.98662949,44.11381912,2.232500076,0.0561183393
0.18752219679999999,0.1825582981,0.1489459991,0.1128129005,0.10757009980000001,0.032682091,34.82760925,0.02767240736111111,2.008219957,0.555356979,0.874235272,0.433639407,94.45874023,946.2481079,998.0540771,20.85866928,20.70663071,20.11136055,22.73855019,23.52532959,57.99753189,44.10947037,2.292500019,0.0561184824
0.1867347002,0.182899797,0.1507161975,0.1129264951,0.1075469017,0.0318419904,44.77767944,0.027633995480555555,2.005999088,-0.0669249,0.873465478,0.436109185,80.32592773,946.9301758,998.0535889,20.85877037,20.70677948,20.04005051,22.7402401,23.51755905,58.00841904,44.10511017,2.224999905,0.0561186194
0.1888020992,0.1846084952,0.1452862024,0.1126678944,0.1074391961,0.037613621400000005,42.63331909,0.027619425455555558,2.003777027,0.173285499,0.872695625,0.417177111,75.61499023,947.2910156,998.0531006,20.85886002,20.70692062,20.01651955,22.74193001,23.50979042,58.01931,44.10076141,2.17750001,0.056118762499999995
0.1885092974,0.18320410250000002,0.1525164008,0.1122401953,0.10736629959999999,0.032092180799999995,37.66792908,0.027639628516666667,2.001554012,-0.083137684,0.871925712,0.482967287,75.61499023,947.5447998,998.0526123,20.8589592,20.70705986,20.01651955,22.74361038,23.50201988,58.03020859,44.09640884,2.147500038,0.05611889960000001
0.18855160470000001,0.1844437957,0.1458703041,0.1136728048,0.10733900069999999,0.0373338401,40.87376099,0.02759922451388889,1.999333024,-0.2393042,0.871155798,0.425630003,75.61499023,945.6077881,998.0521851,20.85906029,20.7071991,20.01651955,22.74530029,23.49424934,58.04109955,44.10583878,2.25999999,0.0561190426
0.1887352943,0.1835008979,0.1507997036,0.1129827023,0.10731919999999999,0.0336441189,37.90611877,0.027605186038888892,1.997110009,0.234083101,0.870385885,0.469988793,75.61499023,944.6420288,998.0516968,20.85915947,20.70734024,20.01651955,22.7469902,23.48648071,58.05199814,44.1198616,2.247499943,0.0561191797
0.1887951016,0.1837159038,0.1485584974,0.1133304954,0.1072993994,0.0349424005,35.5729187,0.027586638133333334,1.994889021,0.128104404,0.870556474,0.446655303,86.18060303,944.2432861,998.0512085,20.85926056,20.70747948,20.09885025,22.74868011,23.47871017,58.0628891,44.13388062,2.3125,0.0561193228
0.1880378962,0.1839887023,0.1483857036,0.11348650460000001,0.10727959869999999,0.035330221099999996,41.77999878,0.02756610870277778,1.992666006,1.137941957,0.871040821,0.406609505,89.70246887,943.8447266,998.0507813,20.8593502,20.70762062,20.12628937,22.75036049,23.47093964,58.0737915,44.14791107,2.377500057,0.0561194599
0.1895359993,0.18447949889999998,0.1484333038,0.11285940409999999,0.107259798,0.0355553597,36.72164001,0.027566110822222222,1.990445018,0.745975494,0.87152487,0.432033092,89.70246887,944.730896,998.050293,20.85944939,20.70775986,20.12628937,22.7520504,23.4631691,58.08467865,44.16193008,2.217499971,0.056119602899999996
0.1901211977,0.18434699770000001,0.1517711997,0.11290349959999998,0.107239902,0.032708290200000004,43.43728943,0.027532664405555556,1.988222003,-0.061798882,0.872009099,0.397682309,89.70246887,946.0454102,998.0498047,20.85955048,20.70789909,20.12628937,22.75374031,23.45540047,58.09558105,44.1759491,2.369999886,0.0561197519
0.1909608006,0.18606619829999999,0.14855250120000002,0.1129582047,0.1072201014,0.0357943803,41.88015137,0.027511141036111113,1.986001015,-0.246099204,0.872493327,0.388312101,89.70246887,945.8148804,998.0493774,20.85964966,20.70804977,20.12628937,22.75543022,23.44762993,58.10906982,44.18997955,2.162499905,0.05611987710000001
0.1904652953,0.18573529719999998,0.154638195,0.1120239019,0.1072003007,0.0314278901,41.864410400000004,0.027508824666666664,1.983778,0.080300778,0.872977495,0.461383611,61.67031097,947.5280151,998.0488892,20.85975075,20.70819092,20.06749916,22.7571106,23.43985939,58.12342072,44.20399857,2.107500076,0.056120032099999995
0.1913544059,0.1869436026,0.1498399973,0.11265729669999999,0.10718049999999998,0.035895279,41.18346863,0.027501207986111113,1.981557012,0.548442781,0.873461723,0.419742495,52.32625961,946.4645996,998.0484009,20.85984039,20.70833015,20.05431938,22.75880051,23.43209076,58.13777924,44.21802902,2.1875,0.0561201572
0.19138009549999999,0.1866552949,0.1528023958,0.11227040290000001,0.1070556998,0.0341411293,43.07535095,0.02754425472777778,1.979333997,0.302391112,0.873945773,0.463351786,52.32625961,945.7775269,998.0479126,20.85993958,20.70846939,20.06287003,22.76049042,23.42432022,58.15213013,44.23205185,2.382499933,0.0561203122
0.1919031978,0.1873365998,0.1478433013,0.112735498,0.10700600149999999,0.038812089,41.76283875,0.027613133325,1.977113008,0.367837995,0.874430001,0.452949792,52.32625961,945.6154175,998.0474854,20.86004066,20.70861053,20.07143021,22.76218033,23.41654968,58.16648102,44.24607086,2.154999971,0.0561204374
0.19171129469999998,0.1860620022,0.1521348,0.11254830360000001,0.10699299570000001,0.0352018088,36.97484131,0.027668764325,1.98119998,-0.075031303,0.874914229,0.462804705,81.18473816,943.6820068,998.0469971,20.86013985,20.70874977,20.07999039,22.7638607,23.40877914,58.18083954,44.26008987,2.285000086,0.0561205924
0.1906600952,0.1865375996,0.14891619679999998,0.1137001991,0.1070593953,0.0371458501,43.01671143,0.027655518849999998,1.987390041,0.196769997,0.875398397,0.444748104,90.80422974,943.1881104,998.0465088,20.86024094,20.70889091,20.08855057,22.76555061,23.40101051,58.19519043,44.25725937,2.105000019,0.05612071749999999
0.1915151,0.1869043946,0.1515506983,0.11319919819999999,0.10715229509999999,0.0349869013,42.134060670000004,0.027677705552777775,1.993581057,0.297026604,0.875882626,0.430153489,90.80422974,943.3707886,998.0460815,20.86033058,20.70903015,20.0970993,22.76724052,23.39323997,58.20954895,44.24882126,2.327500105,0.056120872499999995
0.1924203992,0.1872648001,0.15571119790000001,0.1123955011,0.10714069600000001,0.031193199799999998,40.28510132,0.027668103111111113,1.999770999,-0.07968048,0.876366675,0.4498474,90.80422974,943.5535889,998.0455933,20.86042976,20.70918083,20.10565948,22.76893044,23.38546944,58.22389984,44.2403717,2.34375,0.056120997699999994
0.19258420469999998,0.1887864947,0.15226000550000002,0.1124140978,0.10709420439999999,0.0350047797,47.98066101,0.027618764241666666,2.005960941,-0.100125201,0.877871811,0.4135122,90.80422974,943.7363281,998.045105,20.86053085,20.70932007,20.11421967,22.77061081,23.37770081,58.23825073,44.23192978,2.22874999,0.0561211526
0.1925722957,0.1884577036,0.1538692951,0.111897099,0.1070477962,0.03491714,42.45808105,0.027620419397222224,2.006602049,0.0331528,0.879717171,0.458882809,91.33986664,943.9190063,998.0446777,20.86063004,20.7094593,20.12277985,22.77230072,23.36993027,58.25260925,44.22348022,2.327500105,0.0561212778
0.19212419990000001,0.1884655952,0.1554250956,0.11276990179999999,0.10700130459999999,0.0330325902,47.39341125,0.027595914205555554,2.005393028,-0.169208094,0.881562591,0.420156687,91.51840973,943.1920776,998.0441895,20.86072922,20.70960045,20.13133049,22.77399063,23.36215973,58.26696014,44.2150383,2.422499895,0.0561214328
0.1940790057,0.18976219889999998,0.1488981962,0.11288939710000001,0.10698970560000001,0.0395673811,46.641668700000004,0.027567104763888888,2.004184008,-0.206282705,0.88340801,0.436804414,91.51840973,940.5297852,998.0437012,20.86082077,20.70973969,20.13989067,22.7756691,23.35438919,58.28131104,44.20658875,2.184999943,0.056121558
0.193977499,0.1879443049,0.1559435964,0.11206320519999999,0.10698970560000001,0.0338185996,39.08559875,0.02758167690833333,2.002974987,-0.233224407,0.886471927,0.51409322,91.51840973,940.8765259,998.0432129,20.86091995,20.70988083,20.14845085,22.77736092,23.34662056,58.29566956,44.19815063,2.055000067,0.056121712899999995
0.1924767017,0.18849300149999998,0.1550317049,0.11389820580000001,0.1070420027,0.032912650700000004,45.40783997,0.027567770216666666,2.001765966,-0.246993303,0.889941871,0.413462698,91.51840973,937.5471802,998.0427856,20.86101913,20.71002007,20.15700912,22.77905083,23.33885002,58.31002045,44.18970108,2.377500057,0.0561218381
0.1940513968,0.1892490983,0.1542330027,0.11318839789999999,0.1070462942,0.0342600614,43.74341125,0.02755054897777778,2.000555992,-0.247231707,0.893411994,0.419295907,80.74862671,937.4979858,998.0422974,20.86112022,20.7101593,20.16555977,22.78074074,23.33107948,58.32437897,44.18125153,2.182499886,0.056121987100000006
0.1936717987,0.1891870022,0.1575767994,0.1125558972,0.1070369959,0.0316722304,47.188861079999995,0.02753686481111111,1.999346972,0.001263833,0.896882117,0.442278385,77.15870667,939.0823975,998.0418091,20.86121941,20.71030045,20.17411995,22.7824192,23.32331085,58.33872986,44.1728096,2.17750001,0.0561221182
0.1946022987,0.1902863979,0.1557528973,0.1126256943,0.10703049899999999,0.033434128800000004,46.72250061,0.027523178525,1.998137951,0.247554004,0.90035212,0.476172805,77.15870667,938.7567749,998.0413818,20.86130905,20.71044922,20.18268013,22.78410912,23.31554031,58.35308075,44.16436005,2.224999905,0.0561222672
0.1955855012,0.1897299051,0.1564563036,0.1118690014,0.1070240021,0.0338302106,41.26286926,0.027533660463888887,1.995388031,-0.03092315,0.903822184,0.556649923,77.15870667,937.7946167,998.0408936,20.86141014,20.71059036,20.19123077,22.78580093,23.30776978,58.36743927,44.17658997,2.07249999,0.056122398399999995
0.19577120539999998,0.18954980370000002,0.157010603,0.1130895019,0.1070173979,0.0327193707,49.32963867,0.027499552833333333,1.992123961,-0.220588103,0.907292187,0.470796198,77.15870667,933.3483276,998.0404053,20.86150932,20.7107296,20.19978905,22.78749084,23.29999924,58.38179016,44.19572067,2.25999999,0.0561225474
0.19596710209999998,0.1906937003,0.1523255944,0.11311219930000001,0.10701090099999999,0.0372242302,46.68887939,0.027474717033333332,1.988860011,0.088645577,0.910983026,0.464301705,71.34243774,929.8654175,998.039978,20.86161041,20.71087074,20.20834923,22.78918076,23.29223061,58.39614868,44.21483994,2.430000067,0.0561226785
0.19470520019999998,0.1894150019,0.1598835945,0.1122009039,0.1070044041,0.030810108800000003,45.95072937,0.02749061160555556,1.985595942,-0.134994507,0.914747417,0.504170716,69.40368652,931.293396,998.0394897,20.86170959,20.71100998,20.21690941,22.79085922,23.28446007,58.41049957,44.2339592,2.107500076,0.05612282750000001
0.1949079037,0.1907152057,0.154787302,0.11313710210000001,0.1069978952,0.0346277714,48.48204956,0.027567770216666666,1.982331991,-0.247172102,0.918511689,0.424711108,69.40368652,931.0604248,998.0390015,20.86179924,20.71114922,20.22546005,22.79254913,23.27668953,58.42485046,44.2530899,1.960000038,0.0561229706
0.1957680941,0.1897354007,0.1574218988,0.1122197986,0.106991303,0.033293411099999996,42.212741089999994,0.02770055558888889,1.979068041,-0.114251703,0.92227608,0.511056125,69.40368652,933.4066772,998.0385132,20.86190033,20.71129036,20.23402023,22.79424095,23.2689209,58.43920898,44.27220917,2.355000019,0.056123107699999994
0.1959830999,0.1895663023,0.1588999987,0.1133885026,0.1070245028,0.0308353096,48.88617859,0.027773744794444444,1.975803971,-0.203302398,0.926040411,0.420777589,84.74466705,934.2416992,998.0380859,20.86199951,20.7114296,20.1437397,22.79593086,23.26115036,58.39570999,44.29132843,2.130000114,0.0561232507
0.19573340420000002,0.1905405998,0.1542925,0.1133115053,0.10707099440000001,0.0352737695,49.401168819999995,0.027839639444444442,1.977594018,-0.2227339,0.929804683,0.441464692,89.8583374,934.1729736,998.0375977,20.8621006,20.71157074,20.1129303,22.79760933,23.25337982,58.33290863,44.31045914,2.265000105,0.0561233878
0.1950319052,0.1891702056,0.15588400360000002,0.1124948978,0.1071174026,0.0346565515,44.57955933,0.02793899961111111,1.981068969,0.131799996,0.933569074,0.474766493,89.8583374,937.3723145,998.0371094,20.86219978,20.71170998,20.1129303,22.79929924,23.24560928,58.27011871,44.3295784,2.380000114,0.056123530899999996
0.1932786942,0.1892459989,0.1563609004,0.11409740450000001,0.1071637988,0.0328092903,49.19230957,0.02798799938888889,1.984544039,0.085188434,0.935706377,0.374529094,89.8583374,936.6417236,998.0366821,20.86230087,20.71184921,20.1129303,22.80098915,23.25292969,58.2073288,44.34870148,2.292500019,0.056123668
0.1948418021,0.1897745013,0.1519382,0.1135514021,0.1072103024,0.037307840599999996,44.867099,0.028054887972222223,1.988018036,0.333386004,0.937301517,0.449581504,89.8583374,938.828186,998.0361938,20.86239052,20.71199989,20.1129303,22.80267906,23.26528931,58.14453888,44.33998108,2.07249999,0.056123811
0.1933889985,0.1882218003,0.157356298,0.11296839709999999,0.1072566986,0.03241826,45.63385925,0.02814827813888889,1.992215037,-0.076581031,0.938896477,0.466419488,83.77966309,940.9509888,998.0357056,20.8624897,20.71213913,20.15827942,22.80435944,23.27763939,58.08174133,44.32199097,2.242500067,0.0561239481
0.1936913967,0.1891435027,0.154626298,0.11397910120000002,0.1073032022,0.0335954785,45.17609863,0.02822541766666667,1.996652961,0.003171192,0.940491617,0.44006741,81.75343323,939.218811,998.0352783,20.86259079,20.71228027,20.17340088,22.80604935,23.28998947,58.01895142,44.30400085,2.252500057,0.056124091099999995
0.1943575978,0.18860000370000002,0.15646220449999998,0.1128913045,0.1073495984,0.0326813102,40.60840149,0.028304555694444445,2.00109005,-0.163128302,0.940487981,0.514674187,81.75343323,940.6323853,998.03479,20.86268997,20.71241951,20.17340088,22.80773926,23.30233955,57.9561615,44.2859993,2.237499952,0.0561242282
0.19311699870000001,0.1890223026,0.1576663017,0.1136615992,0.1074376941,0.030933809299999997,49.051409910000004,0.028346945444444445,2.005527973,0.1427674,0.939951599,0.437346697,81.75343323,939.8522949,998.0343018,20.86278915,20.71256065,20.17340088,22.80942917,23.31468964,57.89336014,44.26800919,2.157500029,0.056124371299999996
0.1947219968,0.1903473973,0.15267130140000001,0.11323310140000001,0.1075395942,0.0363510191,49.44336853,0.028402917638888886,2.009965897,0.173404694,0.939415216,0.463900089,81.75343323,937.8682251,998.0338135,20.86288071,20.71269989,20.17340088,22.81110954,23.32703972,57.83057022,44.25001144,2.30250001,0.056124508399999995
0.19481430049999998,0.1892650008,0.1576722026,0.1123638034,0.10759710069999999,0.032675200700000004,43.96513977,0.0284876675,2.009505987,-0.148226902,0.938878715,0.545701206,69.46063232,937.3848877,998.0333862,20.86297989,20.71283913,20.17340088,22.81279945,23.3393898,57.7677803,44.23202133,2.345000029,0.0561246514
0.1943477035,0.1892997026,0.15590790510000002,0.1136193991,0.1076396942,0.0333571494,42.90296936,0.028549276999999998,2.007414103,-0.246575996,0.938342214,0.487781405,65.36303711,931.651001,998.0328979,20.86307907,20.71298027,20.17340088,22.81448936,23.35174942,57.70499039,44.21401978,2.279999971,0.0561247885
0.1939888954,0.18949559929999998,0.1538812995,0.11372419600000001,0.1076822996,0.0354184002,46.323379519999996,0.028581055527777777,2.00532198,0.101401202,0.937805772,0.4640899,65.36303711,929.1417236,998.0324097,20.86318016,20.71313095,20.17340088,22.81616974,23.3640995,57.65840912,44.19602966,2.372499943,0.056124931600000004
0.1948155999,0.1890205026,0.1562415957,0.11321879630000001,0.10772490500000001,0.0332539111,38.99619141,0.028508889944444445,2.003228903,-0.123550199,0.93726927,0.485774398,65.36303711,928.3461304,998.0319824,20.86327934,20.71327019,20.17340088,22.81785965,23.37644958,57.61724091,44.17802811,2.230000019,0.0561250687
0.19354790449999998,0.1891129971,0.1566053033,0.1136922002,0.1078070998,0.0324152499,46.30335083,0.028332695444444445,2.001137018,0.138237298,0.936732888,0.462025315,65.36303711,927.5507202,998.0314941,20.8633709,20.71340942,20.17340088,22.81954956,23.38879967,57.57606888,44.16004181,2.184999943,0.0561252117
0.1946869969,0.18996000289999998,0.1519142985,0.1134567022,0.10790259840000001,0.037198740200000004,46.927780150000004,0.028267805305555553,1.999045014,-0.023055229,0.935574174,0.400891811,73.16266632,926.755127,998.421875,20.86347008,20.71355057,19.93808937,22.82123947,23.40114975,57.53490067,44.1654892,2.332499981,0.056125348799999995
0.1940780997,0.1892765045,0.1587749004,0.1130949974,0.1079345942,0.031185048799999997,46.726791379999995,0.028305055833333332,1.997782946,-0.213316098,0.934207976,0.447071105,75.76255035,928.4318237,998.5482788,20.86356926,20.7136898,19.85964966,22.82291985,23.41349983,57.49372864,44.17876053,2.154999971,0.056125491900000005
0.1951737046,0.1902161002,0.1540362954,0.1134364009,0.1079455972,0.0352401793,44.31705933,0.028361333222222222,1.996796966,0.176384896,0.932841778,0.425612986,75.76255035,928.5916748,998.5435181,20.86367035,20.71383095,19.85964966,22.82460976,23.42585945,57.45256042,44.19203949,2.132499933,0.0561256289
0.19445190429999998,0.18960829969999998,0.1542984962,0.1129593968,0.1079566002,0.0359175414,46.62092896,0.028421139194444445,1.995812058,0.045371931,0.931475699,0.460257798,75.76255035,927.9713745,998.5385742,20.86376953,20.71397018,19.85964966,22.82629967,23.43820953,57.4113884,44.20531082,2.089999914,0.056125772
0.1946282983,0.1894515038,0.1583695054,0.11364949939999999,0.10796760320000001,0.0312386215,43.87001953,0.028491499166666667,1.994827032,-0.196745798,0.930109501,0.442568511,88.93367767,927.3511963,998.5336914,20.86385918,20.71410942,20.23616028,22.82798958,23.45055962,57.35720062,44.21857071,2.362499952,0.0561259091
0.1945152044,0.1898880959,0.1577020049,0.11352130170000001,0.10797859430000001,0.031749510800000005,45.44432068,0.028564999888888887,1.993841052,-0.236562297,0.928743422,0.468363196,93.3240509,926.7310181,998.5288086,20.86396027,20.71425056,20.36166954,22.82966995,23.4629097,57.29867935,44.23184967,2.452500105,0.056126052100000004
0.1954828024,0.190388,0.15298130510000002,0.11325880290000001,0.10798959729999999,0.0369199306,45.93356018,0.02860027736111111,1.992856026,0.214770898,0.927377224,0.472494602,93.3240509,926.0466919,998.5239258,20.86405945,20.71439934,20.36166954,22.83135986,23.47525978,57.24015045,44.245121,2.119999886,0.056126189199999996
0.1940997005,0.1897822022,0.1546918988,0.1136425972,0.1080006003,0.0357004493,50.421850590000005,0.028564167027777778,1.991870046,-0.09446267,0.926011026,0.461507708,93.3240509,925.3410034,998.5189819,20.86416054,20.71454048,20.36166954,22.83304977,23.48760986,57.18162155,44.25838852,2.069999933,0.056126332300000005
0.1953706026,0.1906213999,0.15368460420000002,0.1137137055,0.1080284953,0.0360976011,46.211788940000005,0.028395305222222222,1.990885019,0.475485593,0.924403489,0.450520813,93.3240509,922.8112793,998.5142212,20.86425972,20.71467972,20.36166954,22.83473969,23.49995995,57.12308884,44.27165985,2.359999895,0.056126481299999996
0.1951689959,0.1903838038,0.1558125019,0.11313899759999999,0.10806219580000001,0.0348089814,47.19599915,0.02825819438888889,1.989899039,-0.005292807,0.922715485,0.469219089,90.13813019,923.0516968,998.5092773,20.86434937,20.71482086,20.33813095,22.83642006,23.51231956,57.10752869,44.28493118,2.255000114,0.0561266124
0.1953827024,0.1907116055,0.1558542013,0.1134227991,0.1080958009,0.034529629299999996,46.47502136,0.028172111500000003,1.988914013,-0.244430304,0.921027482,0.416931003,89.07615662,924.4180298,998.5043945,20.86445045,20.7149601,20.33028984,22.83810997,23.52466965,57.10628891,44.2981987,2.355000019,0.0561267614
0.1960312963,0.1915943027,0.1533746004,0.1129969001,0.10805369620000001,0.0373369992,47.23175964,0.028129056305555556,1.987928033,-0.179937094,0.919339418,0.422019899,89.07615662,925.7844238,998.4995117,20.86454964,20.71509933,20.33028984,22.83979988,23.53701973,57.10504913,44.31147003,2.402499914,0.0561268926
0.1963747025,0.19090969559999998,0.1609444976,0.1125184059,0.1079864025,0.030649739500000002,43.93581848,0.02811116747222222,1.986943007,0.252322406,0.917651415,0.478783697,89.07615662,928.0463867,998.4946289,20.86465073,20.71524048,20.33028984,22.84148979,23.54936981,57.10380936,44.32474136,2.362499952,0.056127041600000004
0.1962615013,0.1925336957,0.1594722986,0.1134258986,0.10791900160000001,0.0314374387,50.69866943,0.028066139222222224,1.985957026,-0.087786883,0.915963411,0.462354213,89.07615662,928.0366821,998.4896851,20.86474991,20.71537971,20.33028984,22.84317017,23.56171989,57.10256958,44.33800888,2.214999914,0.056127172700000005
0.1980332017,0.1929862976,0.1585602999,0.1125491977,0.107851696,0.0339733988,48.68591003,0.028065138916666666,1.987120986,-0.075508133,0.912462175,0.501197517,85.54982758,927.1702271,998.4848022,20.86483955,20.71552086,20.14203072,22.84486008,23.56229019,57.1013298,44.35128021,2.327500105,0.056127321699999996
0.1971698999,0.1929805994,0.1584231973,0.11300489899999999,0.10778429510000001,0.0345630586,53.210681150000006,0.028037639194444443,1.989001036,-0.189712405,0.908356488,0.492118388,84.37438202,926.3035889,998.4799194,20.86494064,20.71566963,20.07928085,22.84654999,23.55891991,57.10009003,44.35348892,2.402499914,0.0561274529
0.1980469942,0.1930578947,0.1588762045,0.11320040229999999,0.10775990490000001,0.0340382308,48.73310852,0.02802508247222222,1.990880013,0.543555081,0.90425092,0.457921892,84.37438202,923.5894775,998.4749756,20.86503983,20.71581078,20.07928085,22.8482399,23.55555916,57.09885025,44.35200882,2.402499914,0.056127601900000004
0.1979418993,0.1935103059,0.1564324021,0.1130792022,0.10774970049999999,0.036603421000000004,49.79171143,0.027989639694444443,1.992759943,0.071359947,0.900145173,0.475416094,84.37438202,923.3032227,998.4702148,20.86514091,20.71595001,20.07928085,22.84992027,23.55219078,57.09761047,44.35052109,2.152499914,0.056127727
0.1977548957,0.1926197052,0.1629591942,0.112816,0.1077396035,0.0305511385,42.11903992,0.027995944555555555,1.994639993,-0.032949772,0.897193015,0.487340808,76.23573303,924.031189,998.465271,20.8652401,20.71608925,20.29107094,22.85161018,23.54883003,57.09635925,44.34904099,2.047499895,0.056127882
0.1973191023,0.1936558008,0.1579344988,0.1136983037,0.10772939919999999,0.0346852601,51.504772949999996,0.027950250833333332,1.996520042,-0.181963593,0.894625127,0.444222987,73.52285004,924.7592773,998.4603882,20.86532974,20.71623039,20.36166954,22.85330009,23.54546928,57.09511948,44.34754944,2.19749999,0.056128007199999996
0.1990548968,0.1932145,0.1613736987,0.1128919005,0.1077191949,0.03228212,43.889331049999996,0.027967804805555555,1.998399973,0.071359992,0.892057419,0.449188501,73.52285004,925.4874268,998.4555054,20.86543083,20.71636963,20.36166954,22.85557938,23.54210091,57.0938797,44.34606934,2.182499886,0.056128162100000004
0.1979292035,0.1939038038,0.1578271985,0.1134660006,0.10770909790000001,0.0353873193,51.97470093,0.0279207505,2.00027895,-0.141074196,0.889489472,0.459368587,73.52285004,927.3585205,998.4506226,20.86553001,20.71651077,20.36166954,22.85804939,23.53874016,57.09263992,44.34458923,2.332499981,0.0561282873
0.1991119027,0.19417389629999998,0.1588464022,0.1131942987,0.10769890550000001,0.0350573599,49.19088135,0.02790619533333333,2.002159119,0.505526781,0.886921823,0.41740489,73.52285004,927.5875244,998.4456787,20.8656292,20.71665001,20.36166954,22.86053085,23.53537941,57.09140015,44.34310913,2.404999971,0.056128442300000005
0.1990735054,0.1944810033,0.1546322942,0.1129001975,0.1076887965,0.039541560399999995,51.539819339999994,0.027899915916666667,2.004039049,0.78936851,0.884353876,0.437053293,80.86205292,928.9581909,998.440918,20.86573029,20.71678925,20.19692993,22.86300087,23.53200912,57.09016037,44.3416214,2.230000019,0.056128567500000004
0.1987697005,0.1935685992,0.1628697991,0.1131575942,0.1076786041,0.0316111892,46.701040649999996,0.027897249861111112,2.00591898,0.09901689,0.881786227,0.445679396,83.30845642,930.9343872,998.4359741,20.86581993,20.71693993,20.14201927,22.86548042,23.52865028,57.08892059,44.3401413,2.36500001,0.0561287224
0.1994323969,0.1952844977,0.1557647943,0.1135442972,0.10766839980000001,0.037803760199999994,50.72585144,0.027868444666666665,2.006093025,-0.219157502,0.87921828,0.396223187,83.30845642,931.1270142,998.4310913,20.86591911,20.71707916,20.14201927,22.86795998,23.52528,57.08768082,44.33866119,2.152499914,0.0561288476
0.1997099042,0.19437450169999998,0.16282210349999998,0.1126081944,0.1076583028,0.0324624389,48.38764038,0.027856860694444447,2.005697012,-0.246576101,0.877846777,0.453959286,83.30845642,932.8579712,998.4262085,20.8660202,20.71722031,20.14201927,22.87042999,23.52191925,57.08644104,44.33716965,2.007499933,0.0561290026
0.1997712016,0.1957728028,0.1618088007,0.11328970190000001,0.10764809849999998,0.0325656593,51.14570923,0.027814473055555556,2.005301952,-0.245622396,0.87687403,0.413504601,83.30845642,933.4163818,998.4213257,20.86611938,20.71735954,20.14201927,22.87290955,23.51855087,57.08520126,44.33568954,2.170000076,0.0561291277
0.20113279820000002,0.19570499660000001,0.16144520040000002,0.11246160270000001,0.1076151013,0.0343276113,47.784671020000005,0.02779558394444444,2.004906893,0.622591972,0.875901282,0.411406189,92.42362213,933.3469849,998.4163818,20.86622047,20.71750069,20.30676079,22.8753891,23.51519012,57.08396149,44.33420944,2.087500095,0.056129282700000005
0.2002211094,0.1959648013,0.1564442992,0.11313500400000001,0.10757449869999999,0.0392606586,52.96533203,0.027722411686111108,2.004512072,0.48418799,0.874928474,0.437539101,95.46201324,935.1829834,998.4116211,20.86631012,20.71763992,20.36166954,22.87785912,23.51182938,57.08272171,44.33272171,2.309999943,0.0561294079
0.2008189917,0.1952862978,0.16280419829999998,0.1130985975,0.107533896,0.0331605196,47.8104187,0.02758730358611111,2.004117012,0.311928004,0.873955727,0.431316704,95.46201324,933.7172852,998.4066772,20.8664093,20.71777916,20.36166954,22.88034058,23.50845909,57.11547089,44.33124161,2.317500114,0.0561295629
0.2002351999,0.1964488029,0.1589954019,0.1134542942,0.1074931979,0.0362909287,53.31583252,0.027462793986111112,2.003720999,0.196531594,0.872982979,0.414309293,95.46201324,932.9987793,998.4017944,20.86651039,20.7179203,20.36166954,22.88281059,23.50510025,57.15953827,44.32976151,2.252500057,0.056129688
0.20111219880000003,0.1964581966,0.16247040029999998,0.11299049850000001,0.10745259519999999,0.0339782804,51.8480896,0.02742272695,2.003325939,0.637374222,0.872010171,0.415879697,95.46201324,932.9669189,998.3969116,20.86660957,20.71805954,20.36166954,22.88529015,23.5017395,57.20362091,44.32826996,2.382499933,0.056129837
0.2008889914,0.1969087005,0.16238700150000002,0.11300179960000001,0.10741200449999999,0.0340711594,54.695568849999994,0.02739921357777778,2.002931118,0.01390016,0.871037424,0.423642606,81.57496643,932.9348755,998.3920288,20.86671066,20.71820068,20.33813095,22.88776016,23.49836922,57.24768829,44.32678986,2.347500086,0.0561299801
0.20167899130000003,0.1969437003,0.162518096,0.1127099037,0.1073714018,0.0343906105,54.16986084,0.027388619316666668,2.002536058,1.301738024,0.870064676,0.411142707,76.945961,931.421814,998.387085,20.86680031,20.71834946,20.3361702,22.89023972,23.49501038,57.29177094,44.32530975,2.207499981,0.056130117199999996
0.20175049299999998,0.19735749959999999,0.1558423042,0.1127797008,0.10736119749999999,0.0411014408,55.68621826,0.02736345291111111,2.002140999,1.060454965,0.870029628,0.425118089,76.945961,930.5054932,998.3823242,20.86689949,20.7184906,20.34402084,22.89271927,23.49164009,57.33583832,44.32382965,2.342499971,0.056130260200000004
0.2009229898,0.1956403971,0.1652778983,0.11288009880000001,0.10736119749999999,0.0320796192,49.69872131,0.027356499566666668,2.001745939,0.271872997,0.870307088,0.450169802,76.945961,929.9525757,998.3773804,20.86700058,20.71862984,20.35186005,22.89518929,23.48827934,57.37992096,44.3223381,2.369999886,0.0561303973
0.2012234926,0.1968677044,0.1600028038,0.1137655973,0.10736119749999999,0.0356376708,50.64715881,0.02733596589722222,2.001349926,0.567397416,0.870584726,0.393543601,81.54908752,928.5828857,998.3723755,20.86709976,20.71876907,20.35971069,22.89767075,23.48490906,57.42399979,44.32086182,2.345000029,0.0561305404
0.20141310689999997,0.1961447001,0.1648962975,0.1129477978,0.10736119749999999,0.0319713503,49.78169861,0.027344909244444444,2.000955105,-0.003743049,0.870862186,0.423757702,83.08345795,929.0366211,998.3676147,20.86720085,20.71891022,20.3675499,22.90014076,23.48155022,57.46807098,44.31937027,2.257499933,0.056130677500000004
0.20126090049999998,0.19691690209999999,0.16216640470000002,0.1133785963,0.10736119749999999,0.0339246005,53.09624023,0.027329345280555556,2.000560045,-0.028300541,0.871139705,0.411611408,83.08345795,930.1887817,998.3626709,20.8672905,20.71904945,20.37540054,22.90262032,23.47818947,57.51214981,44.31789017,2.36500001,0.0561308205
0.2018531084,0.1974320054,0.1549898982,0.1127719045,0.10736119749999999,0.0419090688,54.49459229,0.027328349219444444,2.000164986,0.379639894,0.871417224,0.393875688,83.08345795,929.3071899,998.3577881,20.86738968,20.7191906,20.38323975,22.90509987,23.47481918,57.55622101,44.31641006,2.200000048,0.056130957599999996
0.2010838985,0.1957916975,0.16480100150000002,0.1128095031,0.10736119749999999,0.0326310188,50.05779114,0.027357160780555556,1.999770045,0.045729551,0.871694684,0.441451013,83.08345795,929.5891724,998.3529053,20.86749077,20.71932983,20.39109039,22.90756989,23.47146034,57.60029984,44.31492996,2.317500114,0.056131100700000006
0.20118029119999997,0.1972066045,0.1629294038,0.11378920079999999,0.10736119749999999,0.0328622997,52.79727173,0.027362128363888887,1.999374986,-0.210812703,0.871972322,0.393872708,56.83763123,927.9298706,998.3480225,20.86758995,20.71946907,20.29891014,22.91004944,23.46809959,57.64437103,44.31343842,2.140000105,0.0561312377
0.20251739030000002,0.19794939760000002,0.1601220012,0.11263929610000001,0.1072615981,0.0370845914,53.590490720000005,0.027434317272222224,1.998978972,0.443417788,0.872249782,0.41307801,48.08901978,927.7570801,998.3430786,20.86768913,20.71961975,20.26753044,22.91251945,23.46472931,57.65330124,44.31195831,2.359999895,0.0561313808
0.20245389939999997,0.197892797,0.16066440340000002,0.11236859560000001,0.1071887016,0.0372849911,53.696337889999995,0.027518427108333333,1.998584032,0.007581968,0.872527301,0.436352313,48.08901978,928.3635864,998.3383179,20.86778069,20.71976089,20.26753044,22.91500092,23.46137047,57.65050888,44.31047821,2.190000057,0.056131517900000004
0.20299859050000002,0.19809089900000001,0.1649500012,0.1126477003,0.1071755052,0.03294276,51.551257320000005,0.027615782419444446,1.998188972,0.263766587,0.873643279,0.417165607,48.08901978,925.8618774,998.333374,20.86787987,20.71990013,20.26753044,22.91747093,23.45800018,57.64772034,44.30899048,2.19749999,0.056131660900000005
0.2035509109,0.1991142988,0.1604020953,0.1125908971,0.1071755052,0.0376887292,55.0203125,0.027686316172222225,1.997794032,-0.04999692,0.875038922,0.402811795,48.08901978,925.4398804,998.3284912,20.86797905,20.72003937,20.26753044,22.91995049,23.45463943,57.64493942,44.30751038,2.372499943,0.056131798
0.20352849960000002,0.1983844042,0.1666488051,0.112422204,0.1071755052,0.0324654788,52.84733275999999,0.02775287416111111,1.997398973,-0.237039194,0.876434505,0.436758786,51.04784012,926.0565796,998.3236084,20.86808014,20.72018051,20.29107094,22.92243004,23.45128059,57.64215088,44.31100082,2.464999914,0.056131941100000006
0.2040014029,0.1991871953,0.16074780230000002,0.1129529953,0.1071755052,0.0376365215,50.97833862,0.02775121900833333,1.997004032,-0.184586301,0.877830088,0.413884997,52.03411865,926.2373047,998.3187256,20.86817932,20.72031975,20.29302979,22.92490005,23.44791031,57.63935852,44.31615829,2.13499999,0.056132078200000005
0.2033978939,0.1983945012,0.1659335017,0.1127526999,0.1071658969,0.0332536697,52.205737299999996,0.027744926877777777,1.996608019,-0.171711504,0.879225612,0.434011698,52.03411865,926.272583,998.3137817,20.86827087,20.72046089,20.28517914,22.92737961,23.44454956,57.63656998,44.32130814,2.289999962,0.0561322212
0.2039186001,0.19942920209999998,0.1631857038,0.11314200160000001,0.1071531057,0.0352088213,53.93452759,0.027716117436111114,1.996212959,-0.032711331,0.880621195,0.40210551,52.03411865,926.3079834,998.309021,20.86837006,20.72060013,20.27733994,22.92985916,23.44117928,57.63378906,44.32646942,2.079999924,0.0561323583
0.20413920879999997,0.2002319098,0.16267910000000002,0.1125440955,0.1071403027,0.036750111,54.9609375,0.027707504697222222,1.995818019,0.168636203,0.882016778,0.409980506,52.03411865,926.3433228,998.3040771,20.86846924,20.72075081,20.26950073,22.93232918,23.43782043,57.63100052,44.33161926,2.130000114,0.0561325014
0.2045053959,0.199417901,0.1678171039,0.11237369779999999,0.10712749960000001,0.0324147791,50.41612854,0.027716780769444446,1.995422959,0.513275504,0.883412421,0.439368904,85.74778748,926.8850708,998.2991943,20.86857033,20.72089005,20.26165009,22.93481064,23.43445969,57.62820816,44.3367691,2.172499895,0.0561326385
0.20373840329999998,0.20007140639999998,0.1636803985,0.11314200160000001,0.10711469650000001,0.0357374996,58.20396118,0.027679027980555555,1.995028019,-0.03271132,0.884807885,0.398223609,96.985672,927.5958252,998.2943115,20.86866951,20.72102928,20.25381088,22.93728065,23.4310894,57.62541962,44.34193039,2.049999952,0.05613278149999999
0.20514318939999998,0.1998185992,0.1671434999,0.1125167966,0.10710190530000001,0.032927811099999996,53.89019165,0.027664460075,1.994632006,-0.247291297,0.887226284,0.422102213,96.985672,928.3065186,998.2894287,20.86875916,20.72117043,20.24596024,22.93976021,23.42773056,57.6226387,44.34708023,2.085000038,0.056132918600000005
0.20406250950000002,0.2001245022,0.1676442027,0.11280570029999999,0.10708910229999999,0.0321744293,60.19597778,0.027627372741666666,1.994236946,-0.247291297,0.889985621,0.427774698,96.985672,929.0172119,998.2844849,20.86886024,20.72130966,20.23811913,22.94223976,23.42436028,57.63180161,44.35223007,2.230000019,0.0561330616
0.20570011140000002,0.20127010350000002,0.162798202,0.11273059839999999,0.10707629919999999,0.0373261988,59.446368410000005,0.027613796658333335,1.993842006,0.04203403,0.892745018,0.395025998,62.32926178,927.5192261,998.2797241,20.86895943,20.72145081,20.4479599,22.94470978,23.42099953,57.64495087,44.35739136,2.24000001,0.0561331987
0.2055046082,0.1999529004,0.1647593021,0.1119202018,0.1070122004,0.0365108609,53.845117189999996,0.0276120313,1.993446946,-0.150849506,0.895504296,0.460085988,50.77711868,928.1207886,998.2747803,20.86906052,20.72159004,20.51856041,22.94718933,23.41764069,57.65810013,44.3625412,2.102499962,0.0561333418
0.2044887066,0.1986158013,0.1678349018,0.11336350440000001,0.1070472956,0.0321179211,49.11004944,0.027610263825000002,1.993052006,0.394302785,0.898263574,0.463305295,50.77711868,927.1845703,998.2698975,20.8691597,20.72172928,20.51856041,22.94965935,23.4142704,57.67124939,44.36769104,2.315000057,0.0561334789
0.2035450935,0.1995363951,0.1613082051,0.1145015001,0.1071212053,0.0373076886,57.96362305,0.02756213506111111,1.992656946,0.234798402,0.901022971,0.415984094,50.77711868,925.4207153,998.2650146,20.86926079,20.72187042,20.51856041,22.95214081,23.41090965,57.68439865,44.37284851,2.287499905,0.0561336219
0.2042151928,0.1982445002,0.1689674973,0.1132663965,0.10719499589999999,0.0305689394,49.36539917,0.027593928444444443,1.992262006,-0.157883003,0.903782308,0.464631706,50.77711868,925.5570068,998.2600708,20.86935043,20.7220192,20.51856041,22.95461082,23.40755081,57.69755173,44.37799835,2.069999933,0.056133759000000005
0.2032150984,0.1990759969,0.1656473994,0.1138126016,0.10726890559999999,0.032597070900000004,56.1361084,0.027587966919444446,1.991865993,-0.247291297,0.906541586,0.405718505,71.42021179,926.3267822,998.255188,20.86944962,20.72216034,20.33637047,22.95709038,23.40418053,57.71068954,44.38315964,2.362499952,0.0561339021
0.2044990063,0.1986932039,0.1661242008,0.11300179960000001,0.1073426962,0.0329517305,52.16566772,0.02772175047222222,1.991471052,0.626764476,0.909300983,0.438842297,78.30124664,927.1901855,998.2503052,20.8695507,20.72229958,20.27564049,22.95956993,23.4008007,57.72383881,44.38830948,2.299999952,0.056134051100000006
0.2030319929,0.1987226009,0.1626433015,0.11345930099999998,0.10736119749999999,0.0360499591,57.34348755,0.02780949911111111,1.991075993,0.044418249,0.910803795,0.43130371,78.30124664,928.0847778,998.2454224,20.86964989,20.72244072,20.27564049,22.96203995,23.39742088,57.72364044,44.39345932,2.037499905,0.05613418220000001
0.2037414074,0.19820079799999998,0.1663149953,0.1134832978,0.10736119749999999,0.0324076414,51.19649048,0.027854860083333332,1.990681052,0.667653918,0.911887825,0.424777687,78.30124664,926.2661133,998.2404785,20.86974907,20.72257996,20.27564049,22.9645195,23.39403915,57.71900177,44.39862061,1.977499962,0.0561343312
0.20304551119999997,0.1989886045,0.1610875964,0.1136504054,0.1074249029,0.0371131897,57.912139890000006,0.02784658433333333,1.990262032,0.067306802,0.912971914,0.409733206,78.30124664,927.256897,998.2357178,20.86984062,20.72271919,20.27564049,22.96699905,23.3906498,57.71435165,44.40377045,2.227499962,0.056134462399999994
0.20357060429999999,0.1985834002,0.1697005987,0.11312450169999999,0.1074972987,0.0292879999,52.72000732,0.027852221583333333,1.989835024,-0.236830503,0.914055884,0.436572909,83.54737091,928.5615234,998.2307739,20.8699398,20.72286034,20.17542076,22.96946907,23.38726997,57.70970154,44.40892029,2.092499971,0.0561346114
0.2042319059,0.2005192041,0.1661540985,0.1129794955,0.1074818015,0.0324292809,56.90288086,0.027803554527777777,1.989408016,-0.240049198,0.915139973,0.389561087,85.29608154,929.5579834,998.2258911,20.87004089,20.72299957,20.14201927,22.97195053,23.38388062,57.70505142,44.41408157,2.3125,0.0561347425
0.20563039779999998,0.2006690979,0.1698197961,0.1118348956,0.107438302,0.030699360399999997,56.31422119,0.02780188877777778,1.988981009,-0.243267894,0.916224003,0.382212996,85.29608154,930.5546265,998.2210083,20.87014008,20.72314072,20.14201927,22.97442055,23.38050079,57.70040894,44.41923141,2.147500038,0.05613489149999999
0.206020999,0.2022167921,0.16717330219999998,0.11226309539999998,0.10739489790000001,0.0334956914,59.69171143,0.027770430247222224,1.988554955,-0.246486604,0.917307973,0.346074402,85.29608154,932.3710938,998.2161255,20.87023926,20.72328949,20.14201927,22.9769001,23.37711906,57.69575882,44.42438889,2.202500105,0.056135022599999994
0.2074522018,0.20278770920000003,0.1625419021,0.1119300961,0.1073516011,0.0396748602,61.02783813,0.027759168413888886,1.988127947,-0.224760398,0.918392122,0.383707613,85.29608154,934.4608765,998.2111816,20.87033081,20.72343063,20.14201927,22.97937012,23.37372971,57.6911087,44.42953873,2.107500076,0.0561351717
0.20667619710000001,0.2015786886,0.1633227944,0.11229870319999999,0.1073081017,0.0394648612,59.14669189,0.027742610508333335,1.987701058,0.183656901,0.919476092,0.471277803,72.32086945,936.5507202,998.2064209,20.87042999,20.72356987,20.18909073,22.98184967,23.37034988,57.68645859,44.43468857,2.067500114,0.056135302799999995
0.2059763908,0.2014722109,0.1667500973,0.1134552002,0.1073011041,0.0348285586,56.06674194,0.02772009107777778,1.987274051,0.321584105,0.919240713,0.476930708,67.9957962,931.3527222,998.2014771,20.87052917,20.72370911,20.21262932,22.98432922,23.36697006,57.68180847,44.43984985,2.332499981,0.0561354518
0.2069722891,0.20186619760000002,0.1688720942,0.11312659979999999,0.10730619429999999,0.0325631291,52.77938232,0.027698567708333333,1.986847043,0.095917441,0.918565512,0.489328891,67.9957962,926.1843872,998.1965942,20.87063026,20.72385025,20.22308922,22.98679924,23.3635807,57.69543076,44.44499969,2.315000057,0.0561355829
0.2068384886,0.2030344963,0.1690330029,0.1126309991,0.1073112965,0.0328208506,61.99558105,0.027657504611111113,1.986420035,-0.180413902,0.91789031,0.483189195,67.9957962,924.0535889,998.1917114,20.87072945,20.72398949,20.23353958,22.9892807,23.36020088,57.71512985,44.45014954,2.130000114,0.0561357319
0.2085792065,0.20426840780000002,0.1689018965,0.1118666053,0.1072777033,0.034114781,60.24318237,0.027666447958333333,1.985993981,-0.228336796,0.91721499,0.466845214,67.9957962,922.6621704,998.1868286,20.87081909,20.72413063,20.24399948,22.99175072,23.35681915,57.73484039,44.45531082,2.252500057,0.0561358571
0.2095535994,0.2044910908,0.1688303947,0.111350596,0.10723110440000001,0.035432058599999997,58.34415283,0.027662472194444444,1.985566974,-0.2409731,0.916539788,0.468791395,69.56996155,921.270813,998.1818848,20.87092018,20.72426987,20.25445938,22.99423027,23.35342979,57.75453949,44.46046066,2.25,0.0561360121
0.20889439580000002,0.2048177958,0.1708688021,0.1122920036,0.1071845055,0.0336222589,62.74517822,0.027639954886111113,1.985836029,-0.247291297,0.914441705,0.435761511,70.09468079,921.0755005,998.177124,20.87101936,20.7244091,20.26491928,22.99670982,23.35004997,57.77425003,44.4656105,2.252500057,0.056136137200000005
0.2107201099,0.20615620610000002,0.1646340966,0.1122470021,0.1071378946,0.0401836991,60.3762207,0.027614788480555555,1.986336946,-0.247291297,0.911869287,0.426083088,70.09468079,921.2788696,998.1721802,20.87112045,20.72455025,20.27537918,22.99917984,23.34667015,57.79396057,44.47077179,2.349999905,0.05613629220000001
0.2099076986,0.20486500259999998,0.1713933945,0.1117252946,0.1070912957,0.0347627401,59.42490845,0.027604524824999997,1.986837983,-0.247291297,0.909296989,0.47194609,70.09468079,922.9786987,998.1672974,20.87121964,20.72470093,20.28583908,23.00165939,23.34328079,57.81365967,44.47592163,2.36500001,0.056136417400000006
0.210236907,0.2061821938,0.168711102,0.1129721999,0.1070894003,0.036153811200000004,59.899151610000004,0.027567435369444445,1.987337947,-0.196149796,0.906724691,0.408921987,58.57424927,922.9650269,998.1624146,20.87132072,20.72484016,20.29630089,23.00414085,23.33989906,57.83337021,44.4809494,2.247499943,0.056136572399999994
0.2115344048,0.206013298,0.1711549997,0.1118924022,0.10710220340000001,0.0350272685,56.20050049,0.027575382655555557,1.987838984,-0.190904498,0.904152274,0.450841308,54.73411179,923.645874,998.1574707,20.87141037,20.7249794,20.30676079,23.00661087,23.33651924,57.85306931,44.48593903,2.397500038,0.05613670950000001
0.2101799011,0.2063098907,0.172478199,0.1126521945,0.10711510179999999,0.0335351586,63.238000490000005,0.027551210191666668,1.98834002,-0.234178096,0.901579976,0.438147306,54.73411179,924.8043213,998.1525879,20.87150955,20.72512054,20.31722069,23.00909042,23.33312988,57.87277985,44.49092865,2.414999962,0.0561368525
0.21202800270000002,0.2075742006,0.1697005987,0.1124835968,0.1071280003,0.0366093487,62.177972409999995,0.027534987130555556,1.988841057,0.083161853,0.899007618,0.407850087,54.73411179,923.2681274,998.1478271,20.87161064,20.72525978,20.32768059,23.01156044,23.32975006,57.89247894,44.49591827,2.167500019,0.0561369896
0.2117449999,0.20673599239999998,0.1757802963,0.11169309620000001,0.1070958018,0.031793889400000004,61.69301758,0.02751710467777778,1.989341974,-0.137497902,0.89643532,0.463497311,54.73411179,923.9404297,998.1428833,20.87170982,20.72540092,20.33814049,23.01403999,23.32637024,57.91218948,44.50091171,2.075000048,0.05613713259999999
0.2123790026,0.208435297,0.1724066973,0.1125010967,0.1070487022,0.0343293488,64.4611084,0.02747603946388889,1.989843011,-0.247410506,0.893862903,0.40049389,79.19638824,921.8278198,998.1378784,20.87181091,20.72554016,20.34860039,23.01651001,23.32298088,57.93188858,44.50588989,2.055000067,0.056137269700000006
0.2132916927,0.20819659229999998,0.1749040961,0.1116544008,0.1070014954,0.0335311711,61.645819089999996,0.02748895645277778,1.989995003,0.05240541,0.891290486,0.434236705,87.35047913,921.0155029,998.1331177,20.87190056,20.7256794,20.35906029,23.01898956,23.31959915,57.95159912,44.51087952,2.402499914,0.056137412799999994
0.2130657911,0.2091240883,0.1693608046,0.1123074055,0.10698970560000001,0.038835761,64.68427734000001,0.027475378247222224,1.990031958,-0.147392407,0.888718188,0.41304189,87.35047913,921.0609741,998.1281738,20.87199974,20.72582054,20.36952019,23.02146912,23.31621933,57.97129822,44.51586914,2.295000076,0.05613754989999999
0.21337490080000002,0.2081197977,0.1751247048,0.1122254014,0.10698970560000001,0.0339993685,60.583648679999996,0.02748299704722222,1.990067959,0.087811098,0.887401283,0.430613905,87.35047913,918.9144897,998.123291,20.87210083,20.72596931,20.37997055,23.02393913,23.31282997,57.99100876,44.52085876,2.152499914,0.0561376929
0.2130712032,0.2089159012,0.1699390054,0.1129660964,0.10698970560000001,0.038180849,63.713647460000004,0.02744723002222222,1.99010396,0.140144795,0.886502922,0.409743011,87.35047913,917.5200806,998.1184082,20.87220001,20.72611046,20.39043045,23.02642059,23.30945015,58.0107193,44.52584839,2.047499895,0.05613783
0.2134071112,0.20812950130000002,0.17637640240000002,0.1123481989,0.10698970560000001,0.032539421299999996,59.891992189999996,0.027458489736111112,1.990141034,-0.132848695,0.88560462,0.423590213,103.6084976,916.6201172,998.1135254,20.87229919,20.72624969,20.22830963,23.02889061,23.30606079,58.0304184,44.53084183,2.237499952,0.0561379671
0.21338229179999998,0.2097649097,0.17396240229999999,0.11273130179999999,0.10698970560000001,0.0341671109,64.10205078,0.027431004841666665,1.990177035,-0.239781007,0.88470608,0.385500401,109.0279007,917.2739868,998.1085815,20.87239075,20.72639084,20.17340088,23.03137016,23.30267906,58.05012894,44.53583145,2.25,0.0561381102
0.21480391029999998,0.2103535891,0.1743855953,0.1118801951,0.10698970560000001,0.0353793412,65.84586792,0.0274021954,1.990213037,-0.187924206,0.883807778,0.374410212,109.0279007,918.4459839,998.1038208,20.87248993,20.72653008,20.17340088,23.03384972,23.29929924,58.06983185,44.54080963,2.319999933,0.0561382473
0.2150965929,0.2107297897,0.1690508962,0.1118983984,0.10698970560000001,0.0413026601,66.02468262,0.027435309091666665,1.990249991,-0.063348614,0.884070575,0.380152285,109.0279007,919.617981,998.098877,20.87258911,20.72666931,20.17340088,23.03631973,23.29590988,58.08953094,44.54579926,2.346250057,0.05613839029999999
0.2142985106,0.2092920065,0.1781288028,0.1124025941,0.10698970560000001,0.0326009303,62.283837889999994,0.027519753775,1.990285993,-0.192573398,0.884720385,0.385894388,109.0279007,919.4896851,998.0939941,20.8726902,20.72681046,20.24399948,23.03879929,23.29253006,58.10924149,44.55078888,2.341249943,0.056138527400000006
0.2150239944,0.21088230609999997,0.1726748943,0.1132475972,0.10698970560000001,0.0366171211,62.45764771,0.02754657321388889,1.990321994,-0.189712405,0.885370314,0.37357989,83.25131989,918.9279175,998.0891113,20.87278938,20.72694969,20.26753044,23.0412693,23.28915024,58.12894821,44.5557785,2.234999895,0.0561386704
0.21499609949999998,0.2094295025,0.1791720033,0.11211479900000001,0.10698970560000001,0.0317103893,59.60875244,0.02759425905,1.990358949,-0.1912622,0.886020184,0.443285495,74.65912628,919.5709839,998.0842285,20.87288094,20.72709084,20.26753044,23.04375076,23.28576088,58.14865112,44.56076813,2.102499962,0.0561388075
0.2145281076,0.21065249439999997,0.1765969992,0.11334370369999999,0.1070947051,0.0328325689,64.1628418,0.027596906025000003,1.99039495,-0.235012606,0.886670113,0.396958798,74.65912628,918.1334839,998.0792847,20.87298012,20.72723961,20.26753044,23.04622078,23.28237915,58.16836166,44.56576157,2.137500048,0.0561389506
0.21587550640000003,0.2114527941,0.17212059500000002,0.11264439820000001,0.1070772052,0.0385319114,66.09406128,0.027604522705555554,1.990430951,0.03094738,0.887319982,0.385606915,74.65912628,915.8684082,998.0745239,20.8730793,20.72738075,20.26753044,23.04870033,23.27899933,58.18806076,44.57073975,2.130000114,0.0561390877
0.2154788017,0.2110249043,0.1682461977,0.11251399520000001,0.10700720550000001,0.0432065815,66.04398804,0.02760700649722222,1.990468025,0.040007431,0.887969911,0.40206641,96.43649292,916.0963745,998.0695801,20.87318039,20.72751999,20.24399948,23.05117989,23.27560997,58.20861053,44.57572937,2.382499933,0.0561392307
0.2148318052,0.2098002911,0.1786116004,0.1132855058,0.10703619719999999,0.0324132591,61.49918823,0.027605018616666668,1.990504026,-0.182440504,0.888619721,0.418525785,103.6956024,913.8292236,998.0646973,20.87327957,20.72765923,20.22913933,23.0536499,23.27223015,58.22943878,44.58071899,2.319999933,0.05613936779999999
0.21549689769999997,0.2109580994,0.17396240229999999,0.11375750300000001,0.1070981026,0.0358379096,61.72307128999999,0.027560814752777777,1.990540981,-0.155021995,0.88926959,0.390838206,103.6956024,912.2625732,998.0598145,20.87336922,20.72780037,20.21977997,23.05612946,23.26885033,58.25027084,44.58570862,2.224999905,0.0561395109
0.21494100089999998,0.2100991964,0.1772287965,0.1131590009,0.1071601033,0.0337293595,63.89677124,0.02756511688333333,1.990576982,-0.2161773,0.889919519,0.404965907,103.6956024,913.2755127,998.0548706,20.87347031,20.72793961,20.21042061,23.05861092,23.26545906,58.27109909,44.59069824,2.367500067,0.056139648
0.2152318954,0.21094920639999998,0.17272859810000002,0.11359649899999999,0.1072219968,0.0373706788,65.29368286,0.02753862592777778,1.990612984,-0.222495496,0.890569329,0.369023204,103.6956024,913.784729,998.0499878,20.87356949,20.72808075,20.20107079,23.06108093,23.26207924,58.29193115,44.59569168,2.42750001,0.05613979100000001
0.21514649389999999,0.2108056068,0.17314579489999998,0.1130763054,0.10728399749999999,0.0378034502,65.43171996999999,0.027523725297222225,1.990650058,0.898208201,0.891219199,0.398316801,53.52695847,913.9063721,998.0452271,20.87367058,20.72821999,20.19170952,23.06356049,23.25869942,58.3127594,44.6006813,2.369999886,0.0561399281
0.21561210160000002,0.21026940349999998,0.172043097,0.1130162954,0.10734590289999998,0.038762489,60.90551758,0.027539291380555556,1.990686059,0.838125825,0.891869128,0.4268457,36.80408096,914.0280762,998.0402832,20.87376976,20.72835922,20.18235016,23.0660305,23.25914955,58.33359146,44.60565948,2.244999886,0.056140071199999995
0.2140171051,0.20965480799999997,0.17557170390000001,0.1137518048,0.1074079037,0.0346976399,63.786608890000004,0.02751909256111111,1.991889954,0.115825698,0.892518878,0.392957211,36.80408096,913.2561035,998.0354004,20.87385941,20.7285099,20.1729908,23.06851006,23.26087952,58.35441971,44.61064911,2.029999971,0.0561402082
0.21544740199999998,0.21118381020000002,0.1695098996,0.11388039590000001,0.1074697971,0.040144971,63.652142330000004,0.02750054677222222,1.993482947,0.077082112,0.89345932,0.367097706,36.80408096,912.1862793,998.0305176,20.87396049,20.72864914,20.16362953,23.07098961,23.26260948,58.37525177,44.6167984,1.985000014,0.0561403513
0.215000391,0.2098002911,0.17800359729999998,0.1126518965,0.1073982,0.0331801295,60.35977173,0.027487299177777775,1.995075941,0.358420312,0.894496381,0.432947487,36.80408096,913.4639893,998.0255737,20.87405968,20.72879028,20.15427017,23.07345963,23.26435089,58.39608002,44.62332916,2.184999943,0.0561404884
0.2150902987,0.21098630429999998,0.1751724005,0.1137734056,0.1074182034,0.0346279204,62.27598267,0.027463124594444447,1.996669054,0.534495115,0.895533621,0.385746002,97.84059143,911.5540771,998.0206909,20.87416077,20.72892952,20.23863029,23.07593918,23.26608086,58.41690826,44.62985992,2.099999905,0.056140631399999995
0.2157083988,0.210927701,0.1752797008,0.1129927039,0.1074834943,0.035706579700000005,63.15073853,0.027487960391666667,1.998262048,0.236825004,0.896570683,0.427760094,118.1860962,910.3587036,998.0158081,20.87425995,20.72907066,20.26753044,23.07840919,23.26781082,58.43774033,44.63639069,2.057499886,0.05614076850000001
0.21530029769999998,0.2112555027,0.17866530419999999,0.11335740089999999,0.10747380259999999,0.0322623909,65.3673584,0.02753034803611111,1.999855042,-0.1534722,0.897607803,0.420548499,118.1860962,909.8427124,998.0109253,20.87434959,20.7292099,20.26753044,23.08089066,23.26954079,58.45856857,44.64292145,2.194999933,0.056140911599999996
0.21691720490000002,0.21304008959999998,0.1776818037,0.1130120993,0.1074391961,0.0335736513,66.11193848,0.027543924119444445,2.001447916,-0.246903896,0.898644924,0.381801099,118.1860962,907.3010864,998.0059814,20.87445068,20.72934914,20.26753044,23.08336067,23.27127075,58.47940063,44.64944839,2.127500057,0.056141048699999994
0.21819729799999998,0.2134557009,0.17686519620000002,0.1119310021,0.10740449430000001,0.0361749589,65.97819824,0.027555847166666668,2.001256943,-0.247023106,0.899682105,0.445452005,94.09776306,908.2296753,998.0012207,20.87454987,20.72949028,20.17340088,23.08584023,23.27300072,58.50022888,44.65597916,2.352499962,0.0561411917
0.218154192,0.21224970820000003,0.1790526986,0.1123458982,0.1073698997,0.0344030201,60.70452881,0.027548561097222223,2.000471115,-0.2471423,0.900719225,0.454944104,86.0683136,906.8530273,997.9962769,20.87464905,20.72963905,20.14201927,23.08831978,23.27474022,58.52106094,44.66250992,2.162499905,0.0561413288
0.2167016983,0.21286261080000002,0.17622740269999998,0.11400359870000001,0.1074076056,0.0360222608,64.32163086,0.027509155272222224,1.999686003,-0.247261494,0.902313173,0.385273814,86.0683136,904.2473145,997.991394,20.87475014,20.7297802,20.14201927,23.09078979,23.27647018,58.54188919,44.66904068,2.174999952,0.056141471899999996
0.2180510044,0.21248960490000002,0.1785400987,0.1133440018,0.1074694991,0.0343224794,59.81472778,0.027516108619444445,1.998900056,-0.220468804,0.904092789,0.430328697,86.0683136,904.5808716,997.9865112,20.87483978,20.72991943,20.14201927,23.09326935,23.27820015,58.56272125,44.67557144,2.172499895,0.056141609
0.21670339109999998,0.2128880024,0.17793810370000002,0.1135707974,0.10753140450000001,0.03455154,64.01262817,0.027480678558333332,1.99811399,-0.238350496,0.905872405,0.426483989,86.0683136,905.8944092,997.9816284,20.87494087,20.73006058,20.14201927,23.09575081,23.27993011,58.5835495,44.68209839,2.002500057,0.056141752
0.2182777882,0.21391279700000002,0.1777055979,0.11325210329999999,0.1075469017,0.0351823509,66.11229858,0.02746676974722222,1.997328997,-0.062037259,0.90765202,0.391750187,101.2650986,902.8994751,997.9766846,20.87504005,20.73019981,20.16555977,23.09822083,23.28166008,58.60438156,44.68862915,2.227499962,0.05614190100000001
0.2186470032,0.21436579230000002,0.1768234968,0.11236799959999999,0.1074566007,0.0370893806,66.11373291,0.02744192971111111,1.99654305,0.819766998,0.909431577,0.432629287,106.3307037,903.1207275,997.9719238,20.87513924,20.73033905,20.16817093,23.10070038,23.28339958,58.62520981,44.69515991,2.289999962,0.0561420321
0.21897029880000002,0.21281180380000003,0.1845543027,0.1126333952,0.10744910240000001,0.0298114687,59.253967290000006,0.027480343713888886,1.995758057,0.088526219,0.911211073,0.432390988,106.3307037,903.0026855,997.96698,20.87524033,20.73048019,20.16119957,23.10317039,23.28512955,58.64604187,44.70169067,2.055000067,0.056142181199999995
0.2176543951,0.21388540269999998,0.178748703,0.11411010029999999,0.1074792027,0.034063071,63.82739258,0.02749690373611111,1.994971991,-0.246576101,0.912990689,0.37686649,106.3307037,902.2546997,997.9620972,20.87532997,20.73061943,20.15423012,23.10564995,23.28685951,58.66687012,44.70822144,2.30250001,0.0561423123
0.21904900070000002,0.2142457962,0.17445110079999998,0.113172996,0.1075093031,0.0394342989,66.11624756,0.027557830811111114,1.994186044,-0.246894002,0.914770424,0.368465304,106.3307037,903.7764893,997.9572144,20.87542915,20.73076057,20.14724922,23.10811996,23.28858948,58.68769836,44.71474838,2.222500086,0.0561424613
0.2177876949,0.21294829850000002,0.1791123986,0.11314179900000002,0.10753940340000001,0.0351335704,65.934552,0.02768333435,1.993401051,-0.247211799,0.916549921,0.413686514,92.59015656,906.0548706,997.9522705,20.87553024,20.73089981,20.14027977,23.11059952,23.29033089,58.64205933,44.72127914,2.257499933,0.0561425924
0.21773710249999997,0.21307480339999998,0.1819733977,0.11422820090000001,0.10767430069999999,0.0309749991,65.94672240999999,0.027841637916666665,1.992614985,0.02450997,0.918329477,0.3665317,88.00998688,904.0020142,997.9473877,20.87562943,20.73103905,20.13331032,23.11416054,23.29206085,58.57426071,44.72780991,2.117500067,0.056142741399999994
0.21878769400000003,0.2143934965,0.1780275941,0.1135764003,0.10771410470000001,0.035047280800000004,65.45819092,0.02795719358333333,1.991829991,-0.156690896,0.918800712,0.41884011,88.00998688,905.152771,997.942627,20.87573051,20.73118973,20.12634087,23.11808014,23.29379082,58.50645828,44.73434067,2.345000029,0.056142872600000004
0.21877698900000003,0.2136739016,0.1821640968,0.1128983974,0.10771069529999999,0.032229408599999995,65.55974731,0.028066471944444445,1.991044044,-0.247291297,0.91883558,0.436247408,88.00998688,905.9014893,997.9376831,20.87582016,20.73133087,20.11935997,23.12199974,23.29552078,58.43865967,44.74087143,2.200000048,0.056143021599999995
0.2188796043,0.2150859118,0.17815860509999998,0.1137097955,0.10770729779999999,0.0355153203,65.99821777,0.028126415666666668,1.990257978,0.305252105,0.918870628,0.378572285,88.00998688,904.1317139,997.9328003,20.87591934,20.73147011,20.11239052,23.12591934,23.29725075,58.37086105,44.74739838,2.089999914,0.0561431527
0.2201966047,0.2152363062,0.1796905041,0.1128932953,0.10770390030000002,0.0353954196,65.83729248,0.028222444333333332,1.989472985,-0.04701665,0.918905616,0.407355607,60.79687881,904.710022,997.9279175,20.87602043,20.73160934,20.20478058,23.12984085,23.29898071,58.30305862,44.75392914,2.012500048,0.0561433017
0.22015669349999997,0.21485159399999998,0.18258730169999998,0.11307369469999999,0.1077005029,0.0326489598,64.8545105,0.028284693833333333,1.988687038,0.553092122,0.918940485,0.433586389,51.72584915,906.2786255,997.9229736,20.87611961,20.73175049,20.23616028,23.13375092,23.30072021,58.23526001,44.7604599,2.027499914,0.0561434388
0.22033159730000001,0.21583139899999998,0.17730029819999998,0.11381490229999999,0.10769710539999999,0.0375512391,65.4632019,0.02834661061111111,1.987900972,0.322060913,0.918975472,0.387483209,51.72584915,905.8140869,997.9182129,20.87620926,20.73188972,20.23616028,23.13767052,23.30245018,58.1674614,44.76699066,1.980000019,0.056143581899999996
0.220321393,0.2154197931,0.1823549032,0.11347889900000001,0.107693696,0.0334765702,66.00108032,0.028424110416666665,1.987115979,-0.145842597,0.919010401,0.432946086,51.72584915,907.3546143,997.9133301,20.87631035,20.73203087,20.23616028,23.14159012,23.30418015,58.09965897,44.77352142,1.967499971,0.056143719
0.2211002111,0.2173302889,0.1795235991,0.11354999539999999,0.10769029859999998,0.0358962595,66.10980225,0.028459195027777776,1.986330032,-0.247291297,0.919045389,0.365552098,92.84118652,906.5222168,997.9083862,20.87640953,20.7321701,20.18909073,23.14550972,23.30591011,58.03186035,44.78004837,2.337500095,0.056143862
0.2225107908,0.2174190998,0.1846138954,0.1125694036,0.10768690110000001,0.0327163607,66.1190979,0.028549611833333332,1.985545039,-0.247291297,0.919080317,0.406479388,106.5463028,907.5285034,997.9035034,20.87651062,20.73232079,20.17340088,23.14942932,23.30764008,57.96406174,44.78657913,2.414999962,0.056143999099999994
0.22267680169999998,0.218689394,0.1808586955,0.1129438996,0.10768350360000001,0.0365604013,66.11815186,0.028592972222222224,1.984758973,-0.247291297,0.917687178,0.393060088,106.5463028,909.5106812,997.8986206,20.8766098,20.73246002,20.17340088,23.15335083,23.30937958,57.89625931,44.79310989,2.25,0.056144142200000004
0.2235508919,0.2194564104,0.181478703,0.1127002954,0.10764820580000001,0.037210789300000005,66.11719971,0.02863966625,1.983973026,-0.247291297,0.915817916,0.395270288,106.5463028,908.6480713,997.8936768,20.87671089,20.73259926,20.17340088,23.15727043,23.31110954,57.82846069,44.79964066,2.335000038,0.0561442792
0.2249881029,0.2198205948,0.1836601973,0.1123307943,0.10760229830000001,0.0358331591,66.10836792,0.028624778333333333,1.983188033,-0.247291297,0.913948715,0.434094906,106.5463028,909.0200195,997.8887939,20.87680054,20.7327404,20.17340088,23.16119003,23.31283951,57.76065826,44.80617142,2.372499943,0.056144422299999996
0.2241883993,0.2203242064,0.1832548976,0.1129572034,0.1075562954,0.0365780413,66.10980225,0.028399611583333335,1.982401967,-0.247291297,0.912079513,0.410758615,69.40026855,907.8416138,997.8839111,20.87689972,20.73287964,20.05574036,23.1651001,23.31456947,57.69285965,44.81269836,2.152499914,0.0561445594
0.22598299979999997,0.22179539199999998,0.1807396054,0.11283849480000001,0.10751039979999999,0.0395846188,66.11552734,0.028240305583333333,1.98161602,-0.034141868,0.910210311,0.395989597,57.01826096,905.9038086,997.8790283,20.87700081,20.73302078,20.01651955,23.1690197,23.31629944,57.66748047,44.81922913,2.237499952,0.0561447024
0.22620449069999998,0.2211401939,0.18784450290000002,0.11199849840000001,0.1074645042,0.033950901,66.10836792,0.028220111,1.980831027,-0.175883904,0.908340991,0.442476004,57.01826096,907.1481934,997.8740845,20.87709999,20.73316002,20.01651955,23.1729393,23.31804085,57.65625,44.83060837,2.117500067,0.0561448395
0.22651760580000002,0.2227082014,0.1826112032,0.1129623055,0.10741859670000001,0.0385290712,66.10819092,0.02823205525,1.980044961,-0.171353802,0.905861974,0.395485908,57.01826096,906.1477051,997.8693237,20.87719917,20.73329926,20.01651955,23.17686081,23.31977081,57.64501953,44.84360123,2.329999924,0.056144982600000004
0.2273541927,0.2223038912,0.18607419730000002,0.11227660180000001,0.1073727012,0.0366339386,66.11176758,0.028305555972222222,1.979259968,-0.220588103,0.903179824,0.454026103,57.01826096,907.0064697,997.8643799,20.87729073,20.7334404,20.01651955,23.18078041,23.31340981,57.63378143,44.85659027,2.210000038,0.0561451197
0.2272289991,0.2232134104,0.18709950449999999,0.1128131032,0.10736119749999999,0.0352044106,66.11533813,0.028365832444444444,1.978474021,-0.2458608,0.900497496,0.427037209,89.41565704,906.2385254,997.8594971,20.87738991,20.73358917,20.04005051,23.18470001,23.30437088,57.59135056,44.86959076,2.035000086,0.0561452627
0.22865660189999998,0.224396801,0.1876417994,0.112490797,0.1073148012,0.0356400609,66.1189209,0.028407861916666666,1.977689028,-0.246496603,0.897815228,0.397815585,100.214798,904.5991211,997.8546143,20.87748909,20.73373032,20.05096054,23.18861961,23.29532051,57.53850937,44.8825798,2.24000001,0.056145399799999995
0.22972350119999999,0.225415206,0.1881664038,0.11189329619999999,0.1072528005,0.0362421691,66.11951294,0.02848736022222222,1.976902962,-0.247132406,0.89651382,0.412022799,100.214798,906.1464844,997.8496704,20.87759018,20.73386955,20.0550499,23.19253922,23.28627014,57.48567963,44.89558029,2.410000086,0.0561455429
0.23045959470000002,0.2259076118,0.1868134022,0.1119416952,0.10719089509999999,0.0385981411,66.1190979,0.028482723222222225,1.976117015,-0.224045098,0.895672619,0.385426104,100.214798,907.147522,997.8447876,20.87768936,20.7340107,20.05912971,23.19646072,23.27721977,57.43284988,44.90856934,2.387500048,0.056145679999999996
0.2302246094,0.2263808966,0.19043140409999998,0.1125324011,0.10712900160000001,0.035476189899999996,66.11868896,0.028406889166666668,1.975332022,-0.239542603,0.894831479,0.377522409,100.214798,907.6123047,997.8400269,20.87778091,20.73414993,20.06320953,23.20037079,23.2681694,57.38002014,44.92155838,2.182499886,0.056145817
0.2322735071,0.2269062042,0.1905447006,0.1121901989,0.10706709619999999,0.0359080106,66.11828003000001,0.02837774913888889,1.974545956,-0.247291297,0.893990278,0.38147229,85.88580322,908.2523804,997.835083,20.8778801,20.73428917,20.0673008,23.20429039,23.25912094,57.3271904,44.93455887,2.32249999,0.0561459601
0.23101201059999998,0.22705109120000003,0.19059230089999998,0.11251950260000002,0.1070052028,0.036337769,66.11787109000001,0.028320778749999997,1.973760009,-0.247291297,0.893149197,0.3854222,81.10945892,910.711792,997.8302002,20.87797928,20.73443031,20.07138062,23.20820999,23.25007057,57.27436066,44.94755173,2.13499999,0.0561460972
0.23255550860000002,0.2281874895,0.19355479479999999,0.11269450190000001,0.10698970560000001,0.033496358999999996,66.11746216,0.028307556583333334,1.973448038,-0.247291297,0.892307997,0.362648189,81.10945892,911.1945801,997.8253174,20.87808037,20.73456955,20.07546043,23.21212959,23.24102974,57.25780106,44.96054077,2.012500048,0.056146240199999996
0.2330681086,0.2284903049,0.1925951004,0.11190580130000001,0.10698970560000001,0.035592430800000005,66.11704712,0.02829827838888889,1.973292947,-0.244430304,0.891466916,0.409686208,81.10945892,913.2962036,997.8203735,20.87817955,20.73471069,20.07954979,23.21604919,23.23197937,57.25334167,44.97354126,2.292500019,0.05614637730000001
0.2332951069,0.22969360349999998,0.1905506015,0.1123685002,0.10698970560000001,0.0379396409,66.11663818,0.028241971333333334,1.973137975,-0.246337593,0.890625715,0.374765992,65.28793335,914.4765015,997.8156128,20.8782692,20.73485947,20.08362961,23.2199707,23.22293091,57.24887085,44.9865303,2.299999952,0.0561465204
0.23474850649999998,0.2292133093,0.1950328946,0.111798799,0.10686670540000001,0.0346606791,66.11624146,0.028058526777777777,1.972983003,-0.126053602,0.889784515,0.413803905,60.01408005,915.0748291,997.81073,20.87837029,20.73500061,20.08770943,23.2238903,23.21388054,57.24441147,44.99953079,2.32249999,0.056146657499999995
0.2336000919,0.22941598889999998,0.1909083009,0.1126415014,0.1068773985,0.0383050591,66.11583252,0.027848250083333335,1.972826958,0.516970992,0.888943374,0.403501689,60.01408005,915.6732178,997.8057861,20.87846947,20.73513985,20.09180069,23.22780991,23.20483017,57.25942993,45.01251984,2.122499943,0.0561468005
0.2341444016,0.2300817013,0.1928632975,0.1128815055,0.1069463968,0.036540991099999996,66.11541747999999,0.027760821447222223,1.972671986,0.020814421,0.890347183,0.364527911,60.01408005,914.8289185,997.8009033,20.87857056,20.73527908,20.09588051,23.23172951,23.1957798,57.28094101,45.02550888,2.125,0.0561469376
0.23538570399999997,0.230418992,0.196588695,0.1118806005,0.10692369939999999,0.0334891587,66.11500853999999,0.02776181750833333,1.972517014,-0.211885706,0.892499387,0.402943105,60.01408005,915.7438965,997.7960205,20.87866974,20.73542023,20.09996033,23.23564911,23.18674088,57.30245972,45.03850937,2.224999905,0.0561470807
0.2354212999,0.23131399149999998,0.1928573966,0.11206979749999998,0.1068704963,0.0375616699,66.11461182000001,0.02771247863888889,1.972362041,-0.175883904,0.894651473,0.380963296,67.10189056,917.4055786,997.7910767,20.87877083,20.73555946,20.10404968,23.23955917,23.17769051,57.32397842,45.05149841,2.107500076,0.0561472178
0.2361165047,0.2318882942,0.1923984051,0.1120460033,0.10681730510000001,0.0389156312,66.11420288000001,0.027689628600000002,1.97220695,-0.03652611,0.896803677,0.362836391,69.4644928,917.8450928,997.7863159,20.87886047,20.73570061,20.1081295,23.24348068,23.16864014,57.34550095,45.0644989,2.285000086,0.056147360800000004
0.23657970430000003,0.2316644907,0.1965767026,0.11178840400000001,0.1068040013,0.0353115588,66.10551147,0.02767803616111111,1.972051978,0.344234198,0.898955882,0.402057707,69.4644928,919.5899048,997.781311,20.87895966,20.73583984,20.11220932,23.24740028,23.15958977,57.36701965,45.07749176,2.262500048,0.056147497899999996
0.2368499994,0.2326971054,0.1952772975,0.1122720003,0.1068040013,0.0363871187,66.10330811,0.027670752208333333,1.971897006,-0.071216486,0.901108027,0.372336596,69.4644928,920.3035278,997.7764282,20.87906075,20.73597908,20.11630058,23.25131989,23.1505394,57.38853836,45.0904808,2.244999886,0.0561476409
0.2376745939,0.2323478937,0.19949740170000002,0.1118458033,0.1068040013,0.0331997186,66.10418701,0.02767240736111111,1.971742034,-0.247291297,0.903260171,0.420199811,69.4644928,920.4830933,997.7714844,20.87915993,20.73612022,20.1203804,23.25523949,23.14149094,57.41006088,45.10348129,2.122499943,0.056147778
0.23743269439999998,0.2331120968,0.1936619997,0.11244540210000001,0.1068040013,0.0386859208,66.10507202,0.027645585802777775,1.971586943,-0.247291297,0.905412376,0.40790379,84.66033173,920.6627197,997.7667236,20.87925911,20.7362709,20.04273987,23.25915909,23.13244057,57.43156815,45.11647034,2.170000076,0.0561479211
0.2372304916,0.23276329040000002,0.197536397,0.11246060129999999,0.1068040013,0.035575759400000004,66.10595092999999,0.027637307908333335,1.971431971,-0.079561301,0.907564521,0.396231115,89.72560883,919.8635254,997.7617798,20.87935066,20.73641014,20.01651955,23.2630806,23.12339973,57.45309067,45.12945938,2.252500057,0.056148058199999996
0.2378906012,0.23335580829999997,0.19399579760000002,0.1126343012,0.1068040013,0.0387675107,66.10682983000001,0.02762869728888889,1.971276999,-0.189235494,0.908728182,0.39536649,89.72560883,918.7379761,997.756897,20.87944984,20.73654938,20.01651955,23.2670002,23.11434937,57.47460938,45.14245987,2.150000095,0.056148201200000004
0.23787150380000002,0.2326889992,0.1990085959,0.1122452021,0.1068040013,0.034347111,66.10770873999999,0.02762571758611111,1.971122026,-0.246218398,0.90956229,0.430174798,89.72560883,918.0535278,997.7520142,20.87955093,20.73669052,20.01651955,23.27091026,23.1053009,57.4961319,45.15544891,2.095000029,0.0561483383
0.23792269230000002,0.23361570839999998,0.1949792981,0.1128949046,0.1068040013,0.0377096504,66.10858765,0.02757505205,1.970967054,-0.169208005,0.910396397,0.379853606,91.54251099,917.5161133,997.7470703,20.87965012,20.73682976,20.20478058,23.27482986,23.09625053,57.5176506,45.1684494,2.105000019,0.056148481400000005
0.2379112005,0.2329216957,0.1988237977,0.11249990459999999,0.1068040013,0.0347918212,66.10947266,0.02757505205,1.974846959,-0.110079303,0.911230505,0.392655104,92.14813995,918.0233765,997.7421875,20.8797493,20.7369709,20.26753044,23.27874947,23.08720016,57.53916931,45.18143845,2.049999952,0.056148618500000004
0.2380702019,0.2338661909,0.19742900130000002,0.1129318953,0.1069275022,0.0354925901,66.11035156,0.02755385928611111,1.980072975,-0.210216701,0.912064612,0.38729009,92.14813995,918.8792114,997.7374268,20.87984085,20.73711014,20.26753044,23.28266907,23.0781498,57.56068039,45.17752075,2.059999943,0.0561487615
0.2388041019,0.2331389904,0.1994140029,0.11214740279999999,0.1069740057,0.0344522208,66.11123047,0.027561806572222222,1.985298991,0.369626105,0.912898719,0.432285696,92.14813995,919.7348022,997.7324829,20.87994003,20.73724937,20.26753044,23.28659058,23.06911087,57.5821991,45.16796875,2.355000019,0.0561488986
0.2375416994,0.2335935116,0.1956946015,0.1130344987,0.10698109870000001,0.0374444008,66.11210938,0.027530678644444445,1.990524054,-0.04165215,0.913732827,0.371999592,92.14813995,919.0441895,997.7276001,20.88003922,20.73739052,20.26753044,23.29051018,23.0600605,57.60372162,45.15842056,2.269999981,0.0561490417
0.2385540009,0.2334871054,0.20063591,0.11279120449999999,0.1069882035,0.0329576999,66.11298828,0.027524388630555556,1.99574995,-0.247112498,0.914566875,0.359868407,81.08733368,917.8381958,998.1624146,20.8801403,20.73753929,20.0322094,23.29442978,23.05101013,57.62524033,45.14886856,2.352499962,0.0561491787
0.2385514975,0.23442780970000002,0.196678102,0.1126098037,0.10699529649999999,0.0368090212,66.11386719,0.027503528594444444,2.000974894,-0.246874094,0.915400982,0.395237505,77.40039063,920.3499756,998.3068237,20.88023949,20.73768044,19.95376968,23.29834938,23.04195976,57.64675903,45.13932037,2.467499971,0.0561493218
0.2387783051,0.2335088968,0.2009638071,0.1123685002,0.10700240139999999,0.0334640712,66.10336914,0.027525713177777775,2.001313925,0.406939209,0.916235089,0.473932385,77.40039063,919.3300781,998.305481,20.88032913,20.73781967,19.95376968,23.30227089,23.03290939,57.66827011,45.12976074,2.400000095,0.056149458900000004
0.23850250239999998,0.23429069519999998,0.1981920958,0.1131335974,0.1070683956,0.03531681,66.11052246,0.027500877380555556,2.00002408,0.211075395,0.917069316,0.481922805,77.40039063,916.7197876,998.3043213,20.88043022,20.73796082,19.95376968,23.30617905,23.03801918,57.68978882,45.12020874,2.077500105,0.0561496019
0.23890089990000002,0.2337270975,0.2004093885,0.1126554966,0.10715409520000001,0.0338812888,66.11409302,0.027491272819444447,1.998733997,-0.096012443,0.917903423,0.494141698,77.40039063,911.0003052,998.3029785,20.8805294,20.73810005,19.95376968,23.31010056,23.04784012,57.71131134,45.11066055,2.190000057,0.056149739
0.2385518074,0.23437490460000002,0.1958971977,0.113063395,0.1071755052,0.037829861,66.11409302,0.02746809429722222,1.997444034,-0.212124005,0.918737471,0.452010214,83.73486328,906.2196045,998.3018188,20.88063049,20.73823929,20.02437019,23.31402016,23.05765915,57.73283005,45.10110092,2.342499971,0.056149882100000006
0.23870470519999998,0.2334144115,0.20115439890000003,0.112728405,0.1072134972,0.0332203686,66.11409302,0.027504853141666667,1.996152997,-0.185539901,0.918901384,0.4499695,85.84635925,903.9614868,998.3004761,20.88072968,20.73838043,20.04789925,23.31793976,23.06748009,57.75434113,45.09154892,2.099999905,0.0561500311
0.238201499,0.2338310003,0.1998311996,0.11332190040000001,0.10726410150000001,0.0336369604,66.11409302,0.02749789767777778,1.994863033,-0.227979094,0.918842077,0.419017196,85.84635925,904.3900757,998.2993164,20.88081932,20.73851967,20.04789925,23.32185936,23.07729912,57.77585983,45.08200073,2.0625,0.056150168199999996
0.2388673067,0.2342143059,0.1968925953,0.1130465984,0.1073148012,0.0369563013,66.11409302,0.027540283202777776,1.99357295,-0.247112498,0.918782711,0.371565402,85.84635925,905.5070801,998.2979736,20.88092041,20.73866081,20.04789925,23.32578087,23.08712959,57.79737854,45.07244873,2.095000029,0.056150311200000004
0.2383786917,0.23385739330000002,0.19934840199999998,0.11303369999999999,0.10736550090000001,0.0348659009,66.11193848,0.02763432396666667,1.992282987,-0.246874094,0.918723226,0.380723804,85.84635925,909.1328735,998.296814,20.88101959,20.73880959,20.04789925,23.32970047,23.09695053,57.81890106,45.08800125,2.325000048,0.0561504483
0.2386290073,0.23376290800000002,0.1975661993,0.11325429680000001,0.10741610530000001,0.0362913013,66.11143188,0.027770436605555556,1.990417004,-0.097681403,0.9186638,0.371915907,94.51558685,911.4697266,998.2954712,20.88112068,20.73895073,20.21261978,23.33362007,23.10676956,57.80411148,45.11191177,2.182499886,0.056150591400000005
0.23804700369999998,0.233810401,0.1952772975,0.11347490549999999,0.10746680500000001,0.0385576487,66.11168823,0.027886666194444444,1.988360047,-0.060845159,0.918604374,0.367924899,97.40532684,913.0982056,998.2943115,20.88121986,20.73908997,20.26753044,23.33753967,23.1165905,57.77721024,45.13582993,2.36500001,0.056150728500000004
0.2383187056,0.2332128048,0.1997596979,0.1133628964,0.10751739739999999,0.034074771399999995,66.11193848,0.027959834194444446,1.986302972,-0.201752707,0.918544888,0.386214703,97.40532684,914.7266235,998.2930298,20.88130951,20.7392292,20.26753044,23.34145927,23.12641907,57.75032043,45.15974045,2.480000019,0.0561508715
0.23830449580000002,0.23378560539999999,0.20006370539999999,0.1134183049,0.1075680971,0.03314915,66.11220703000001,0.02794263838888889,1.984246016,-0.2458608,0.918485522,0.410032004,97.40532684,916.3551025,998.291687,20.8814106,20.73937035,20.26753044,23.34538078,23.13624001,57.72343063,45.1836586,2.272500038,0.056151008599999996
0.23890941140000002,0.2343518019,0.1957183957,0.1131010056,0.1076187015,0.0380672395,66.11246948,0.027929721416666668,1.982189059,0.120474897,0.918426216,0.395958513,87.96871185,917.2216797,998.2905273,20.88150978,20.73950958,20.15693092,23.34929085,23.14606094,57.69652939,45.20758057,2.301249981,0.0561511517
0.23826398850000002,0.23383390899999998,0.19942580459999998,0.1132156014,0.10766940119999999,0.0349258989,66.11273193,0.027897249861111112,1.980131984,-0.123788603,0.918366671,0.413372099,84.82317352,917.8344116,998.2891846,20.88161087,20.73965073,20.1200695,23.35321045,23.15587997,57.66963959,45.23149109,2.436249971,0.0561512887
0.2390566111,0.23463599679999997,0.1963919044,0.1135257959,0.10772000550000001,0.037441951,66.11298828,0.027882694666666666,1.978075027,-0.231197804,0.918307304,0.379591912,84.82317352,915.9052124,998.2880249,20.88171005,20.73978996,20.1200695,23.35713005,23.16570091,57.64274979,45.25540924,2.17750001,0.0561514318
0.23912329670000002,0.234514904,0.1970952988,0.1129801989,0.10773270130000001,0.0375407398,66.11323853,0.02786647161111111,1.976017952,-0.233999297,0.918247879,0.416516513,84.82317352,916.1779175,998.2868042,20.8817997,20.7399292,20.1200695,23.36104965,23.17552948,57.64712906,45.27931976,2.297499895,0.056151568900000004
0.2395059109,0.23390510080000002,0.20142860410000002,0.11332210300000001,0.1077790976,0.0330953091,66.11350708,0.02786447313888889,1.973960996,-0.244251505,0.918188512,0.427250087,84.82317352,915.7008057,998.2855225,20.88190079,20.74007988,20.1200695,23.36496925,23.18535042,57.66194916,45.30324173,2.085000038,0.0561517119
0.2385374069,0.2344094992,0.19890129569999998,0.11405489440000001,0.10784100290000001,0.0350067496,66.11376953,0.027822750944444443,1.979272008,0.04537192,0.916588783,0.388422698,81.80075836,913.0861206,998.2843018,20.88199997,20.74021912,20.25419998,23.36889076,23.19516945,57.67676163,45.29320908,2.282500029,0.056151849
0.2396266937,0.2356726885,0.1971786976,0.1135527015,0.10790289639999999,0.0372307211,66.11403198000001,0.027808500916666666,1.98703897,0.262216985,0.914475679,0.360132992,80.79328918,912.4229736,998.28302,20.88209915,20.74036026,20.29891014,23.37281036,23.20499039,57.69158173,45.27185059,2.154999971,0.056151992100000006
0.24072248940000002,0.23610460760000002,0.20152399540000002,0.11263890270000002,0.1078719974,0.034148681199999996,66.10551147,0.027805527583333333,1.994806051,-0.109960102,0.912362576,0.392835289,80.79328918,912.5827026,998.2817993,20.88220024,20.7404995,20.29891014,23.37672997,23.21480942,57.70639038,45.25049973,2.057499886,0.0561521292
0.24120349879999997,0.2373791933,0.20012919899999998,0.11288930180000001,0.10781010390000001,0.035975348899999995,66.10443726,0.02777075449722222,2.002573013,-0.247291297,0.910249412,0.366320014,80.79328918,911.18927,998.2805176,20.88228989,20.74064064,20.29891014,23.38064003,23.22463989,57.72121048,45.22914124,2.095000029,0.0561522722
0.2423090935,0.2381169081,0.2007730007,0.1124052048,0.10774819849999999,0.0366062701,66.10681763,0.027768438127777777,2.003648996,-0.229052097,0.908136308,0.365833998,80.79328918,909.2781982,998.2792969,20.88238907,20.74077988,20.29891014,23.38455963,23.23446083,57.73601913,45.20779037,2.207499981,0.0561524093
0.24339170459999998,0.23819379810000002,0.1980370998,0.11225429769999999,0.1077172041,0.040079888699999996,66.10921021,0.027755525377777777,2.00249505,-0.228932902,0.906023204,0.38260749,73.9457016,908.6209106,998.2780151,20.88249016,20.74091911,20.27537918,23.38847923,23.24427986,57.75083923,45.18643188,2.269999981,0.0561525524
0.2417757034,0.2371345043,0.20388441089999998,0.1131108046,0.1076966047,0.0343094796,66.11160278,0.027740292019444442,2.001339912,-0.236880302,0.9039101,0.386728406,71.66316986,908.3814697,998.2767944,20.88258934,20.74106026,20.26753044,23.39240074,23.2541008,57.76565933,45.16508102,2.11500001,0.0561526895
0.24286069870000002,0.23868510719999997,0.2051420927,0.11397969720000001,0.1076758981,0.031938839000000004,66.11397705,0.02770320468611111,2.000185013,-0.244827703,0.901135087,0.344412297,71.66316986,904.7637939,998.2755737,20.88269043,20.74121094,20.26753044,23.39632034,23.26392937,57.7804718,45.16978073,2.059999943,0.056152832500000006
0.2442507982,0.23905069829999998,0.2037353992,0.1125385046,0.10765529869999999,0.0349318087,66.11635742,0.027707841661111114,1.999030948,-0.231078595,0.898139596,0.39481011,71.66316986,904.4197998,998.274292,20.88278008,20.74135017,20.26753044,23.40023994,23.2615509,57.7952919,45.18315887,2.180000067,0.056152969600000005
0.2434797049,0.23972170350000002,0.20152399540000002,0.1129431963,0.107634604,0.0375267386,66.1156189,0.02768731011388889,1.997876048,-0.241926804,0.895144105,0.371968001,66.60540771,903.3369751,998.2730713,20.88287926,20.74148941,20.26753044,23.40415955,23.25511932,57.81010056,45.19654083,2.19749999,0.0561531126
0.2449853897,0.24021730419999998,0.20549960139999998,0.1128286004,0.1076140046,0.0342220604,66.11383057,0.027665782505555556,1.996721983,0.308470786,0.892148614,0.374047786,64.919487,899.6098022,998.2717896,20.88298035,20.74163055,20.26753044,23.40807915,23.24868011,57.82492065,45.20993042,2.400000095,0.0561532497
0.2450939894,0.2405401945,0.2057797909,0.11271630530000001,0.10759329799999999,0.034402671499999996,66.11204224000001,0.027618764241666666,1.995566964,-0.06024909,0.889153004,0.396527588,64.919487,898.8883057,998.2706299,20.88307953,20.74176979,20.26753044,23.41198921,23.24225044,57.83972931,45.22330856,2.25999999,0.0561533928
0.2455820084,0.241348505,0.2052731991,0.1130597949,0.1075726986,0.0352554113,66.1102478,0.027608496347222223,1.994413018,-0.245801196,0.886157513,0.357931703,64.919487,897.6049805,998.2692871,20.88318062,20.74191093,20.26753044,23.41591072,23.23580933,57.85454941,45.23669052,2.242500067,0.0561535299
0.2464590073,0.2426003933,0.2017921925,0.112747705,0.1075520992,0.039556211200000004,66.10847168000001,0.02758697297777778,1.993257999,-0.246993303,0.883161902,0.352953315,64.919487,897.7213135,998.2681274,20.88327026,20.74205017,20.26753044,23.41983032,23.22937965,57.86936188,45.25008011,2.140000105,0.05615367289999999
0.24733600619999999,0.2413734913,0.20942170619999997,0.11218359470000001,0.1074239969,0.0331786811,66.10667724999999,0.027605186038888892,1.992104053,-0.049520101,0.880166411,0.395603001,90.35339355,898.5015259,998.2667847,20.88336945,20.74218941,20.26753044,23.42374992,23.22294044,57.88417816,45.26345825,2.325000048,0.056153810000000005
0.24592208860000003,0.2424233913,0.2057678938,0.1136489987,0.10744450089999999,0.0356055588,66.10488281,0.027555183833333333,1.990949035,-0.181367606,0.877170801,0.341807187,98.83136749,898.3712158,998.265625,20.88347054,20.74233055,20.26753044,23.42766953,23.21651077,57.89899063,45.27684021,2.407500029,0.056153947100000004
0.2476758003,0.24359788889999998,0.2025908947,0.1132326961,0.10752639770000001,0.0398324609,66.10308838,0.027532666525000003,1.98979497,-0.247291297,0.87417531,0.342897713,98.83136749,897.9373779,998.2642822,20.88356972,20.74246979,20.26753044,23.43158913,23.21006966,57.91381073,45.2902298,2.140000105,0.05615409019999999
0.248180604,0.2433681011,0.20819981099999998,0.1124474049,0.1074125051,0.0353980988,66.10479735999999,0.02755253685833333,1.988639951,-0.247291297,0.872007072,0.39225471,98.83136749,899.4570923,998.2631226,20.88367081,20.74261093,20.26753044,23.43551064,23.20363045,57.92863083,45.30361176,2.282500029,0.056154227300000005
0.248674798,0.2437860012,0.20708520410000003,0.1129629016,0.107366097,0.036282891,66.10764771000001,0.027528690761111113,1.987486005,-0.141431898,0.870114684,0.372369289,98.83136749,897.2097778,998.2617798,20.88376045,20.7427597,20.26753044,23.43943024,23.19720078,57.94343948,45.3169899,2.472500086,0.0561543703
0.2486964941,0.24454159739999998,0.2054817915,0.11306539769999999,0.1073639035,0.0383697003,66.11052246,0.027503528594444444,1.986330986,0.767910182,0.868222415,0.368011892,82.36537933,896.3449097,998.2606201,20.88385963,20.74290085,20.26753044,23.44334984,23.19075966,57.95825958,45.33037949,2.172499895,0.0561545074
0.2495588064,0.24314370159999998,0.2105304003,0.1126929998,0.10736169820000001,0.0340330809,66.11337891,0.02752538045277778,1.98517704,0.099016838,0.866330028,0.416019291,76.87671661,896.4317017,998.2592773,20.88396072,20.74304008,20.26753044,23.44726944,23.18432999,57.97518158,45.34376144,2.367500067,0.05615465039999999
0.24713521,0.24336678979999998,0.2076276064,0.1143978,0.1074308038,0.0355161101,66.10764771000001,0.027483658261111113,1.984022021,-0.240734696,0.86443758,0.347120106,76.87671661,896.5184937,998.2581177,20.88405991,20.74317932,20.26753044,23.45119095,23.17789078,57.9928093,45.35715103,2.470000029,0.056154787500000004
0.248794198,0.2450089931,0.2070076942,0.11390039919999999,0.1075237036,0.0363590896,66.10617065,0.02746676974722222,1.982867002,-0.247291297,0.862545192,0.310004085,76.87671661,894.7775879,998.2567749,20.88415909,20.74332047,20.26753044,23.45509911,23.1714592,58.01044083,45.37052917,2.387500048,0.0561549306
0.2504451036,0.24563109870000002,0.20712089539999998,0.1121865988,0.10747729539999999,0.037952768799999995,66.10706177,0.027446903652777778,1.981713057,-0.2344165,0.860652804,0.362529993,76.87671661,897.9503174,998.2556152,20.88425064,20.7434597,20.26753044,23.45902061,23.16501999,58.02806854,45.38391113,2.05250001,0.056155067700000005
0.2497745037,0.24584228989999998,0.20546391009999998,0.11277610060000001,0.10738439559999999,0.0401567012,66.10792847,0.027442264555555557,1.980558038,0.40503189,0.867797315,0.366537988,88.26316833,898.3577881,998.2542725,20.88434982,20.74360085,20.26753044,23.46294022,23.15859032,58.04570007,45.39730072,2.295000076,0.0561552107
0.25055649280000003,0.2458509922,0.21019070150000002,0.113064301,0.10736119749999999,0.035640919199999996,66.10880737,0.027436964247222223,1.979403973,0.457961589,0.877954125,0.388268411,92.05864716,897.2299805,998.2531128,20.88445091,20.74374008,20.26753044,23.46685982,23.1521492,58.0633316,45.41067886,2.372499943,0.0561553478
0.2510795116,0.24579219819999998,0.2096004963,0.1129870057,0.10736119749999999,0.0361780494,66.10969238,0.027416106330555554,1.978248954,0.697933495,0.878490627,0.423690408,92.05864716,895.8253784,998.25177,20.88455009,20.74389076,20.26753044,23.47077942,23.14571953,58.08095932,45.42406082,2.262500048,0.05615549090000001
0.2497549057,0.24632489679999997,0.2094813108,0.11364140510000001,0.10736119749999999,0.0362867504,66.11057739,0.027458491855555555,1.977095008,0.01342338,0.87582022,0.391933888,92.05864716,891.5394287,998.2506104,20.88464928,20.74403,20.26753044,23.47470093,23.13928032,58.09859085,45.43745041,2.196249962,0.056155628
0.2517940998,0.24759800429999998,0.2084145069,0.1131644964,0.10736119749999999,0.0379105389,66.11146240000001,0.02754723654722222,1.975939989,-0.237277597,0.873149872,0.386368185,92.05864716,886.3237915,998.2493286,20.88474083,20.74416924,20.26753044,23.47862053,23.13285065,58.11621857,45.45082855,2.151249886,0.056155771
0.2521970034,0.2477781057,0.2108999014,0.1122292042,0.10736119749999999,0.0366980195,66.11234131,0.027606179977777777,1.974786043,-0.242880493,0.870479584,0.422370315,96.15471649,884.4868774,998.2481079,20.93417931,20.74431038,20.26753044,23.48254013,23.12640953,58.1338501,45.46421051,2.342499971,0.0561559081
0.2527228117,0.2483030081,0.21435708999999997,0.11274859909999999,0.10736119749999999,0.0334210306,66.11322021,0.02761230468888889,1.973631024,-0.05452697,0.867809176,0.387296408,97.52007294,881.621521,998.2468262,20.95067978,20.74444962,20.26753044,23.48645973,23.11997986,58.15148926,45.4776001,2.132499933,0.0561560512
0.25361490249999996,0.24878458979999998,0.2106256962,0.1126628041,0.1072397947,0.037677291,66.11409912,0.027605018616666668,1.972476959,0.324683487,0.865138888,0.36187911,97.52007294,880.7161865,998.2456055,20.9507103,20.74459076,20.26753044,23.4903698,23.11354065,58.16852951,45.49097824,2.369999886,0.0561561882
0.25309669970000004,0.2491662979,0.2062804937,0.1129161954,0.1071903944,0.0425667197,66.11497803,0.027585315705555558,1.97132194,0.711642921,0.864731491,0.373814106,97.52007294,882.3497925,998.2443237,20.95075035,20.74473,20.26753044,23.4942894,23.10710907,58.18537903,45.5043602,2.164999962,0.056156331299999994
0.2542237043,0.24830389020000002,0.21662209030000001,0.11275730129999999,0.1071784973,0.0325650811,66.11586304,0.027617109086111112,1.970167994,0.191882402,0.86507839,0.394181401,91.09108734,882.7874146,998.243103,20.95079041,20.74486923,20.26753044,23.49821091,23.10066986,58.20222855,45.51774979,2.292500019,0.056156468400000006
0.2533452034,0.2492908001,0.209296608,0.1137482047,0.10729409459999999,0.0390073806,66.11674194,0.027584985097222223,1.970713973,-0.070978113,0.865425289,0.337768912,88.94809723,882.6434937,998.2418823,20.95083046,20.74501038,20.26753044,23.50213051,23.09423065,58.21908188,45.53113174,2.069999933,0.0561566114
0.2539201021,0.2495584965,0.2119312048,0.1133147001,0.1073137999,0.0373596102,66.10192871000001,0.02758697297777778,1.971827984,-0.2080708,0.865772188,0.325315803,88.94809723,884.3953857,998.2406006,20.95085907,20.74515915,20.26753044,23.50605011,23.08779907,58.2359314,45.54450989,2.007499933,0.0561567485
0.2542602062,0.2502837896,0.2119312048,0.1128633022,0.10728750229999999,0.0376273394,66.10336304,0.027591612075,1.972941995,-0.183632597,0.866119087,0.336046785,88.94809723,886.7794189,998.2393799,20.95089912,20.74530029,20.26753044,23.50996971,23.08135986,58.25278091,45.55789948,2.140000105,0.056156897500000004
0.25511720179999997,0.2513252974,0.21029789449999997,0.1126147032,0.1072610974,0.0399284303,66.11193848,0.02759028540833333,1.974056005,-0.2260717,0.866465986,0.339866906,88.94809723,889.1633911,998.2380981,20.95093918,20.74543953,20.26753044,23.51388931,23.07493019,58.26963043,45.57128143,2.037499905,0.0561570287
0.2563775063,0.2506110907,0.2159782887,0.1122287989,0.1072347999,0.0353278697,66.11624756,0.027603861491666666,1.975168943,-0.044513229,0.866812885,0.372537196,49.37670898,890.2374878,998.2368774,20.95097923,20.74558067,20.26753044,23.51781082,23.06848907,58.28647995,45.58465958,1.99000001,0.056157177700000005
0.25559890269999996,0.25174899100000003,0.2093204021,0.11334810259999999,0.10720839499999998,0.0412907213,66.1166687,0.02757869508611111,1.976282954,-0.179341003,0.867159784,0.319878012,36.18624115,890.8748779,998.2355957,20.95100975,20.74571991,20.26753044,23.52172089,23.0620594,58.30334091,45.59804916,2.25999999,0.05615730880000001
0.256219697,0.2508863926,0.21585910319999999,0.1130306005,0.1071820974,0.035889861,66.11629028,0.027575713263888888,1.977396965,-0.246903896,0.867506683,0.342364401,36.18624115,891.5123291,998.234375,20.9510498,20.74585915,20.26753044,23.52564049,23.05562019,58.32019043,45.61143112,2.244999886,0.0561574578
0.25591111180000004,0.2516750097,0.20907599929999998,0.1134894013,0.1072325945,0.0418104202,66.11591187,0.02754624260833333,1.978510022,-0.247023106,0.867853582,0.334646195,36.18624115,892.1497192,998.2330933,20.95108986,20.74600029,20.26753044,23.52956009,23.04917908,58.33703995,45.62480927,2.307499886,0.056157588999999994
0.25565741059999997,0.2508884907,0.2159782887,0.11320869920000001,0.1072268009,0.0356965989,66.11552734,0.027553528680555554,1.97824204,-0.2471423,0.868200481,0.362783313,36.18624115,891.2335815,998.2318726,20.95112038,20.74613953,20.26753044,23.53347969,23.0427494,58.35388947,45.63819885,2.077500105,0.056157738
0.2564023972,0.2523144007,0.2164491892,0.1133898973,0.10719369649999999,0.034439221,66.11514893,0.027537634108333334,1.977512002,-0.247261494,0.86854738,0.338989496,85.92080688,889.7996826,998.2307129,20.95116043,20.74628067,20.26753044,23.53739929,23.0363102,58.37073898,45.65158081,2.3125,0.056157881
0.2574137926,0.2533327103,0.2130754948,0.11243220570000001,0.107160604,0.0392388195,66.1147583,0.027519423166666664,1.976783037,-0.149657398,0.868894398,0.320242107,102.4990005,888.3657837,998.2293701,20.95120049,20.74642944,20.26753044,23.5413208,23.02988052,58.3875885,45.66495895,2.352499962,0.0561580181
0.2575654984,0.2536227942,0.2127058983,0.11246180530000001,0.10712749960000001,0.040626698700000005,66.11437988,0.027520743475,1.976052999,-0.056315139,0.869241297,0.342262805,102.4990005,889.4683228,998.2280884,20.95124054,20.74657059,20.26753044,23.5452404,23.02343941,58.40444183,45.67834854,2.097500086,0.0561581612
0.2582336903,0.2534926891,0.2195188999,0.1125867009,0.1070945024,0.034103840600000004,66.11400146,0.027527366213888887,1.975324035,-0.194480807,0.869588196,0.335155904,102.4990005,888.7780151,998.2269287,20.95126915,20.74670982,20.26753044,23.54916,23.01700974,58.42129135,45.6917305,2.162499905,0.0561582983
0.2589183092,0.25484449859999997,0.21512598989999998,0.1128633976,0.1070917964,0.0383666992,66.11362305,0.027518094380555556,1.974593997,-0.247291297,0.869935095,0.31487599,95.51693726,887.2081299,998.2255859,20.9513092,20.74684906,20.26753044,23.55307961,23.01057053,58.43814087,45.70510864,2.24000001,0.056158441299999994
0.2591202021,0.2535499096,0.22043089870000002,0.11227040290000001,0.1070991993,0.0344135612,66.11323853,0.027587966919444446,1.973865032,-0.247291297,0.871511579,0.371007115,93.18958282,887.7930298,998.2244263,20.95134926,20.7469902,20.26753044,23.55699921,23.00414085,58.45499039,45.71849823,2.25,0.056158578400000006
0.2581459999,0.254398489,0.21697969439999998,0.1136824965,0.1071066976,0.0365700901,66.11284789999999,0.027593597836111112,1.973134995,-0.247291297,0.873498023,0.338567793,93.18958282,886.4360962,998.2230835,20.95138931,20.74712944,20.26753044,23.56090927,22.99769974,58.4718399,45.73188019,2.077500105,0.0561587214
0.2595556974,0.25492169859999997,0.2156744003,0.1131536007,0.1071141005,0.0387241989,66.11246948,0.027592271169444446,1.97240603,0.054908819,0.875484407,0.303426892,93.18958282,881.989502,998.2219238,20.95141983,20.74727058,20.26753044,23.56483078,22.99127007,58.48868942,45.74525833,2.357500076,0.0561588585
0.25940771100000004,0.2546941996,0.2182434082,0.1126628041,0.1071215987,0.036678340999999996,66.11209106,0.0275899548,1.971675992,0.01401941,0.877470791,0.365324199,93.18958282,882.8192749,998.2205811,20.95145988,20.74740982,20.26753044,23.56875038,22.98483086,58.50553894,45.75865173,2.289999962,0.0561590016
0.2599061012,0.2554971933,0.21607370380000002,0.11323419809999999,0.10712900160000001,0.0386205405,66.11171265,0.02757273356111111,1.970947027,-0.193765506,0.879457176,0.324913293,88.15498352,880.7449951,998.2194214,20.95149994,20.74754906,20.17340088,23.57266998,22.97839928,58.5223999,45.77202988,2.342499971,0.0561591387
0.260105896,0.2559235096,0.21653859620000002,0.1129153013,0.10713640449999999,0.038958621,66.11132813,0.027559488083333333,1.97021699,-0.237992793,0.88144362,0.325451791,86.47678375,878.6646118,998.2180786,20.95153046,20.74769974,20.14201927,23.57658958,22.97196007,58.53924942,45.78541946,2.349999905,0.056159281699999994
0.260948801,0.25514678960000003,0.22049050330000003,0.1126492023,0.1071439028,0.0354330391,66.10479735999999,0.02757174173888889,1.969488025,-0.225594893,0.883429885,0.354165792,86.47678375,878.9102783,998.2169189,20.95157051,20.74784088,20.14201927,23.58050919,22.96552086,58.55609894,45.79880142,2.339999914,0.056159418800000006
0.2593141079,0.2557282925,0.21853539940000002,0.1137130022,0.1071513057,0.0366113812,66.10388184,0.027545912000000002,1.968757987,-0.241092294,0.886132479,0.322700113,86.47678375,878.026123,998.2155762,20.95161057,20.74798012,20.14201927,23.58443069,22.95908928,58.57294846,45.81217957,2.0625,0.0561595619
0.25867381100000003,0.2568684101,0.21964399810000002,0.1133113027,0.10715880390000002,0.0360851914,66.10551147,0.02752819485,1.968029022,-0.246933699,0.88907373,0.289138287,86.47678375,876.5673218,998.2144165,20.95163918,20.74811935,20.14201927,23.5883503,22.95265961,58.58980179,45.82556915,2.299999952,0.056159698999999993
0.25867381100000003,0.2580084085,0.2192507029,0.11228940489999999,0.10716619489999998,0.037652561099999995,66.10714722,0.02751826180277778,1.967298985,-0.1159207,0.892014802,0.338135391,88.16623688,879.3557129,998.2130737,20.95167923,20.7482605,20.23615074,23.5922699,22.9462204,58.60665131,45.83895111,2.402499914,0.056159842
0.2621151924,0.2591485023,0.22168850899999998,0.1122586012,0.10717359779999999,0.036328798499999995,66.10878296,0.02749690373611111,1.96657002,-0.203540802,0.894955993,0.323004603,88.72940063,879.3245239,998.2119141,20.95171928,20.74839973,20.26753044,23.59617996,22.93979073,58.62350082,45.85232925,2.144999981,0.0561599791
0.2644073009,0.25999619960000003,0.2259860992,0.1118857026,0.10704319479999999,0.0331614912,66.11041259999999,0.027493591308333332,1.965839982,-0.120331503,0.897897184,0.324269205,88.72940063,877.8814087,998.2105713,20.95175934,20.74854088,20.26753044,23.60009956,22.93334961,58.64035034,45.86571884,2.404999971,0.056160122199999996
0.2655801058,0.2616508007,0.22328000069999998,0.11191979649999999,0.106992197,0.036716130400000005,66.11204834,0.027465775808333336,1.965109944,-0.204971403,0.900838375,0.340960413,88.72940063,878.8422241,998.2094116,20.95179939,20.74868011,20.26753044,23.60401917,22.9269104,58.65719986,45.8791008,2.400000095,0.05616025919999999
0.266635108,0.2617062092,0.2223978996,0.11176379919999999,0.1069828987,0.0392502815,66.11367798,0.027459153069444443,1.96438098,-0.247291297,0.903779626,0.335716814,88.72940063,878.6281738,998.2081909,20.95182991,20.74881935,20.26753044,23.60794067,22.92048073,58.67404938,45.89247894,2.119999886,0.0561604023
0.26610770229999997,0.2622401953,0.22102699280000002,0.11271719929999999,0.1069736958,0.0406783104,66.11409302,0.027470080058333336,1.963650942,-0.247291297,0.906720817,0.323161691,84.09651947,877.7554932,998.2069092,20.95186996,20.74896049,20.24399948,23.61186028,22.91403961,58.6908989,45.9058609,2.085000038,0.0561605394
0.2672516108,0.2624027014,0.2266238928,0.112531805,0.10696439740000001,0.035616269699999994,66.11431274,0.027522070141666667,1.964154959,-0.247291297,0.909661889,0.347640306,82.55222321,876.8828125,998.2056885,20.95191002,20.74910927,20.23978043,23.61577988,22.90760994,58.70774841,45.91712189,2.272500038,0.056160682399999995
0.2674988985,0.26355090140000004,0.2235423088,0.11240329739999999,0.10695519449999999,0.0388604105,66.1145874,0.027536307441666668,1.965069056,-0.247291297,0.91260308,0.365665615,82.55222321,877.4838867,998.2044067,20.95194054,20.74925041,20.24460983,23.61969948,22.90117073,58.72460938,45.92766953,2.299999952,0.0561608195
0.26850020890000004,0.2640289068,0.22614710329999999,0.112035501,0.1069458961,0.0374038696,66.11488037000001,0.02756743325,1.965983033,-0.247291297,0.913816571,0.351286888,82.55222321,875.8065186,998.203186,20.95198059,20.74938965,20.2494297,23.62361908,22.89473915,58.74145889,45.93822098,2.200000048,0.056160962599999996
0.2694324017,0.2649110079,0.22688620089999997,0.1118924022,0.1069367051,0.0371427208,66.11516724,0.027569092644444446,1.966897011,-0.153949007,0.914454222,0.354539305,78.94548798,875.2385864,998.2019043,20.95202065,20.74953079,20.25425911,23.62754059,22.88829994,58.75830078,45.94878006,2.305000067,0.056161099699999995
0.2701976061,0.2658536911,0.2251158953,0.11187210080000001,0.1069273949,0.0397951096,66.115448,0.027568100822222222,1.967811942,-0.216177195,0.915091813,0.339034498,77.74324036,875.3485107,998.2006836,20.95204926,20.74967003,20.25909042,23.63145065,22.88186073,58.77516174,45.95933151,2.042500019,0.0561612427
0.27082479,0.2662353992,0.2262125969,0.11185179949999999,0.1069077969,0.0396410614,66.11574097,0.02758366478888889,1.968726039,-0.2351318,0.915729403,0.336459011,77.74324036,875.458313,998.1994019,20.95208931,20.74980927,20.26391029,23.63537025,22.87542915,58.79201126,45.96987915,2.247499943,0.0561613798
0.2714059114,0.2673309088,0.2231549025,0.11211550239999998,0.1068848014,0.043080490799999996,66.11602783,0.02760352876388889,1.969640017,-0.2351318,0.916366994,0.341253102,77.74324036,875.5681152,998.1981812,20.95212936,20.74995041,20.2687397,23.63928986,22.86898994,58.80886078,45.9804306,2.230000019,0.056161522900000004
0.2721512079,0.2672852993,0.2309513092,0.11166310310000001,0.10686180590000001,0.0363797098,66.11630859,0.02765220853888889,1.970554948,-0.240536004,0.917004585,0.375594407,77.74324036,875.6779175,998.1970215,20.95216942,20.75008965,20.27356911,23.64320946,22.86256027,58.8257103,45.99097824,2.339999914,0.05616166
0.2729511023,0.2684396029,0.22878160479999998,0.11202930209999999,0.1068387985,0.038503640900000004,66.11660156,0.027714466519444442,1.971469045,-0.245940194,0.917642176,0.353986114,88.66471863,875.4006958,998.1956787,20.95219994,20.75023079,20.27840042,23.64712906,22.85611916,58.79217148,46.00152969,2.142499924,0.056161797
0.2734139919,0.2693442106,0.2316545963,0.1117339015,0.10681589840000001,0.0367850304,66.11688842999999,0.02777805541666667,1.972383022,-0.247291297,0.917755723,0.343285203,92.3052063,874.9943848,998.194519,20.95223999,20.75037956,20.28322029,23.65105057,22.84968948,58.74182892,46.01208115,2.089999914,0.056161940099999995
0.2749963999,0.2703528881,0.2332758904,0.1114701033,0.10679290290000001,0.036068359,66.10836792,0.02784063975,1.973297,-0.247291297,0.917694271,0.343531102,92.3052063,875.7954712,998.1931763,20.95228004,20.75052071,20.2880497,23.65497017,22.84339905,58.69149017,46.02264023,2.369999886,0.05616207720000001
0.2755158901,0.2712327003,0.23196449280000003,0.11153889889999999,0.1067698002,0.0383884102,66.1069519,0.02790288925,1.973935008,-0.247291297,0.917633116,0.369187415,92.3052063,876.9990234,998.1920166,20.9523201,20.75065994,20.2928791,23.65888977,22.83716965,58.64115143,46.03319168,2.144999981,0.0561622202
0.2763791084,0.2723212004,0.23389580250000003,0.11167720560000001,0.10674690010000001,0.0373369485,66.1088501,0.02798202727777778,1.974480033,-0.246218398,0.917571723,0.360605687,92.3052063,876.6641846,998.1906738,20.95235062,20.75079918,20.29770088,23.66280937,22.83093071,58.59080887,46.04373932,2.377500057,0.0561623573
0.2778654099,0.2730912924,0.2329183102,0.11131830220000001,0.1067239046,0.0394030213,66.1107605,0.028066804666666667,1.975026011,-0.1732613,0.91751039,0.354555309,91.11818695,875.8165894,998.1895142,20.95239067,20.75094032,20.20478058,23.66673088,22.8246994,58.54047012,46.05429077,2.227499962,0.0561625004
0.2778389931,0.2729150057,0.23599390979999998,0.1114750028,0.1067008018,0.0370973796,66.1126709,0.028144611777777776,1.975571036,-0.222376198,0.917449176,0.378356308,90.72251892,876.6571045,998.1881714,20.95243073,20.75107956,20.17340088,23.67064095,22.81846046,58.49013138,46.06483841,2.319999933,0.0561626375
0.278492403,0.27390389439999996,0.23301360610000002,0.1122238994,0.1067010045,0.03990134,66.1145813,0.028207193999999998,1.976115942,-0.246993303,0.917387784,0.314753205,90.72251892,876.3303833,998.1870117,20.95247078,20.7512207,20.17340088,23.67456055,22.81221962,58.43978882,46.07538986,2.087500095,0.056162780499999995
0.2786160946,0.2746412992,0.232810998,0.11201339960000001,0.1067088008,0.0410929412,66.1164917,0.028258527111111112,1.97666204,-0.247231707,0.917206228,0.323085696,90.72251892,878.9525757,998.18573,20.95249939,20.75135994,20.17340088,23.67848015,22.80599022,58.38945007,46.08594894,2.170000076,0.056162917599999994
0.2800632954,0.2753509045,0.2397192001,0.1116039991,0.1067167044,0.0349220097,66.11480713,0.028341333611111113,1.977080941,0.124647297,0.916984379,0.366006911,90.72251892,882.7498779,998.1843872,20.95253944,20.75149918,20.17340088,23.68239975,22.79974937,58.33909988,46.0965004,2.319999933,0.0561630607
0.2810951948,0.2766019106,0.23897418980000001,0.1114334941,0.10672450069999999,0.036376708699999996,66.11450195,0.028402582805555555,1.977458,-0.1014961,0.91676271,0.369926602,87.57279968,883.9627075,998.1832275,20.9525795,20.75164986,20.07928085,23.68631935,22.79351997,58.28876114,46.10705185,2.079999924,0.056163197799999995
0.2815244913,0.2778419018,0.2365005016,0.1116304994,0.1067322969,0.040101409,66.11505127000001,0.028471804722222223,1.977835059,-0.240019396,0.916540921,0.343820006,86.52288818,884.3140259,998.1818848,20.95261002,20.75178909,20.04789925,23.69024086,22.78727913,58.20621872,46.11759949,2.25999999,0.056163340799999996
0.282972002,0.27849109169999997,0.23939740660000003,0.1114271045,0.106705296,0.0384445906,66.11558837999999,0.02855325063888889,1.978211999,-0.172188297,0.916090727,0.364409089,86.52288818,884.6652222,998.1807251,20.95265007,20.75193024,20.04789925,23.69416046,22.78104973,58.11294174,46.12815094,2.125,0.0561634779
0.2839498043,0.2792787075,0.2411736012,0.1113927007,0.1066666007,0.037299650899999995,66.1161377,0.02861286163888889,1.978589058,-0.221899405,0.915564179,0.363927811,86.52288818,885.4431152,998.1793823,20.95269012,20.75206947,20.04789925,23.69808006,22.77481079,58.01966095,46.13869858,2.25999999,0.0561636329
0.2846474886,0.2797441959,0.24203190800000002,0.11170049909999999,0.1066279054,0.0372408509,66.11668091,0.028690333888888888,1.97390902,-0.246933699,0.915037811,0.350603908,86.1678772,886.3632202,998.1782227,20.95273018,20.75221062,20.14201927,23.70199966,22.76856995,57.92638016,46.14925003,2.127500057,0.056163757999999994
0.2850117922,0.2810966969,0.24099481109999998,0.112085104,0.1067013979,0.0387494087,66.11721802,0.028734722138888887,1.96754396,-0.247092605,0.914511323,0.337280214,86.04955292,888.8322144,998.1768799,20.9527607,20.75234985,20.17340088,23.70590973,22.76234055,57.83309937,46.17922974,2.217499971,0.0561639071
0.2864518881,0.28134579660000003,0.2427771091,0.1115906954,0.1066552043,0.0383196503,66.11776733,0.028790026777777776,1.961177945,-0.2472516,0.913984895,0.323956311,86.04955292,890.52948,998.1757202,20.95280075,20.75248909,20.17340088,23.70982933,22.7560997,57.73981857,46.21569061,2.157500029,0.0561640382
0.2864025116,0.2814830065,0.24270539279999997,0.11183199880000001,0.1066956043,0.0386404008,66.11832275,0.028702583305555553,1.954813004,-0.178983405,0.913907886,0.357919186,86.04955292,891.7974854,998.1744995,20.95284081,20.75263023,20.17340088,23.71375084,22.7498703,57.6465416,46.25215149,2.037499905,0.05616418720000001
0.28651831149999996,0.2823775053,0.24043450360000002,0.11241610049999999,0.10678230520000001,0.041048491,66.11885986,0.028426751027777777,1.948447943,-0.181605995,0.913980722,0.35363701,86.04955292,893.0656128,998.1732178,20.95288086,20.75278091,20.17340088,23.71767044,22.74362946,57.6744194,46.28860855,2.174999952,0.0561643183
0.28713030819999996,0.2823839903,0.24691960810000002,0.1119519949,0.1068040013,0.0354578793,66.11940918,0.028180389416666667,1.942082047,-0.190427601,0.914053619,0.397187889,88.43583679,893.3510742,998.1719971,20.95290947,20.75292015,20.22047043,23.72159004,22.73740005,57.74269104,46.32506943,2.230000019,0.0561644673
0.2878196001,0.2828890085,0.2464070082,0.1120800972,0.1068040013,0.0359770089,66.11995239000001,0.02810519536111111,1.94570601,0.171735704,0.914126396,0.426526904,89.23127747,891.690918,998.1707153,20.95294952,20.75305939,20.23616028,23.72550964,22.73115921,57.81095886,46.3615303,2.125,0.056164598499999996
0.2877074003,0.2836822987,0.2466393948,0.11226949690000002,0.1068040013,0.0362798393,66.12050171,0.02814130572222222,1.952659011,-0.112344302,0.914199173,0.395892709,89.23127747,888.2111206,998.1694946,20.95298958,20.75320053,20.23616028,23.72942924,22.72492027,57.80764008,46.38011932,2.142499924,0.0561647475
0.28902299400000003,0.2844755888,0.2454116106,0.1121222019,0.1068040013,0.038249969499999995,66.12103882,0.028188332444444443,1.959612012,-0.247291297,0.91427201,0.368369401,89.23127747,884.3046265,998.1682129,20.9530201,20.75333977,20.23616028,23.73335075,22.71869087,57.78046036,46.39276123,2.19749999,0.0561648786
0.2891688108,0.284688592,0.2457990885,0.1118908048,0.1068681955,0.03866629,66.12158812999999,0.028218137944444447,1.966565013,-0.247291297,0.914344788,0.380670011,89.23127747,883.9199219,998.1669922,20.95306015,20.75348091,20.23616028,23.73726082,22.71245003,57.75328064,46.40539932,2.217499971,0.05616502759999999
0.2898487091,0.285232091,0.24927399160000002,0.11217789650000001,0.106911099,0.0354146004,66.12213134999999,0.028243276805555557,1.967689991,-0.247291297,0.914417684,0.372731686,97.69278717,884.7091064,998.1657715,20.9531002,20.75362015,20.37984085,23.74118042,22.70622063,57.72610092,46.41804123,2.11500001,0.056165158699999995
0.2907119989,0.28595008850000003,0.2480758905,0.11203500029999999,0.1069396019,0.03712475,66.12266846,0.02822227688888889,1.966871977,-0.243715003,0.914490521,0.380320191,100.513298,885.498291,998.1644897,20.95314026,20.75375938,20.42773056,23.74510002,22.69997978,57.6989212,46.43067932,1.997499943,0.056165307799999994
0.2908670902,0.2866682053,0.24378430839999998,0.1121747971,0.1069682002,0.0421497405,66.12321777,0.028185861388888886,1.966055036,-0.243118897,0.914563417,0.380156606,100.513298,886.2874756,998.1633301,20.95317078,20.75390053,20.42773056,23.74901962,22.69374084,57.67174149,46.44332123,2.127500057,0.056165438899999996
0.2910262108,0.2861680984,0.2515270948,0.11211789850000001,0.10699679849999999,0.035139209,66.12376709,0.02819363911111111,1.965237021,-0.243913695,0.914636195,0.391743988,100.513298,885.6226196,998.1619873,20.95321083,20.7540493,20.42773056,23.75293922,22.68750954,57.64456177,46.45595932,2.404999971,0.0561655879
0.29171559810000003,0.2873155117,0.2496912956,0.11273119449999999,0.1070253968,0.03647677,66.1243103,0.028169445472222224,1.964419961,-0.244708404,0.91542691,0.341651589,94.10993958,884.4727783,998.1608276,20.95325089,20.75419044,20.23698044,23.75686073,22.6812706,57.61737823,46.46860886,2.180000067,0.056165719
0.2921766043,0.2877579927,0.247962594,0.1122699976,0.1070539951,0.0393528491,66.12484741,0.028144611777777776,1.963601947,-0.245503098,0.916456819,0.35870111,91.97548676,885.8795776,998.1594849,20.95329094,20.75432968,20.17340088,23.76078033,22.67503929,57.59019852,46.48123932,2.327500105,0.056165867999999994
0.2925107002,0.2877373934,0.2497448921,0.11241610049999999,0.1070826054,0.0380721986,66.12540283,0.028117777500000003,1.962785006,-0.246297896,0.917486787,0.356666803,91.97548676,888.1384277,998.1583252,20.95331955,20.75447083,20.17340088,23.76469994,22.68292999,57.5630188,46.49388885,2.162499905,0.0561660111
0.29256370070000004,0.28812229629999997,0.25087139610000003,0.11276290419999999,0.1071112037,0.0368586898,66.12338867,0.02809908336111111,1.961966991,-0.247092605,0.918516815,0.338314086,91.97548676,888.1171875,998.1569824,20.9533596,20.75461006,20.17340088,23.76861954,22.69553947,57.53583908,46.50653076,2.387500048,0.0561661482
0.2932005882,0.2883595943,0.25208139420000003,0.11256769900000001,0.10713980199999999,0.0360319793,66.12053223000001,0.02808386061111111,1.96115005,-0.237992898,0.919546783,0.360909909,91.97548676,889.0454102,998.1558228,20.95339966,20.7547493,20.17340088,23.77253914,22.70815086,57.50865936,46.51916885,2.467499971,0.056166291199999996
0.2935132027,0.288916111,0.2506747007,0.11271239520000001,0.10716840030000001,0.0376848698,66.11768187999999,0.028072111333333333,1.960332036,-0.204852104,0.919546783,0.367622107,89.43418884,890.543396,998.15448,20.95343018,20.75489044,20.24399948,23.7764492,22.72075081,57.48147964,46.53181076,2.227499962,0.0561664283
0.2936423063,0.2889117956,0.2527192116,0.11270079609999999,0.1072826982,0.0361969292,66.1190979,0.02806150013888889,1.959514022,-0.213077694,0.919771016,0.364489794,88.58708954,890.1254272,998.1533203,20.95347023,20.75502968,20.26753044,23.78037071,22.73336029,57.45429993,46.54444885,2.13499999,0.0561665714
0.2939924002,0.2893172026,0.25136020179999996,0.1128983974,0.1073642969,0.0375515789,66.10908813,0.028044944333333335,1.958696961,-0.152280107,0.920184314,0.347167999,88.58708954,889.0686035,998.1519775,20.95351028,20.75517082,20.26753044,23.78429031,22.74596024,57.42712021,46.55709076,2.234999895,0.056166708499999995
0.29402160639999997,0.28952219490000003,0.25286819930000004,0.11299509999999999,0.1074254036,0.0364489585,66.10673828,0.02803433311111111,1.957878947,-0.217965394,0.920597494,0.356857598,88.58708954,888.9661255,998.1508179,20.95355034,20.75531006,20.26753044,23.78820992,22.75856972,57.39992905,46.56972885,2.255000114,0.056166851500000003
0.2943274021,0.2895889044,0.2537444115,0.11302310229999998,0.10748660560000001,0.035752719599999996,66.10836792,0.027998583055555557,1.957062006,-0.247112498,0.921010673,0.355793506,88.58708954,889.1815796,998.1494751,20.95358086,20.75546074,20.26753044,23.79212952,22.7711792,57.41519928,46.58237076,2.234999895,0.0561669886
0.2944924116,0.2899277925,0.2511754036,0.11305099729999998,0.10754770039999999,0.0384051502,66.11000977,0.027974416944444445,1.956243992,-0.246874094,0.921423972,0.347618103,95.44306946,889.3972168,998.1483154,20.95362091,20.75559998,20.24399948,23.7967205,22.78377914,57.44459915,46.59500885,2.335000038,0.0561671317
0.2943603039,0.2900352001,0.25438220500000003,0.1130789042,0.10760890249999999,0.0355455607,66.11165161,0.02795719358333333,1.955427051,-0.138809204,0.92183727,0.35161081,97.72840118,889.6126709,998.1469727,20.95365906,20.75573921,20.22732925,23.80154991,22.79639053,57.47401047,46.60765076,2.38499999,0.0561672688
0.2954301119,0.2902658939,0.2545073986,0.1130135059,0.1076701045,0.0355277896,66.11328125,0.027833667333333333,1.954609036,-0.211170301,0.922250628,0.344431102,97.72840118,889.828186,998.145813,20.95369911,20.75588036,20.21557045,23.80636978,22.80900002,57.50342178,46.62028885,2.326250076,0.0561674118
0.2947597027,0.2902643919,0.25447158810000003,0.1131585956,0.1077311993,0.0357942492,66.11491699,0.027689628600000002,1.95697701,-0.247291297,0.922663808,0.352771491,97.72840118,890.0438232,998.1444702,20.95372963,20.75601959,20.2038002,23.81118965,22.82159996,57.53282928,46.63293076,2.241250038,0.056167548899999996
0.29528300760000004,0.2907232046,0.2513245106,0.11338429450000001,0.10779240130000001,0.038939988599999996,66.11655273,0.027584326002777777,1.960405946,-0.247291297,0.923077106,0.328726202,97.72840118,888.5742188,998.1433105,20.95376968,20.75616074,20.19202995,23.81600952,22.83420944,57.5622406,46.64556885,2.11500001,0.056167691900000004
0.2951821089,0.2899379015,0.2534882069,0.1130897045,0.10785360340000001,0.0372350305,66.11480713,0.027545912000000002,1.963835955,-0.247291297,0.923062384,0.360630602,93.5577774,888.0222168,998.1420288,20.95380974,20.75629997,20.1802597,23.82082939,22.84680939,57.5916481,46.66542053,2.297499895,0.056167829
0.2944732904,0.2899594069,0.2540364981,0.1139909029,0.10791469810000001,0.0359014601,66.11431274,0.02750220192777778,1.96726501,-0.247291297,0.922905028,0.348545998,92.16757202,887.9631958,998.1408081,20.95384026,20.75643921,20.1685009,23.82564926,22.85942078,57.61828995,46.68767929,2.137500048,0.0561679721
0.294946003,0.2904088974,0.2551630974,0.1138867974,0.10796270370000001,0.0347988605,66.1145874,0.02750220192777778,1.970693946,-0.247291297,0.922747672,0.314128101,92.16757202,885.8314819,998.1395264,20.95388031,20.75658035,20.15673065,23.83046913,22.87203026,57.64402008,46.70994186,2.352499962,0.0561681092
0.2959867954,0.2912499905,0.2553836107,0.11329540010000001,0.10800620320000001,0.035026150900000004,66.11488037000001,0.027491605547222225,1.974123955,-0.247291297,0.922590315,0.320282102,92.16757202,886.7011108,998.1383057,20.95392036,20.75672913,20.1449604,23.83529091,22.8846302,57.66973877,46.73220062,2.142499924,0.056168252200000005
0.2965998888,0.2922214985,0.2522185087,0.1131422043,0.108049798,0.0389845788,66.11516724,0.02747173521388889,1.974050045,-0.247291297,0.922432899,0.339960188,91.11694336,888.8012695,998.1370239,20.95395088,20.75687027,20.30676079,23.84011078,22.89723969,57.69546127,46.75445938,2.400000095,0.056168389299999996
0.29705328940000003,0.2928689957,0.2538428068,0.1131348968,0.1080932975,0.038336241199999996,66.115448,0.027470741272222224,1.972808957,-0.247291297,0.922275484,0.378511488,90.76673126,888.6157227,998.1358032,20.95399094,20.75700951,20.36166954,23.84493065,22.90984917,57.72119141,46.77671814,2.099999905,0.056168532400000006
0.2982834101,0.2934083939,0.2573832989,0.1129503012,0.10805959700000001,0.035516661399999996,66.11574097,0.027457163069444443,1.971568942,-0.247291297,0.920968175,0.391938597,90.76673126,884.3516235,998.1345215,20.95402908,20.75715065,20.36166954,23.84975052,22.92244911,57.7469101,46.79898071,2.327500105,0.056168669500000004
0.2987128019,0.29441509250000003,0.2564088106,0.11286400560000001,0.10801889899999999,0.0370129585,66.11602783,0.027432327269444445,1.970327973,-0.247291297,0.919277608,0.361898988,90.76673126,878.9819946,998.1333008,20.95406914,20.75728989,20.36166954,23.85457039,22.9350605,57.77262878,46.82123947,2.119999886,0.0561688125
0.2996509075,0.2952090025,0.2559499025,0.1128301978,0.1079844952,0.0384652287,66.11630859,0.027413785722222223,1.969087005,-0.247291297,0.917586982,0.320860893,90.76673126,876.5723877,998.1320801,20.95410919,20.75742912,20.36166954,23.85939026,22.94766045,57.79835892,46.84349823,2.00999999,0.0561689496
0.3003431082,0.2958801031,0.2566113949,0.1127537966,0.10795010330000002,0.0386639297,66.11660156,0.027407824197222222,1.967846036,-0.247291297,0.915896416,0.311817497,88.03334808,877.9384766,998.1307983,20.95413971,20.75757027,20.33813095,23.86421013,22.96026993,57.82408142,46.8657608,2.272500038,0.0561690927
0.3004717112,0.2964385986,0.2548650026,0.1128244996,0.1079156041,0.041037240600000004,66.11688842999999,0.027379347483333333,1.966604948,-0.247291297,0.91420567,0.313438892,87.1222229,880.2344971,998.1295776,20.95417976,20.7577095,20.32422066,23.86903,22.97287941,57.84980011,46.88801956,2.390000105,0.056169229700000003
0.3007432938,0.2965291977,0.2553240061,0.11294909719999999,0.1078812003,0.0411146909,66.10836792,0.02738199657777778,1.965363979,-0.247291297,0.912515104,0.331583589,87.1222229,880.7432251,998.1282959,20.95421982,20.75785065,20.31613922,23.87384987,22.98547935,57.87553024,46.91027069,2.30250001,0.05616937279999999
0.3015183926,0.2970355988,0.2595201969,0.11307369469999999,0.1078467965,0.0370089501,66.11409912,0.027409812080555554,1.964123011,-0.247291297,0.910824478,0.324004591,87.1222229,880.656311,998.1270752,20.95425034,20.75799942,20.30805016,23.87866974,22.99809074,57.90124893,46.93252945,2.089999914,0.056169509900000004
0.3028028011,0.2979397058,0.257881093,0.11284639839999999,0.1078124046,0.0391545594,66.11696167,0.027456501855555555,1.962882996,-0.004458291,0.909133911,0.306015193,87.1222229,880.5692139,998.1257935,20.95429039,20.75814056,20.29995918,23.88348961,22.99777985,57.92697906,46.95478821,2.262500048,0.0561696529
0.3023533106,0.2980842113,0.2601998091,0.11292179819999999,0.10779939890000001,0.0377399713,66.11696167,0.027573727502777777,1.961642027,-0.166346997,0.907443225,0.322499305,100.0326004,882.1369019,998.1245728,20.95433044,20.7582798,20.29187012,23.88830948,22.99316025,57.95270157,46.97705078,2.25,0.05616979
0.3033202887,0.29905030730000004,0.2618508101,0.11313730479999999,0.1077934027,0.0362334698,66.11696167,0.027693930730555556,1.960401058,-0.247291297,0.905752599,0.315483391,104.3360977,882.7080078,998.123291,20.95435905,20.75842094,20.28377914,23.89312935,22.98854065,57.96212006,46.99930954,2.130000114,0.0561699271
0.3045475006,0.3003823996,0.2601222038,0.112559402,0.1077875018,0.0388976812,66.11696167,0.02774426566111111,1.95915997,-0.247291297,0.904061973,0.325065196,104.3360977,882.7631226,998.1220703,20.95439911,20.75856018,20.27569008,23.89794922,22.98391914,57.96609879,47.0215683,2.212500095,0.0561700702
0.3051747084,0.3008047104,0.2604857922,0.1122982025,0.107781601,0.039886531200000006,66.11696167,0.027752543555555557,1.957919002,-0.247291297,0.900773108,0.344067514,104.3360977,882.8181152,998.1207886,20.95443916,20.75869942,20.26759911,23.90276909,22.97929955,57.97008896,47.04383087,2.287499905,0.0561702073
0.30582320690000003,0.30150220390000004,0.2627686977,0.1126616955,0.1077756047,0.0380360693,66.11696167,0.027738967472222223,1.956678033,-0.247291297,0.896951616,0.322136909,104.3360977,881.7819214,998.1196289,20.95447922,20.75884056,20.25951958,23.90759087,22.97468948,57.9740715,47.06608963,2.292500019,0.056170362200000004
0.30687000750000004,0.3028110027,0.2599672079,0.1125632048,0.1077697039,0.0415349901,66.11696167,0.02769757588611111,1.955436945,-0.247291297,0.893130004,0.286561996,89.26248932,880.382019,998.1182861,20.95450974,20.7589798,20.25143051,23.91241074,22.97006989,57.97805023,47.08834076,2.226249933,0.0561704874
0.30737290380000004,0.3025449991,0.26357340809999996,0.1122627974,0.1076851964,0.0392376006,66.11696167,0.027691279516666667,1.954197049,-0.235489503,0.889308393,0.329552889,84.23795319,883.2003174,998.1171265,20.95454979,20.75912094,20.24333954,23.91723061,22.96545029,57.98204041,47.11059952,2.141249895,0.056170642400000005
0.3074068069,0.3030790091,0.2651767015,0.1130818009,0.10757460590000001,0.0373682886,66.11480713,0.027666447958333333,1.952955961,-0.026273949,0.885486782,0.324180812,84.23795319,883.4746704,998.1157837,20.95458984,20.75926971,20.23525047,23.92205048,22.96083069,57.98601913,47.13285828,2.029999971,0.056170767499999996
0.3085959911,0.3042697906,0.265021801,0.1128378034,0.1075469017,0.0380572498,66.11436157,0.02765850067222222,1.951714993,-0.159551904,0.88166523,0.293958187,84.23795319,880.4567871,998.114624,20.9546299,20.75941086,20.2271595,23.92687035,22.95620918,57.99000168,47.15512085,2.32249999,0.0561709225
0.3092354059,0.305071497,0.2644854069,0.11231919530000001,0.1075469017,0.039784520899999995,66.11472168,0.02764691035,1.950474024,0.016761269,0.877843678,0.308218986,92.50377655,880.3690796,998.1132813,20.95466042,20.75955009,20.21907043,23.93169022,22.95158958,57.99398041,47.17737961,2.122499943,0.0561710477
0.30983901020000004,0.3057213068,0.2677218914,0.1123731017,0.10753339529999999,0.0373080403,66.11508179,0.027631015777777778,1.949233055,-0.157048494,0.883690476,0.305541009,95.25906372,881.4777222,998.1121216,20.95470047,20.75968933,20.21099091,23.93651009,22.94697952,57.99797058,47.19963837,2.087500095,0.0561712027
0.3109746933,0.3066695929,0.267781496,0.1123883009,0.1075153947,0.0379259586,66.11544189,0.027602206336111112,1.949004054,-0.245622396,0.900034428,0.292274088,95.25906372,881.3922729,998.1107788,20.95474052,20.75983047,20.20289993,23.94132996,22.94235992,58.00194931,47.22190094,2.154999971,0.056171327800000004
0.3114546061,0.30771729950000004,0.2653853893,0.1123345971,0.1074975014,0.0413091898,66.115802,0.02757902569166667,1.949110985,-0.074435227,0.907795012,0.303431809,95.25906372,881.852478,998.1096191,20.95476913,20.75996971,20.19481087,23.94614983,22.93774033,58.01610184,47.2441597,2.244999886,0.056171482800000005
0.3121954918,0.307646203,0.2711791039,0.1121340036,0.10747950079999999,0.036546579,66.11616211,0.02756511688333333,1.949218988,-0.189354703,0.902916908,0.301065207,95.25906372,882.6270752,998.1082764,20.95480919,20.76011086,20.18671989,23.9509697,22.93312073,58.03363037,47.26641083,2.089999914,0.056171608
0.31242480279999996,0.3087807894,0.2687947989,0.1126206994,0.1074615002,0.0388513803,66.11652222000001,0.02754624260833333,1.949326038,-0.246814504,0.895048976,0.252207786,97.3215332,882.6602173,998.1071167,20.95484924,20.76025009,20.17863083,23.95578957,22.92849922,58.05115891,47.28866959,2.32249999,0.0561717629
0.31242480279999996,0.3094424963,0.268443203,0.11238420010000001,0.10750319960000002,0.0403376609,66.11687012,0.027534987130555556,1.949434042,-0.246933699,0.890292406,0.259589195,98.00901031,886.1588745,998.1057739,20.9548893,20.76038933,20.17053986,23.96060944,22.92388916,58.06869125,47.31093979,2.202500105,0.0561718881
0.3143163919,0.30977120399999997,0.2733725071,0.1121304989,0.1074596047,0.0360961109,66.10623169,0.027527039844444445,1.949540973,-0.247092605,0.894019008,0.2900801,98.00901031,889.0543823,998.1046143,20.95491982,20.76053047,20.16245079,23.96542931,22.91926956,58.08621979,47.33319092,2.099999905,0.0561720371
0.31524291039999996,0.31096138949999996,0.2695935011,0.1122591972,0.10738090280000001,0.0401863694,66.11339111,0.027512137094444448,1.949648976,-0.2472516,0.90986222,0.28370291,98.00901031,889.2875977,998.1032715,20.95495987,20.76067924,20.15436935,23.97024918,22.91464996,58.10374832,47.35544968,2.345000029,0.056172168300000005
0.3153546095,0.3116287947,0.2673285007,0.1122864008,0.10736119749999999,0.043632811300000005,66.11696167,0.02751279618888889,1.949756026,-0.040221632,0.915913224,0.303877205,98.00901031,888.8380127,998.1021118,20.95499992,20.76082039,20.14628029,23.97507095,22.91003036,58.12128067,47.37770844,2.351249933,0.056172317299999996
0.3162008047,0.3117063999,0.27131009100000003,0.11224859949999999,0.10736119749999999,0.040318641100000004,66.11696167,0.027559157477777776,1.94986403,-0.175407097,0.907966614,0.336998403,100.4445038,888.3881836,998.1008301,20.95503998,20.76095963,20.13818932,23.97989082,22.90541077,58.1388092,47.39997101,2.246249914,0.0561724484
0.3168270111,0.3122805119,0.2729075909,0.1123146057,0.1073143959,0.0387988597,66.11696167,0.027587966919444446,1.949970961,-0.243655398,0.896798909,0.349613309,101.2563019,884.8057251,998.0996094,20.9550705,20.76110077,20.13010025,23.98471069,22.90078926,58.15634155,47.42222977,2.347500086,0.0561725974
0.3172877073,0.3134324074,0.2703325987,0.1124150991,0.10729340309999999,0.0419477791,66.11696167,0.027627868652777776,1.950078964,-0.243893802,0.885631323,0.324112386,101.2563019,880.1790161,998.0983887,20.95511055,20.76124001,20.12200928,23.98953056,22.8961792,58.17387009,47.44448853,2.232500076,0.056172728500000005
0.31796560290000003,0.3137120962,0.2740459919,0.11204190249999998,0.10728609559999999,0.0393863499,66.11696167,0.027674891152777777,1.950186014,-0.244132206,0.878061414,0.315212399,101.2563019,877.2680054,998.0971069,20.9551506,20.76137924,20.11392021,23.99435043,22.8915596,58.19139862,47.4667511,2.285000086,0.056172877600000004
0.3185580015,0.31433560850000003,0.2738790989,0.1120810986,0.10727889539999999,0.0398329496,66.11696167,0.027680685255555556,1.950294018,-0.244370595,0.87169081,0.315321505,102.7077026,877.2819824,998.0958862,20.95517921,20.76152039,20.22862053,23.9991703,22.88694,58.20893097,47.48900986,2.349999905,0.056173008700000006
0.3193226099,0.3151844978,0.2697545052,0.1121418953,0.1072715998,0.0446518511,66.1190979,0.027686150869444443,1.949838996,-0.228694394,0.865320086,0.290732712,103.1914978,878.0803833,998.0946045,20.95521927,20.76165962,20.26753044,24.00399017,22.8823204,58.2264595,47.51126099,2.13499999,0.0561731577
0.3194480896,0.3151595116,0.2753633976,0.11214660409999999,0.10725229979999999,0.039844730499999995,66.11981201,0.027696083916666666,1.949195027,-0.241330698,0.870551109,0.286556304,103.1914978,878.8787842,998.0933838,20.95525932,20.76180077,20.26753044,24.00881958,22.87770081,58.24399185,47.53351974,2.329999924,0.0561732888
0.3203973055,0.31601150040000003,0.27499969009999997,0.1124655962,0.1072289944,0.040159699300000004,66.11981201,0.027668766444444444,1.948552012,-0.194182798,0.886151075,0.291928291,103.1914978,879.6771851,998.0921021,20.95529938,20.76194954,20.26753044,24.01363945,22.87309074,58.26152039,47.5557785,2.164999962,0.0561734378
0.3207921982,0.3165286064,0.2733189106,0.1121557951,0.10720570089999999,0.0426925689,66.11981201,0.02764691035,1.947908998,-0.123371303,0.903918326,0.286532998,103.1914978,880.4755859,998.0908813,20.9553299,20.76209068,20.26753044,24.01845932,22.86846924,58.27904892,47.57804108,2.076250076,0.056173569
0.3210952997,0.31663239,0.275929594,0.11225060220000001,0.1071823955,0.0405989885,66.11981201,0.02764194064722222,1.947265983,-0.167181507,0.909121871,0.277548492,106.7558975,880.2335815,998.0895996,20.95536995,20.76222992,20.24399948,24.02327919,22.86384964,58.29658127,47.60029984,2.071249962,0.056173718
0.32146859170000003,0.3172121048,0.277282691,0.1125619054,0.107159102,0.039349699,66.11981201,0.027606845430555558,1.946622014,-0.080753431,0.910137475,0.268563986,107.9440002,881.8720093,998.0883789,20.95541,20.76236916,20.23443031,24.02809906,22.85923004,58.3141098,47.62255859,2.204999924,0.056173861000000005
0.3222877979,0.3181087017,0.27746739389999997,0.1124187946,0.1071357012,0.0397446394,66.10908813,0.027595252991666666,1.945978999,-0.167419896,0.901250303,0.259579599,107.9440002,884.2528076,998.0872192,20.95545006,20.7625103,20.23212051,24.03292084,22.85461044,58.33163834,47.64482117,2.362499952,0.0561739981
0.32304079529999996,0.3190515041,0.2779680967,0.11212420460000001,0.10711239580000001,0.0402022511,66.10684814,0.027595252991666666,1.945335984,-0.1634859,0.889062226,0.270632893,107.9440002,886.633606,998.0858765,20.95548058,20.76264954,20.22982025,24.03774071,22.84999084,58.34917068,47.66707993,2.085000038,0.056174141200000006
0.3239182949,0.3199570894,0.2807039976,0.11199970249999999,0.10708910229999999,0.0383680791,66.10864258000001,0.027586307525,1.944692969,-0.222257003,0.88073647,0.288365513,107.9440002,887.2686157,998.0847168,20.95552063,20.76279068,20.22751045,24.04256058,22.84538078,58.36669922,47.68933105,2.332499981,0.056174278300000005
0.32486119269999997,0.3208503008,0.2806324005,0.11193189619999999,0.10707689520000001,0.0392636806,66.1104187,0.027553528680555554,1.944198012,-0.246993303,0.873698294,0.334565908,96.43057251,887.3214722,998.083374,20.95556068,20.76292992,20.22520065,24.04738045,22.84075928,58.38423157,47.70970917,2.273750067,0.0561744213
0.3255213022,0.3213553905,0.2808410883,0.11161719560000001,0.1070683956,0.0399888813,66.11220703000001,0.02755750020277778,1.943753958,-0.247231707,0.866660118,0.352226198,92.59275818,884.1293945,998.0822144,20.95560074,20.76306915,20.22290039,24.05220032,22.83613968,58.4017601,47.72943878,2.038749933,0.0561745584
0.3260873079,0.32156209950000003,0.2837856054,0.1116116047,0.10705989600000002,0.037569850700000004,66.11400146,0.02756213506111111,1.943308949,-0.208309293,0.862245083,0.33958149,92.59275818,878.2703857,998.0808716,20.95562935,20.76321983,20.22059059,24.05702019,22.83152008,58.41928864,47.74917984,2.055000067,0.0561747015
0.3266531944,0.3226727009,0.2824743032,0.11189639570000001,0.10705139640000001,0.0390877903,66.11578979,0.02756213506111111,1.944246054,-0.234297305,0.858704507,0.27463299,92.59275818,874.430481,998.0797119,20.9556694,20.76335907,20.21828079,24.06184006,22.82690048,58.43682098,47.7689209,2.244999886,0.056174838500000004
0.3272156,0.3228616953,0.2843935966,0.1116178989,0.1070428967,0.0382791609,66.11757813,0.02757505205,1.945644021,0.133945793,0.855163872,0.268182993,92.59275818,875.7769775,998.0784302,20.95570946,20.76350021,20.21598053,24.06665993,22.82228088,58.45434952,47.78865814,2.097500086,0.05617498159999999
0.3277767897,0.3233181,0.2853801012,0.1120116949,0.1070343971,0.037544301200000005,66.11937256,0.027597238752777777,1.947041988,-0.120212302,0.851623416,0.264836311,99.65223694,880.7938843,998.0770874,20.95573997,20.76363945,20.21367073,24.0714798,22.81767082,58.47188187,47.8083992,2.315000057,0.056175118700000005
0.3281774998,0.3237982035,0.28551120760000004,0.112124598,0.1070258975,0.0378277987,66.11959839,0.02759724087222222,1.948439002,-0.247291297,0.858377218,0.254304707,102.0054016,884.5148926,998.0759277,20.95578003,20.76378059,20.21136093,24.07629967,22.81304932,58.4894104,47.82814026,2.184999943,0.0561752617
0.3285247087,0.3245002985,0.28398830890000004,0.1122300982,0.1070173979,0.0398098409,66.11931152,0.0275793563,1.949836969,-0.247291297,0.876244605,0.270893395,102.0054016,887.5565796,998.074585,20.95582008,20.76391983,20.20906067,24.08111954,22.80842972,58.50693893,47.84786987,2.057499886,0.0561753988
0.3287235975,0.3245600939,0.2869209051,0.11215920450000001,0.1070088983,0.0375793904,66.11903076,0.027593924205555554,1.951235056,-0.247291297,0.886351287,0.29652229,102.0054016,889.1641235,998.0734253,20.95586014,20.76405907,20.20675087,24.08593941,22.80381012,58.52447128,47.86761093,2.272500038,0.0561755419
0.3293345928,0.3247502089,0.2872665882,0.11247919799999999,0.10700030330000002,0.037293541400000005,66.11873779,0.02758167478888889,1.95263195,-0.247291297,0.886172473,0.290627092,98.29532623,888.9824829,998.0720825,20.95589066,20.76420021,20.20443916,24.09075928,22.79919052,58.54199982,47.88734818,2.3125,0.056175679
0.3293631077,0.3252525091,0.2854604959,0.1126580954,0.1069918036,0.039289700999999996,66.11845703,0.027556508383333334,1.954030037,-0.247291297,0.883711874,0.28781271,97.05864716,888.3637695,998.0709229,20.95593071,20.76435089,20.20214081,24.09557915,22.79458046,58.55952835,47.90708923,2.390000105,0.056175822
0.3294579029,0.3255006075,0.2863426924,0.112737596,0.10711979869999999,0.0389097601,66.11817017,0.027553198072222222,1.955428004,-0.247291297,0.878740788,0.289527804,97.05864716,887.7451782,998.0695801,20.95597076,20.76449013,20.1998291,24.10040092,22.78996086,58.5770607,47.92683029,2.285000086,0.05617595909999999
0.3300057888,0.3256432056,0.2887746096,0.11281720399999999,0.10716619489999998,0.0366815805,66.1178894,0.027548230488888888,1.956825972,-0.235847101,0.872932911,0.291242987,97.05864716,887.9196167,998.0684204,20.95601082,20.76462936,20.19753075,24.10522079,22.78533936,58.59458923,47.94655991,2.164999962,0.0561761022
0.3306699991,0.3262681007,0.2872487068,0.11281150579999999,0.1071702957,0.038379609599999996,66.11760254,0.02752240075,1.956766009,-0.237396806,0.878197312,0.292958111,97.05864716,888.3585205,998.0670776,20.95603943,20.76477051,20.19522095,24.11004066,22.78071976,58.61212158,47.96630096,2.275000095,0.0561762393
0.3305182934,0.3263307095,0.2879878044,0.1127774,0.1071745038,0.0382803112,66.11732178,0.027507498000000002,1.956220031,-0.244549498,0.904061317,0.3297759,88.15608215,888.7973022,998.065918,20.95607948,20.76490974,20.19290924,24.11486053,22.77610016,58.62965012,47.98603821,2.252500057,0.05617638230000001
0.3307252884,0.3266447067,0.28887000079999997,0.11298439499999999,0.1072849035,0.0374980897,66.11702881,0.02749027676111111,1.955674052,-0.246353194,0.935561597,0.335547209,85.18856049,887.0267944,998.0646973,20.95611954,20.76505089,20.19061089,24.1196804,22.77148056,58.64717865,48.00577927,2.042500019,0.0561765194
0.3308295965,0.3271229029,0.2898057938,0.1127253056,0.10731819869999999,0.0368448585,66.10836792,0.027470414902777778,1.955129027,-0.246373996,0.964379728,0.327069491,85.18856049,882.0025024,998.0634155,20.95615005,20.76519012,20.18829918,24.12450027,22.76802063,58.664711,48.02552032,2.287499905,0.0561766624
0.33196420670000004,0.328400898,0.2871413946,0.1123924017,0.1073140025,0.0399792403,66.10764771000001,0.02744259516388889,1.954583049,-0.246394694,0.987347126,0.30725801,85.18856049,878.5413818,998.0621948,20.95619011,20.76532936,20.18598938,24.12932014,22.76494026,58.68223953,48.04526138,2.359999895,0.0561767995
0.3331679106,0.3292551041,0.291725111,0.11209570170000001,0.10730979439999999,0.036675861500000004,66.11052246,0.027420077852777777,1.954036951,-0.246415406,1.008661985,0.304528296,85.18856049,878.6126709,998.0609131,20.95623016,20.7654705,20.18368912,24.13414001,22.76186943,58.69977188,48.064991,2.125,0.0561769426
0.3346652985,0.3301364899,0.2917191029,0.11202210189999999,0.1073055983,0.0375360101,66.11337891,0.027450377147222222,1.953492045,-0.246436194,1.011072993,0.308751792,69.72763062,879.5944214,998.0596924,20.95626068,20.76561928,20.2935009,24.13895988,22.75878906,58.72135162,48.08473969,2.079999924,0.05617709159999999
0.3345988035,0.3309474945,0.2879342079,0.11231620309999998,0.1073014975,0.0422023505,66.11624146,0.027497399647222222,1.952945948,-0.246456906,0.992847621,0.312975287,64.57398224,880.5762939,998.0584106,20.95630074,20.76576042,20.33028984,24.14377975,22.7557106,58.74428177,48.1044693,2.345000029,0.056177222699999994
0.3353323936,0.3310904026,0.2939244986,0.11250280139999999,0.1072973013,0.037022960199999996,66.1190979,0.02755484898888889,1.952399969,-0.246477604,0.972869992,0.368171901,64.57398224,880.3300171,998.0571899,20.95634079,20.76589966,20.33028984,24.14859962,22.75263023,58.7672081,48.12421036,2.152499914,0.0561773717
0.3365212917,0.3323688984,0.2927681923,0.1123342037,0.10729310510000001,0.038322261,66.11768187999999,0.0275601493,1.951854944,-0.246498406,0.957184076,0.370779097,64.57398224,876.0266113,998.0559082,20.95638084,20.7660408,20.33028984,24.15341949,22.7495594,58.79013824,48.14395142,2.037499905,0.056177502899999995
0.3371417046,0.3333853006,0.2932271957,0.1117517948,0.107288897,0.0391417503,66.11727295,0.027532997130555556,1.951308966,-0.246519104,0.94646579,0.350192904,64.57398224,868.5648804,998.0546875,20.9564209,20.76618004,20.16555977,24.15823936,22.74648094,58.81307983,48.16368866,2.007499933,0.0561776519
0.33841938969999996,0.3343492031,0.2957186937,0.1114750028,0.1072847962,0.037666589,66.11768187999999,0.027532997130555556,1.950762987,-0.246539801,0.9370386,0.329606712,95.46888733,862.9381104,998.0535278,20.95644951,20.76631927,20.11064911,24.16305923,22.74340057,58.83600998,48.18342972,2.157500029,0.056177777100000006
0.339687705,0.3355746984,0.2961179972,0.1113355041,0.1072806001,0.0382311493,66.11807861,0.02749690373611111,1.949357986,-0.246560603,0.925090075,0.318477213,105.7671967,860.8447266,998.0521851,20.95648956,20.76646042,20.11064911,24.1678791,22.74032021,58.85894012,48.20315933,2.210000038,0.056177932
0.3406214952,0.3370203972,0.2947113037,0.1111958981,0.1072764039,0.0408633411,66.11848755,0.02747107399722222,1.947666049,-0.246581301,0.912301123,0.258878291,105.7671967,859.6533813,998.0510254,20.95652962,20.76659966,20.11064911,24.17270088,22.73724937,58.88187027,48.23345947,2.345000029,0.0561780572
0.34172871109999997,0.337625289,0.2986690998,0.1111528039,0.1072721958,0.0383512288,66.11890259,0.02746676974722222,1.945974946,-0.246601999,0.910198271,0.2411834,105.7671967,863.1652222,998.0496826,20.95656013,20.7667408,20.11064911,24.17752075,22.73417091,58.90480042,48.26726913,2.352499962,0.0561782122
0.3429200888,0.3383917093,0.2979897022,0.1115681052,0.1072796941,0.0396356702,66.11931152,0.02747869067777778,1.944283009,-0.246622697,0.919432402,0.2431923,100.9284973,868.244873,998.0485229,20.95660019,20.76688004,20.15770912,24.18234062,22.73109055,58.92773056,48.30107117,2.272500038,0.056178337300000006
0.3431809902,0.3395559072,0.2967379093,0.1118700981,0.10729110239999999,0.041653761299999995,66.11970825,0.02746875551111111,1.942590952,-0.246643499,0.931258082,0.216712594,99.31561279,873.9215088,998.0471802,20.95664024,20.76701927,20.17414093,24.18716049,22.72801018,58.95066071,48.33488083,2.30250001,0.05617849230000001
0.3443543911,0.33807480339999996,0.3002605915,0.1116881013,0.1073024988,0.0392952502,66.1069397,0.02748994827222222,1.941656947,-0.246664196,0.943083823,0.207245797,99.31561279,877.9425049,998.0460205,20.95667076,20.76716995,20.1751194,24.19198036,22.72493935,58.97359085,48.36869049,2.402499914,0.05617861750000001
0.3453851938,0.3403881073,0.2991341114,0.11166330579999999,0.1072566032,0.038940748600000005,66.10908203,0.027488625844444444,1.940974951,-0.246684894,0.952118278,0.250839412,99.31561279,883.4716797,998.0446777,20.95671082,20.76730919,20.17609978,24.19680023,22.72186089,58.996521,48.40250015,2.279999971,0.0561787724
0.34605588909999996,0.3421226978,0.3003679037,0.11173510550000001,0.1071917057,0.040020221499999994,66.11765747,0.02749524646388889,1.940292954,-0.246705696,0.960222185,0.309174299,99.31561279,886.1364746,998.0435181,20.95675087,20.76745033,20.17708015,24.2016201,22.71878052,59.01945114,48.43630981,2.207499981,0.0561788976
0.3469414949,0.3431416988,0.3012022972,0.1118070006,0.1071755052,0.0408498406,66.11981201,0.02749458525,1.939610958,-0.246726394,0.968326211,0.367509186,105.6895981,884.8311157,998.0421753,20.95679092,20.76758957,20.17806053,24.20643997,22.71570015,59.04238892,48.47011948,2.327500105,0.0561790526
0.3479182959,0.34403209690000003,0.3024362087,0.1116197944,0.1071755052,0.0406820387,66.11981201,0.027480343713888886,1.938928962,-0.246747106,0.976430178,0.385222793,107.8142014,878.7108765,998.0410156,20.95681953,20.76773071,20.17904091,24.21125984,22.71261978,59.06531906,48.50392914,2.152499914,0.0561791778
0.3488951921,0.3448796034,0.3015779018,0.1117522001,0.1071755052,0.0424221307,66.11552123999999,0.02744524425833333,1.938246965,-0.246767893,0.981360197,0.369168907,107.8142014,871.2947998,998.0396729,20.95685959,20.76786995,20.18001938,24.21607971,22.70955086,59.08824921,48.53773117,2.319999933,0.056179332699999994
0.3494240046,0.3457269907,0.3041289091,0.1117609024,0.1071755052,0.040729010100000004,66.11442260999999,0.02742504543611111,1.937564969,-0.246788606,0.985232115,0.400761813,107.8142014,864.7404785,998.0385132,20.95689964,20.76800919,20.18099976,24.22090912,22.70647049,59.11117935,48.57154083,2.092499971,0.05617945789999999
0.3507025003,0.3463432074,0.3069781065,0.1114830017,0.1071755052,0.0387452602,66.11486206,0.027421733008333334,1.936882973,-0.246809304,0.989104092,0.388637096,107.8142014,858.4735718,998.0371704,20.9569397,20.76815033,20.18198013,24.2257309,22.70339012,59.1341095,48.60535049,2.372499943,0.056179612899999995
0.3514997005,0.3477056026,0.3057740927,0.1114969015,0.1071755052,0.0405690908,66.11530151,0.027394911447222225,1.936200976,-0.180652395,0.989831686,0.315169513,106.047699,850.317627,998.0358887,20.95697021,20.7682991,20.18296051,24.23055077,22.70030975,59.15703964,48.63916016,2.200000048,0.056179738
0.3524122953,0.348622489,0.3080451012,0.1111956954,0.1071755052,0.0396605402,66.11574097,0.027383982341666665,1.93551898,-0.224045202,0.989511371,0.287080497,105.4589005,846.2161255,998.034729,20.95701027,20.76844025,20.18394089,24.23535919,22.69724083,59.17998123,48.67296982,2.272500038,0.056179887100000006
0.3534502029,0.3496206045,0.3085844994,0.1110810995,0.1071755052,0.040082749699999996,66.11618042,0.027409150866666666,1.934836984,-0.245917305,0.989190876,0.294770092,105.4589005,846.673584,998.0333862,20.95705032,20.76857948,20.18491936,24.27948952,22.69416046,59.20291138,48.70677948,2.390000105,0.0561800182
0.35448799129999997,0.3507256985,0.3080241919,0.1110770941,0.1071755052,0.0415814012,66.11661987,0.027517102558333333,1.934154987,-0.245992601,0.988870502,0.291207194,105.4589005,848.1303711,998.0322266,20.95708084,20.76872063,20.18589973,24.29810905,22.69108009,59.22584152,48.74058914,2.102499962,0.0561801672
0.35552589889999997,0.3515089989,0.3100835085,0.11095420119999999,0.1071226954,0.040632110799999996,66.11707153,0.027691283755555556,1.933472991,-0.246067896,0.988550127,0.297894597,104.555603,849.5872803,998.0310059,20.9571209,20.76885986,20.18688011,24.30385971,22.68799973,59.18173981,48.7743988,2.210000038,0.0561802983
0.3565637112,0.35253579620000003,0.3110671043,0.1109745026,0.1071012974,0.040441981,66.11749878,0.027819777583333333,1.932482004,-0.246143103,0.973964274,0.289872587,104.2545013,851.0441284,998.0297241,20.95716095,20.7689991,20.18786049,24.3096199,22.6849308,59.1152916,48.80820847,2.077500105,0.056180447300000005
0.3573374987,0.3536792994,0.3126704931,0.1110558033,0.10709609989999999,0.0397978097,66.11793823000001,0.027923416555555556,1.931388021,-0.246218398,0.942542613,0.275192499,104.2545013,852.5009766,998.0285034,20.9571991,20.76914024,20.18884087,24.31537056,22.68185043,59.04885101,48.84201813,1.965000033,0.056180590399999994
0.35862391,0.3547561884,0.3153049946,0.1108790994,0.1070909977,0.038351759299999996,66.11837769,0.028013500638888886,1.930294991,-0.246293694,0.91106379,0.260512412,104.2545013,853.9578247,998.0272217,20.95722961,20.76927948,20.18983078,24.32113075,22.67877007,58.98239899,48.87582016,2.257499933,0.056180727500000006
0.3597611904,0.35581080909999996,0.3142797947,0.1109462023,0.1070858955,0.0404259712,66.11881714,0.02809958352777778,1.929201007,-0.246369004,0.88496381,0.256910414,104.2545013,856.0822144,998.026001,20.95726967,20.76942062,20.19080925,24.3268795,22.6756897,58.91595078,48.90962982,2.13499999,0.0561808705
0.360491395,0.3566689014,0.3155256033,0.1110281944,0.1070808053,0.0402684003,66.11926270000001,0.02819363911111111,1.92810595,-0.2464443,0.865891218,0.257001102,105.2494965,858.4290161,998.0247192,20.95730972,20.7695694,20.19178963,24.33263969,22.67262077,58.84951019,48.94343948,2.015000105,0.0561810076
0.3615488052,0.3574615955,0.3168131113,0.1110784054,0.1070755959,0.0398685992,66.11970215,0.02830124961111111,1.927011967,-0.246519595,0.848710418,0.257091701,105.5811005,859.4821777,998.0234985,20.95734978,20.76971054,20.19277,24.33839035,22.66954041,58.78305817,48.97724915,2.045000076,0.0561811507
0.3624438047,0.35849449629999997,0.3165568113,0.1111286998,0.1070705056,0.0409090996,66.10908813,0.0283548885,1.925917983,-0.246594906,0.83395803,0.209916696,105.5811005,860.104187,998.0222168,20.95738029,20.76984978,20.19375038,24.34415054,22.66646004,58.7166214,49.01105881,2.127500057,0.0561812878
0.3632375002,0.359344697,0.3179337025,0.11117889880000001,0.1070654035,0.040560880300000005,66.11088257,0.028374445166666665,1.924823999,-0.246670201,0.820015073,0.1629484,105.5811005,862.913208,998.0209961,20.95742035,20.76999092,20.19473076,24.34989929,22.66337967,58.65016937,49.04486847,2.082499981,0.0561814308
0.3641772032,0.3599419117,0.3191078901,0.1114439964,0.1070603013,0.0402368098,66.11801758,0.028420776777777778,1.923730016,-0.246745497,0.806072176,0.138132006,105.5811005,868.121582,998.0197754,20.9574604,20.77013016,20.19570923,24.35565948,22.6602993,58.58372116,49.08266068,2.412499905,0.05618156789999999
0.3647823095,0.3608175039,0.3187741041,0.1117805958,0.10705510380000001,0.0411677688,66.11768187999999,0.028470806555555554,1.922636986,-0.246820703,0.792129278,0.118925899,103.1605988,873.8867798,998.0184937,20.95749092,20.77026939,20.19668961,24.36141014,22.65723038,58.51728058,49.12176895,2.17750001,0.056181711
0.3655699015,0.3618041992,0.3201987028,0.1119487047,0.1070500016,0.040651989,66.11710205,0.028511500888888888,1.921542048,-0.246895999,0.778186321,0.099719852,102.3537979,879.6520996,998.0172729,20.95752907,20.77041054,20.19766998,24.36717033,22.65415001,58.45084,49.16088104,2.150000095,0.056181848
0.3666356087,0.36258940700000003,0.32075300219999997,0.111897099,0.1070448995,0.0410623103,66.11729126,0.028413834055555556,1.920447946,-0.246971294,0.764243424,0.088966258,102.3537979,883.6011963,998.0159912,20.95756912,20.77054977,20.19865036,24.37291908,22.65106964,58.38439178,49.19998932,2.127500057,0.056181991099999995
0.3674395084,0.3633073092,0.3220822096,0.11196199659999999,0.1070397019,0.0405281186,66.11749268,0.028341306055555553,1.920148969,-0.247046605,0.754370272,0.081030153,102.3537979,886.9450073,998.0147705,20.95760918,20.77069092,20.19963074,24.37867928,22.64798927,58.33610916,49.23910141,2.005000114,0.0561821282
0.368362093,0.3643497944,0.3218616009,0.11208389999999999,0.1070345998,0.041452649200000004,66.11768187999999,0.028335999388888887,1.92011404,-0.2471219,0.745853782,0.062828317,102.3537979,890.2888184,998.0134888,20.95763969,20.77083969,20.20060921,24.38442993,22.64491081,58.29386902,49.27820969,2.112499952,0.0561822712
0.3691317081,0.3651087999,0.3221417904,0.11203500029999999,0.1070294976,0.0421544105,66.11785889000001,0.028354223027777774,1.920078993,-0.247197196,0.73733741,0.063286357,103.3895035,893.6326294,998.0123291,20.95767975,20.77098083,20.20158958,24.39019012,22.64183998,58.25164032,49.31732178,2.19749999,0.0561824083
0.3698254108,0.3657371044,0.32280941009999997,0.1122429967,0.10702439550000001,0.042350670699999995,66.1180481,0.028397278249999998,1.920043945,-0.247272506,0.731270671,0.059137098,103.7348022,896.9763794,998.0109863,20.9577198,20.77112007,20.20256996,24.39594078,22.63875961,58.20941162,49.35643005,2.329999924,0.0561825514
0.3705189943,0.3663655043,0.3243889093,0.11255569459999999,0.1070801973,0.0414137304,66.1182373,0.028459527749999998,1.920009017,-0.156810105,0.726020694,0.05099855,103.7348022,899.3677979,998.0098267,20.95775986,20.77125931,20.20355034,24.40169907,22.63567924,58.16717911,49.39554977,2.369999886,0.0561826885
0.37121260170000003,0.3671156883,0.32550361159999996,0.1127223015,0.1071565032,0.0409408003,66.11843262,0.02851086086111111,1.919973969,-0.217130899,0.727905512,0.048308872,103.7348022,901.4417725,998.0084839,20.95779037,20.77140045,20.20453072,24.40745926,22.63260078,58.12493896,49.43466187,2.182499886,0.056182831499999995
0.3719063044,0.3681118011,0.3263618946,0.11284019949999999,0.1071755052,0.040740490000000004,66.11862183,0.028562193972222222,1.919939041,-0.240675107,0.732168496,0.04743547,104.9777985,903.515686,998.0073242,20.95783043,20.77153969,20.11066055,24.41320992,22.62952995,58.08271027,49.47377014,2.404999971,0.05618296860000001
0.3729346037,0.36892969610000004,0.3275599957,0.1126966953,0.1071755052,0.0405401796,66.11881714,0.02845124986111111,1.919903994,-0.2318535,0.75567919,0.046562068,105.3921967,905.5897217,998.0059814,20.95787048,20.77168083,20.07928085,24.41896057,22.62644958,58.04048157,49.51287842,2.402499914,0.056183111699999996
0.3737087965,0.36966540810000004,0.3284064054,0.1127491951,0.1071755052,0.0404683888,66.11901245,0.028310527805555555,1.919868946,-0.236085504,0.793159127,0.04568867,105.3921967,907.6635742,998.0048218,20.95789909,20.77182007,20.07928085,24.42472076,22.62336922,57.99824905,49.55199051,2.137500048,0.056183248799999995
0.3743611097,0.3705367088,0.3294017076,0.1128960967,0.1071755052,0.0402453512,66.11920166,0.02822177675,1.919834018,-0.244668707,0.829637825,0.037937701,105.3921967,909.2603149,998.003479,20.95793915,20.77197075,20.07928085,24.43047905,22.62029076,57.99023819,49.59109879,2.180000067,0.0561833918
0.3752784014,0.371145606,0.33176810739999996,0.11297760009999999,0.1071755052,0.038768580600000005,66.11937866,0.028180389416666667,1.919437051,-0.245741606,0.861166775,0.044277519,105.3921967,910.6976929,998.0023193,20.9579792,20.77210999,20.07928085,24.43622971,22.61721992,57.99362946,49.63021088,2.377500057,0.0561835289
0.3762840986,0.37204759119999997,0.331142211,0.1130375028,0.1071956038,0.0400033593,66.11956787,0.028136999333333333,1.918918967,-0.02222077,0.888325512,0.05607843,107.8783035,912.1351929,998.0009766,20.95801926,20.77224922,20.24889946,24.4419899,22.61413956,57.99702835,49.66931915,2.474999905,0.056183672
0.3765914917,0.3726566076,0.3315057993,0.1130972981,0.1072321057,0.040541830699999996,66.11975708,0.02808930502777778,1.918401957,-0.172069103,0.909361482,0.067879349,108.7070007,913.5725708,997.9998169,20.95804977,20.77239037,20.3054409,24.44774055,22.61105919,58.00041962,49.70843887,2.309999943,0.056183821
0.3771349907,0.3729568005,0.3345457077,0.11315710539999999,0.1072718024,0.0381108612,66.11123047,0.02806447136111111,1.917883992,-0.246814504,0.923882782,0.136209607,108.7070007,914.4371948,997.9984741,20.95808983,20.7725296,20.3054409,24.45350075,22.60798073,58.00381851,49.74755096,2.204999924,0.056183952100000004
0.3778347015,0.3738651991,0.3338423014,0.11321690079999999,0.1073114991,0.0391144186,66.10980225,0.028031361888888887,1.917366982,-0.246814504,0.936797678,0.223383099,108.7070007,913.6066284,997.9973145,20.95812988,20.77267075,20.3054409,24.4592495,22.6049099,58.00722122,49.78665924,2.032500029,0.056184101099999995
0.3785343885,0.3746356964,0.33374700549999997,0.1128175974,0.1073513031,0.040118160800000004,66.11171265,0.0279790285,1.916849017,-0.246814504,0.949712515,0.2672185,108.7070007,906.3762207,997.9959717,20.95816994,20.77280998,20.3054409,24.46516037,22.60182953,58.01060867,49.82577133,2.204999924,0.056184232199999996
0.3791408062,0.37489700319999997,0.3353622913,0.11252620220000001,0.10736119749999999,0.039273419999999996,66.11361084,0.02797277875,1.916332006,-0.163128302,0.962627411,0.296608001,109.157402,893.4031982,997.994812,20.95820045,20.77294922,20.27700996,24.47112083,22.59874916,58.01401138,49.86487961,2.190000057,0.0561843812
0.37971620559999997,0.3753344059,0.3348675966,0.11278300290000001,0.10736119749999999,0.040029341,66.11552123999999,0.027958028583333332,1.915814042,-0.218919098,0.975542188,0.295210689,109.3075027,882.2490234,997.9935303,20.95824051,20.77309036,20.26622009,24.47707939,22.59387016,58.01739883,49.9039917,2.332499981,0.0561845124
0.3801201105,0.3758738995,0.3352729082,0.1127660036,0.10736119749999999,0.0401687413,66.11743163999999,0.027934860666666665,1.915297031,-0.246822596,0.981783628,0.283551186,109.3075027,873.848877,997.9923096,20.95828056,20.7732296,20.26448059,24.48303986,22.58839989,58.02080154,49.94309998,2.255000114,0.0561846614
0.3804670095,0.3761507988,0.3360358,0.1126062989,0.10736119749999999,0.039873749,66.11934204,0.027942943583333334,1.914778948,-0.246833503,0.985800624,0.271891594,109.3075027,867.6386108,997.9910278,20.95830917,20.77337074,20.26273918,24.48900032,22.58292007,58.02420044,49.98220825,2.337500095,0.056184792500000004
0.3810796022,0.3770013094,0.3355649948,0.1126312017,0.10736119749999999,0.0405857801,66.11981201,0.02789891561111111,1.914262056,-0.246844307,0.9898175,0.265494406,109.3075027,864.6082153,997.9898071,20.95834923,20.77351952,20.26099968,24.49496078,22.57744026,58.02759171,50.02132034,2.244999886,0.056184941499999995
0.38178091049999996,0.3782604933,0.3369240046,0.1123554945,0.10736119749999999,0.0400772989,66.11981201,0.027834000055555554,1.913743973,-0.246855095,0.993834376,0.277883887,94.34718323,862.458374,997.9885254,20.95838928,20.77366066,20.25925064,24.50091934,22.57196999,58.0309906,50.06044006,2.410000086,0.056185072700000005
0.3832866907,0.37958240509999996,0.3387181044,0.1119590998,0.10736119749999999,0.039574489000000004,66.11981201,0.027782026916666664,1.913226962,-0.246866003,0.997851372,0.271383494,89.3604126,858.1732178,997.9873047,20.95842934,20.7737999,20.25750923,24.50687981,22.56649017,58.03438187,50.09954834,2.434999943,0.056185221699999996
0.3846858025,0.3806965113,0.3377108097,0.11156270500000001,0.10736119749999999,0.041882389799999996,66.11981201,0.027765127816666665,1.912708998,-0.246876806,0.999551773,0.2566939,89.3604126,853.1760864,997.986084,20.95845985,20.77393913,20.25576973,24.51284027,22.56101036,58.03778076,50.13866043,2.277499914,0.0561853528
0.3855365992,0.3817414045,0.3392188072,0.111677897,0.10736119749999999,0.0415387601,66.11768187999999,0.027749563852777777,1.912191987,-0.246887699,1.000480056,0.242004395,89.3604126,850.9212036,997.9848022,20.95849991,20.77408028,20.25402069,24.51880074,22.55554008,58.04117966,50.17776871,2.372499943,0.0561855018
0.3867527962,0.382998395,0.3397016048,0.11171729560000002,0.10736119749999999,0.0420601308,66.11696167,0.027741949294444446,1.911674023,-0.246898502,1.001407981,0.2380348,100.9133987,849.5803833,997.9835815,20.95853996,20.77421951,20.25227928,24.52477074,22.55006027,58.04457092,50.2168808,2.315000057,0.056185632900000004
0.38788781170000003,0.3840059996,0.34160900120000004,0.1114449024,0.10736119749999999,0.041389510000000004,66.11696167,0.027717111375,1.909845948,-0.246909305,1.002336979,0.250018686,104.7643967,849.3187256,997.9822998,20.95857048,20.77436066,20.25053978,24.53072929,22.54458046,58.04796982,50.25598907,2.19749999,0.056185782
0.3889394999,0.38490691180000003,0.34312291149999996,0.1115110993,0.10736119749999999,0.0408142507,66.11696167,0.027679364947222222,1.907580018,-0.246920198,1.003265023,0.266129404,104.7643967,849.416626,997.9810791,20.95861053,20.77449989,20.24879074,24.53668976,22.53911018,58.05136108,50.30670166,2.065000057,0.0561859071
0.38978910450000004,0.38617949490000003,0.3433732986,0.111531198,0.10736119749999999,0.0415106207,66.11696167,0.027654524908333332,1.905313969,-0.246931002,1.004192948,0.25479731,104.7643967,848.1937256,997.9797974,20.95865059,20.77463913,20.24704933,24.54265022,22.53363037,58.08197021,50.3612709,2.32249999,0.0561860621
0.39089438919999997,0.38712620740000003,0.3459542036,0.11122109890000001,0.10736119749999999,0.04022533,66.11696167,0.02765253914722222,1.903048992,-0.246941805,1.005120993,0.257794887,104.7643967,846.5305176,997.9785767,20.95869064,20.77478981,20.24530983,24.54861069,22.52815056,58.12163925,50.41585159,2.367500067,0.0561861873
0.3921073914,0.38846650120000004,0.3462284088,0.11125880480000001,0.10736119749999999,0.0408978611,66.11696167,0.027621743944444443,1.900782943,-0.246952698,1.006049991,0.2488271,102.0221024,846.5446777,997.9772949,20.95871925,20.77492905,20.24357033,24.55456924,22.52268028,58.16131973,50.47042084,2.117500067,0.056186342199999996
0.39332029820000003,0.3898215055,0.34687209129999996,0.1112190008,0.10736119749999999,0.0415944308,66.11696167,0.027579358419444446,1.898517013,-0.246963501,1.006978035,0.2616283,101.1080017,847.1182251,997.9760742,20.95875931,20.77507019,20.24183083,24.56052971,22.51720047,58.20098877,50.52500153,2.002500057,0.056186467399999995
0.3945333004,0.39087359909999997,0.34761719700000004,0.1111047029,0.10736119749999999,0.0422043711,66.10836792,0.027559818691666665,1.896250963,-0.246974304,1.007230997,0.283884913,101.1080017,847.6917114,997.9749146,20.95879936,20.77520943,20.24007988,24.56649017,22.51172066,58.24066925,50.57957077,2.297499895,0.0561866224
0.3955559015,0.3918431997,0.3487377882,0.11107610459999999,0.10736119749999999,0.042156338700000004,66.10684814,0.027514122858333333,1.893985987,-0.246985197,1.007259965,0.269501805,101.1080017,846.1724243,997.9735718,20.95883942,20.77535057,20.23834038,24.57245064,22.50625038,58.28033829,50.63415146,2.38499999,0.056186747599999996
0.3965151072,0.3928128004,0.3496498108,0.11108289959999999,0.10736119749999999,0.042135191,66.10864258000001,0.027493921916666667,1.892995954,-0.246996,1.007289052,0.266582996,101.1080017,843.9553833,997.9724121,20.95886993,20.77548981,20.23660088,24.57840919,22.50077057,58.32001114,50.6887207,2.117500067,0.056186902500000004
0.3967549086,0.3938508034,0.34988219740000004,0.11109189989999999,0.10736119749999999,0.042908918899999995,66.1104187,0.027472065819444443,1.892431974,-0.247006804,0.987168193,0.281171113,109.7029037,844.0422974,997.9711304,20.95890999,20.77563095,20.15028,24.58436966,22.49529076,58.35969162,50.74328995,1.992499948,0.0561870277
0.39821710590000003,0.39491159919999996,0.3513335943,0.1111009002,0.107326901,0.0425172389,66.11220703000001,0.027419747247222223,1.891867042,-0.247017696,0.943508208,0.298964113,112.5679016,842.5264893,997.9697876,20.95895004,20.77577019,20.1216507,24.59033012,22.48982048,58.39936066,50.79787064,2.167500019,0.056187182700000005
0.3996268988,0.3957395077,0.3532529116,0.1111099005,0.1072962999,0.0416587502,66.11400146,0.0273935869,1.891302943,-0.2470285,0.900420606,0.298616588,112.5679016,840.22052,997.9686279,20.95898056,20.77592087,20.1216507,24.59770966,22.48434067,58.43904114,50.85243988,2.200000048,0.0561873198
0.4006625175,0.3970323086,0.3530710936,0.1111188054,0.10727080110000001,0.0426683992,66.11578979,0.027343251969444444,1.890738964,-0.247039303,0.874370575,0.272402108,112.5679016,837.9146118,997.9672852,20.95902061,20.7760601,20.1216507,24.6055603,22.47886086,58.47871017,50.90702057,2.204999924,0.0561874628
0.4016333103,0.3981925011,0.35399498939999996,0.1110036016,0.1072451949,0.0430372596,66.11757813,0.027314777375,1.890174985,-0.247050196,0.866316676,0.275622487,112.5679016,837.9555054,997.9661255,20.95906067,20.77619934,20.1216507,24.61342049,22.47339058,58.51839066,50.96158981,2.194999933,0.056187599899999996
0.4028326988,0.3988154888,0.3560753107,0.1108469009,0.1072196007,0.042117181399999995,66.11937256,0.027291100819444445,1.889610052,-0.247060999,0.862597287,0.290856808,112.8150024,838.7788086,997.9647827,20.95910072,20.77634048,20.18400002,24.62126923,22.46791077,58.55805969,51.0161705,2.174999952,0.056187742900000004
0.4035973072,0.39964640139999996,0.3565162897,0.110968399,0.1071939945,0.0422991693,66.11768187999999,0.027265268961111113,1.889045954,-0.247071907,0.858878016,0.208490804,112.8973999,838.2841187,997.963623,20.95912933,20.77647972,20.20203018,24.62912941,22.46242905,58.59774017,51.07073975,2.200000048,0.05618788
0.40445790290000005,0.40059480670000003,0.357565403,0.11118270159999999,0.10716840030000001,0.0421545714,66.11749878,0.027249872419444446,1.888481975,-0.247082695,0.857948124,0.164588198,112.8973999,842.2962036,997.9622803,20.95916939,20.77662086,20.19836044,24.63698006,22.45696068,58.63740921,51.12532043,2.352499962,0.0561880171
0.40540719029999994,0.40168819429999997,0.3583760023,0.1113968968,0.1071429014,0.0421988606,66.11821289,0.027225036622222223,1.887917995,-0.247093499,0.865072072,0.165817201,112.8973999,849.7824707,997.9611206,20.95920944,20.7767601,20.1946907,24.6448307,22.45148087,58.67708969,51.17988968,2.174999952,0.056188160200000004
0.4064529896,0.4028298855,0.3593117952,0.11146030430000001,0.1071172953,0.0423939288,66.1189209,0.027184969583333336,1.887352943,-0.247104406,0.884441614,0.174201593,117.5587006,857.8770752,997.9597778,20.9592495,20.77689934,20.19101906,24.65269089,22.44599915,58.71675873,51.23445892,2.19749999,0.0561882973
0.40753078460000003,0.40377559659999995,0.3599138021,0.11147340539999999,0.1071007013,0.0429268211,66.11964111,0.027161125608333336,1.886788964,-0.247115195,0.892981887,0.182585999,119.1125031,863.1876221,997.9586182,20.95928001,20.77704048,20.18736076,24.66053963,22.44053078,58.72893143,51.28903961,2.417500019,0.056188440299999996
0.40843372340000006,0.4046558857,0.3609926939,0.1114863992,0.10708700419999999,0.0428693295,66.10908813,0.027230332691666668,1.886224985,-0.247125998,0.885754108,0.190970406,119.1125031,867.5701294,997.9572754,20.95932007,20.77718925,20.18368912,24.66839981,22.43504906,58.73191833,51.34360886,2.457499981,0.056188577399999995
0.4094545841,0.40553631780000005,0.3620120049,0.11152559520000001,0.1070734024,0.0425775111,66.10908813,0.027346229552777778,1.885661006,-0.247136906,0.874839187,0.199354798,119.1125031,870.4628296,997.9561157,20.95936012,20.7773304,20.18001938,24.67625046,22.42956924,58.7349205,51.39818954,2.375,0.0561887205
0.4102468014,0.4065453053,0.3629416943,0.1115735054,0.1070597053,0.0425125599,66.11384888,0.027454183366666666,1.885095954,-0.247147694,0.876530826,0.207739204,119.1125031,872.8588867,997.9547729,20.95939064,20.77746964,20.17634964,24.6840992,22.42410088,58.73791122,51.45275879,2.057499886,0.056188857599999996
0.41128330230000004,0.4075971127,0.3640146971,0.1116214037,0.1070459962,0.042523241,66.11862183,0.027525711058333333,1.884531975,-0.247158602,0.890589297,0.216123596,115.4589005,875.255127,997.9536133,20.95943069,20.77761078,20.1726799,24.69195938,22.41861916,58.74090958,51.50733948,2.335000038,0.056189000600000004
0.41243300439999997,0.4086489201,0.3649625063,0.11150820260000001,0.10703239440000001,0.0426574111,66.11981201,0.027577205233333336,1.884709954,-0.247169405,0.907369494,0.231011197,114.2409973,876.3095093,997.9523926,20.95947075,20.77775002,20.16901016,24.69981003,22.41313934,58.7439003,51.56190872,2.137500048,0.0561891377
0.4133500099,0.4096035004,0.3658525944,0.1114094019,0.10701869729999999,0.0428327501,66.11981201,0.027625552283333334,1.885136008,-0.247180194,0.920083284,0.281073511,114.2409973,876.916626,997.9511108,20.9595108,20.77788925,20.16534042,24.70767021,22.40766907,58.76626968,51.61648941,2.164999962,0.0561892807
0.4144690037,0.41073188780000003,0.3667427063,0.111333096,0.1070050955,0.042870798700000004,66.11981201,0.027650553386111113,1.885561943,-0.247191101,0.928072929,0.294559389,114.2409973,874.0938721,997.9498901,20.95953941,20.7780304,20.16167068,24.71552086,22.40218925,58.79510117,51.67105865,2.022500038,0.056189417799999995
0.41568098070000004,0.4116983891,0.3672156096,0.1112568974,0.1069913983,0.0435164392,66.11981201,0.027644924588888887,1.885987997,-0.247201905,0.934939384,0.266638488,114.2409973,870.1278076,997.9486084,20.95957947,20.77816963,20.15801048,24.72337914,22.39670944,58.82392883,51.72563171,1.982499957,0.056189560900000005
0.4163845062,0.41258797649999995,0.3680232048,0.1113657951,0.1069777966,0.0438015193,66.11981201,0.027621743944444443,1.886414051,-0.247212693,0.933458805,0.261198312,115.7006989,868.7965088,997.9473877,20.95961952,20.77831078,20.15434074,24.72621918,22.39123917,58.85274887,51.78020859,2.17750001,0.056189697999999996
0.417223978,0.4133751869,0.3689888,0.11153630020000001,0.1069640994,0.043641299,66.11981201,0.027577368419444446,1.886839986,-0.247223601,0.920730591,0.266090095,116.1873016,869.6417236,997.946106,20.95965958,20.77845955,20.1506691,24.72739029,22.38575935,58.88158035,51.83478165,2.217499971,0.056189841
0.4181653023,0.41445159909999996,0.3686937094,0.11155990360000001,0.106901896,0.0446814895,66.11981201,0.027539454566666666,1.886420012,-0.247234404,0.905180693,0.253237814,116.1873016,870.9196167,997.9448853,20.95969009,20.77858925,20.14699936,24.72855949,22.3782692,58.91040039,51.88935089,2.1875,0.0561899781
0.4191065788,0.4152902126,0.3697309017,0.11124939920000002,0.1068235993,0.0447625488,66.11981201,0.027505677541666666,1.885718942,-0.247245207,0.902516425,0.274213701,116.1873016,872.1975708,997.9436035,20.95973015,20.77873993,20.14332962,24.72973061,22.37010956,58.93923187,51.94393158,2.307499886,0.0561901212
0.41989102359999997,0.4158111095,0.3709228992,0.11119070049999999,0.1068071008,0.0443811715,66.11981201,0.027479351891666667,1.885017991,-0.2472561,0.913020015,0.308437109,115.3318024,871.5878906,997.9423828,20.9597702,20.77887917,20.13965988,24.73089981,22.36194992,58.96805954,51.99850082,2.319999933,0.0561902583
0.4204555988,0.41660580639999995,0.3714891911,0.11124769450000001,0.10681109429999999,0.0443218887,66.11981201,0.027455512152777778,1.884317994,-0.247266904,0.926481187,0.297718614,115.0466003,867.3601074,997.9412231,20.95980072,20.77902031,20.13599968,24.73207092,22.35379028,58.99689102,52.05308151,2.085000038,0.056190401300000005
0.42122240069999994,0.41751418109999994,0.3729137897,0.1111922026,0.1068151951,0.0436430097,66.11981201,0.027401864794444446,1.883617043,-0.247277796,0.937185287,0.272019506,115.0466003,863.6724243,997.9398804,20.95984077,20.77915955,20.13232994,24.73324966,22.34563065,59.02571106,52.10765076,2.047499895,0.056190538400000004
0.42207531930000003,0.41827239990000004,0.3740165949,0.1110993028,0.10681929590000001,0.0434626997,66.11981201,0.027384974161111113,1.882915974,-0.2472886,0.937399983,0.234653205,115.0466003,863.6608887,997.9387207,20.95988083,20.77930069,20.1286602,24.73442078,22.3374691,59.05453873,52.16223145,2.075000048,0.05619068149999999
0.4227468967,0.4189805984,0.37468409540000003,0.11121300460000001,0.1068233967,0.0435293496,66.11981201,0.02736278957777778,1.882215023,-0.195076793,0.930283129,0.230123997,115.0466003,867.1685181,997.9373779,20.95992088,20.77943993,20.12499046,24.73558998,22.32930946,59.08337021,52.21680069,2.184999943,0.056190818499999996
0.423358202,0.4196887016,0.376031208,0.1113955021,0.10682749750000001,0.0428806603,66.11981201,0.027318751016666667,1.881513953,-0.229528904,0.921785712,0.237836704,113.370903,871.4973755,997.9362183,20.95994949,20.77957916,20.12132072,24.73675919,22.32114983,59.11219025,52.27138138,2.055000067,0.0561909616
0.42429518699999996,0.4204539776,0.3772172928,0.1113597989,0.1068315983,0.0424543887,66.11981201,0.02730053583888889,1.880813003,-0.246814504,0.919124782,0.2455495,112.8124008,873.2020874,997.9348755,20.95998955,20.77972031,20.11764908,24.7379303,22.31299019,59.14522934,52.32595062,2.210000038,0.0561910987
0.4251431942,0.4212384224,0.37797129150000003,0.11125149729999999,0.1068356037,0.0424908996,66.10908813,0.0273551729,1.880112052,-0.236443102,0.927851081,0.272496492,112.8124008,874.0319214,997.9337158,20.9600296,20.77986908,20.11399078,24.7390995,22.30483055,59.1796608,52.38051987,2.444999933,0.056191241700000005
0.42592539790000006,0.42202267649999997,0.3786269903,0.1111431003,0.1068397045,0.0426304698,66.11624146,0.02739789115,1.879410982,-0.236562297,0.929231524,0.305854797,112.8124008,873.7064209,997.932373,20.96006966,20.78001022,20.11031914,24.74027061,22.29667091,59.21409988,52.43930054,2.117500067,0.056191378800000004
0.42655949590000003,0.42121047970000003,0.37998900409999997,0.1111351013,0.1068438053,0.0420391709,66.11981201,0.027420739066666668,1.878710032,-0.241330802,0.918423891,0.299773991,112.8124008,870.2255859,997.9312134,20.96010017,20.78014946,20.1066494,24.74143982,22.28850937,59.24853897,52.49948883,2.319999933,0.0561915219
0.4275846004,0.4231320858,0.38072810170000004,0.1111603975,0.1068478942,0.0404823691,66.11981201,0.027418753305555557,1.878008962,-0.246099204,0.895857215,0.280546814,118.830101,865.8212891,997.9298706,20.96014023,20.7802906,20.20355034,24.74262047,22.28034973,59.28297043,52.55966949,2.355000019,0.056191659000000005
0.4284636021,0.42477769849999997,0.3816461086,0.11098560090000001,0.106851995,0.0414861113,66.11981201,0.02739060931666667,1.877308011,-0.247291297,0.854071319,0.261319488,120.8359985,866.0750732,997.9285889,20.96018028,20.78042984,20.23616028,24.74378967,22.27219009,59.31740952,52.61985016,2.082499981,0.056191802
0.4292449951,0.42543621060000003,0.38354148860000004,0.11101089719999999,0.10685600040000001,0.041236239699999996,66.11981201,0.027370075650000002,1.876708031,-0.247291297,0.806863725,0.253842086,120.8359985,867.8817139,997.9274292,20.9602108,20.78056908,20.23616028,24.74496078,22.26403046,59.3518486,52.68003845,2.247499943,0.056191951
0.4302207947,0.4262240887,0.3832612991,0.111125195,0.1068601012,0.0421748698,66.11981201,0.027333318922222224,1.876140952,-0.247290194,0.765878916,0.250281215,120.8359985,869.7457886,997.9260864,20.96025085,20.78071022,20.23616028,24.74612999,22.25587082,59.3862915,52.74021912,2.127500057,0.05619208220000001
0.43087382319999995,0.42682018279999995,0.3836487055,0.1112395048,0.10686420199999999,0.0425753891,66.11981201,0.027314442527777778,1.875573993,-0.247288704,0.744091928,0.258396208,120.8359985,871.6290894,997.9249268,20.96029091,20.78084946,20.23616028,24.74729919,22.24770927,59.42071915,52.80039978,2.180000067,0.0561922312
0.4313975811,0.42731819150000006,0.3840301991,0.1113536954,0.1068683028,0.0427712798,66.11981201,0.027343582577777775,1.875007033,-0.247287199,0.732154071,0.253247589,113.5140991,873.5125122,997.923584,20.96032906,20.7809906,20.18909073,24.74847031,22.23955917,59.45515823,52.86059189,2.069999933,0.0561923623
0.43170108799999996,0.4278162956,0.3845666885,0.11158720250000001,0.10689799790000001,0.04279553,66.11981201,0.027364612155555558,1.874441028,-0.247285798,0.724836886,0.184577703,111.0734024,875.395813,997.9224243,20.96035957,20.78113937,20.17340088,24.74963951,22.23139954,59.48960114,52.92076874,2.282500029,0.056192511300000005
0.432269001,0.42831439969999996,0.3849421978,0.1118603945,0.1069362998,0.0429097801,66.11981201,0.02737851884722222,1.873873949,-0.247284293,0.728642106,0.152592003,111.0734024,880.9802246,997.9210815,20.96039963,20.78128052,20.17340088,24.75081062,22.2232399,59.52402878,52.9809494,2.257499933,0.0561926425
0.4327229977,0.42881240839999996,0.3854785919,0.112133503,0.10697460169999999,0.042851498700000004,66.11768187999999,0.02738547431111111,1.87330699,-0.247282803,0.744335115,0.139256805,111.0734024,887.7982788,997.9199219,20.96043968,20.78141975,20.17340088,24.75198936,22.21508026,59.55847168,53.04113007,2.107500076,0.05619279149999999
0.4331016064,0.42921109199999996,0.3860985041,0.11240669489999999,0.10701279640000001,0.0427170306,66.11727295,0.027390109169444444,1.87274003,-0.247281402,0.772294879,0.125921607,110.6028976,894.616394,997.9187012,20.96047974,20.7815609,20.17340088,24.75316048,22.20692062,59.59291077,53.10131836,2.107500076,0.05619292259999999
0.4334801197,0.42957677839999997,0.3864324093,0.11277589800000001,0.1070510983,0.0427211404,66.11768187999999,0.027371400197222222,1.872172952,-0.247279897,0.810926378,0.127887994,110.4459991,898.8007202,997.9174194,20.96051025,20.78170013,20.17340088,24.75432968,22.19875908,59.62733841,53.16149902,2.029999971,0.0561930716
0.4340456963,0.43012428280000004,0.3871356964,0.11287679669999999,0.1070894003,0.0424219012,66.11807861,0.02732603708888889,1.871605992,-0.247278407,0.845480919,0.1349549,110.4459991,902.1071777,997.9161987,20.96055031,20.78183937,20.17340088,24.75550079,22.19059944,59.66178131,53.22167969,2.150000095,0.0561932027
0.43467369079999996,0.43119759560000004,0.387707901,0.1128775001,0.10712770220000001,0.0424163491,66.11848755,0.027291264005555555,1.871039987,-0.247276902,0.871209085,0.142021894,110.4459991,905.4135742,997.914917,20.96059036,20.78198051,20.17340088,24.75667,22.1824398,59.6962204,53.2818718,2.184999943,0.056193351700000005
0.4358413219,0.4326234818,0.390366292,0.11261160370000001,0.1071658969,0.0408312708,66.11890259,0.02727702458611111,1.870473027,-0.247275501,0.883268476,0.1490888,110.4459991,907.2526245,997.9136963,20.96062088,20.78211975,20.17340088,24.7578392,22.17428017,59.73065948,53.34204865,2.119999886,0.0561934829
0.4379227161,0.4346001148,0.39126629830000004,0.1121330023,0.10704649690000001,0.0413571388,66.11931152,0.027238945430555554,1.867213011,-0.247273996,0.885178328,0.156155795,115.3496017,908.602478,997.9124146,20.96066093,20.78226089,20.17340088,24.75901031,22.16612053,59.76509094,53.40222931,2.295000076,0.0561936319
0.4397439003,0.4363524914,0.3923033953,0.1116132021,0.1069744945,0.0422966391,66.11970825,0.02718231625,1.863054991,-0.247272506,0.881067276,0.224544898,116.9841995,909.9525146,997.9111938,20.96069908,20.78240967,20.17340088,24.76018906,22.15796089,59.82756042,53.48437881,2.1875,0.0561937571
0.44108490939999995,0.4376276016,0.3941988945,0.11145709749999999,0.10693579909999999,0.0421536297,66.10908813,0.027152512869444444,1.858896971,-0.247271106,0.875652671,0.313374788,116.9841995,907.74823,997.9099731,20.96073914,20.78255081,20.17340088,24.76136017,22.14979935,59.89937973,53.57384872,2.017499924,0.056193912
0.442690897,0.43900208469999996,0.3947352886,0.111422205,0.10689710379999999,0.042892208700000004,66.11624146,0.027086950938888892,1.854740024,-0.247269601,0.870238185,0.333561897,116.9841995,900.1818848,997.9086914,20.96076965,20.78269005,20.17340088,24.76252937,22.14163971,59.97119904,53.66331863,2.30250001,0.0561940491
0.4439770222,0.4404485226,0.3957695007,0.1111763,0.1068583965,0.0432325393,66.11981201,0.027089597913888888,1.850582004,-0.247268096,0.86482358,0.330868006,116.9841995,891.2233276,997.9074707,20.96080971,20.78282928,20.17340088,24.76370049,22.13348007,60.04301834,53.75278854,2.170000076,0.05619419220000001
0.44554967879999996,0.4418550014,0.3971405029,0.1110834002,0.10681970119999999,0.043308010699999996,66.11981201,0.02711509704722222,1.846423984,-0.247266695,0.869703472,0.328174204,116.9656982,885.513916,997.906189,20.96084976,20.78297043,20.27739906,24.76486969,22.12532043,60.11483002,53.84225845,2.269999981,0.0561943293
0.4468279839,0.44324798579999997,0.3973579884,0.11106499430000001,0.10678100589999999,0.0444239289,66.11981201,0.027090261247222223,1.842267036,-0.247265205,0.878014922,0.293069392,116.9411011,880.8875732,997.9050293,20.96088028,20.78310966,20.3120594,24.7660408,22.1171608,60.18664932,53.93173981,2.105000019,0.0561944723
0.4481935978,0.4446411133,0.3988362074,0.11104660029999999,0.1067422986,0.0443814486,66.11981201,0.027067078483333333,1.838109016,-0.2472637,0.875264704,0.268607706,116.9163971,880.0623779,997.9036865,20.96092033,20.78325081,20.3120594,24.76721001,22.10117912,60.25846863,54.02120972,2.067500114,0.0561946094
0.44963707919999996,0.4458502769,0.40023698809999997,0.11091250180000001,0.10670360329999999,0.0444021314,66.11981201,0.027073703341666665,1.833950996,-0.247262195,0.868827283,0.251295,116.8917999,882.8826294,997.9025269,20.96096039,20.78339005,20.3120594,24.76837921,22.0825901,60.33029175,54.11067963,2.087500095,0.0561947525
0.4509394169,0.44699821469999995,0.4009820938,0.11094679830000001,0.106664896,0.0448927313,66.11981201,0.027053504519444445,1.832173944,-0.247260794,0.855673611,0.233982205,118.2427979,886.4954224,997.9011841,20.96100044,20.78354073,20.31008911,24.76955032,22.06401062,60.40211105,54.20014954,2.329999924,0.0561948895
0.45188021660000005,0.4481461048,0.4021145821,0.1110502005,0.10662620069999999,0.045011279,66.11981201,0.027000853219444444,1.831190944,-0.247259304,0.84028101,0.231257498,118.6951981,890.1082764,997.9000244,20.96102905,20.78367996,20.30746078,24.77072906,22.04541969,60.47393036,54.28961945,2.477499962,0.05619503259999999
0.4530056953,0.44933218960000004,0.4032113075,0.11107610459999999,0.10658750530000001,0.0449745387,66.11981201,0.026977009244444444,1.83020699,-0.247257799,0.824888408,0.233395502,118.6951981,893.7211304,997.8986816,20.96106911,20.7838192,20.30483055,24.77190018,22.02683067,60.54573822,54.37908936,2.289999962,0.056195169700000006
0.4542277813,0.4505311012,0.4045404911,0.11107610459999999,0.1065487981,0.0447370499,66.11768187999999,0.026954161325,1.82922399,-0.247256398,0.803680778,0.235533595,118.6951981,897.3339844,997.897522,20.96110916,20.78396034,20.30220032,24.77306938,22.00824928,60.61756134,54.46855927,2.047499895,0.0561953127
0.4554499149,0.45173010830000004,0.405309391,0.11107610459999999,0.1065336943,0.0451306999,66.11768187999999,0.026954491933333335,1.828240991,-0.247254893,0.791478395,0.237671599,118.6951981,899.6697998,997.8961792,20.96114922,20.78409958,20.29957008,24.77424049,21.98966026,60.68938065,54.55802917,1.929999948,0.0561954498
0.4565587044,0.4529290199,0.4064478874,0.11107610459999999,0.1065263987,0.0452033013,66.11862183,0.02695085101666667,1.827257037,-0.247253403,0.791622818,0.217931703,125.9440002,901.579895,997.8950195,20.96117973,20.78424072,20.20478058,24.7754097,21.97108078,60.76119995,54.64749908,2.292500019,0.0561955929
0.4577476978,0.45412788390000003,0.408033514,0.11107610459999999,0.10651919839999999,0.0448726505,66.11956787,0.026935948266666666,1.826274037,-0.247251898,0.794667006,0.190899104,128.3603058,903.4899902,997.8936768,20.96121979,20.78437996,20.17340088,24.77658081,21.95248985,60.83301926,54.73696899,2.315000057,0.05619573
0.4589759827,0.4552301884,0.4089512825,0.11107610459999999,0.106368804,0.0451749891,66.10908813,0.026904822455555553,1.825289965,-0.247250497,0.797711074,0.2006872,128.3603058,907.5753784,997.8925171,20.96125984,20.7845192,20.17340088,24.77775002,21.93390083,60.90483093,54.8264389,2.055000067,0.0561958671
0.4600646019,0.4565042973,0.4101643085,0.11107610459999999,0.10630459789999999,0.04519113,66.11624146,0.026864087847222225,1.824306965,-0.247249007,0.800755322,0.222748801,128.3603058,910.7730713,997.8911743,20.96129036,20.78466034,20.17340088,24.77891922,21.91531944,60.97665024,54.91590881,2.047499895,0.056196010100000006
0.4613546848,0.4578464031,0.4115591049,0.11107610459999999,0.10628499979999999,0.04503344,66.11981201,0.026832631427777778,1.821567059,-0.247247502,0.80379951,0.275397986,128.3603058,910.9807739,997.8900146,20.96133041,20.78479958,20.17340088,24.78009987,21.89673042,61.04846954,55.00537872,2.287499905,0.056196147200000005
0.462727499,0.45918850899999997,0.41249780649999995,0.11107610459999999,0.10626540179999999,0.0454242796,66.11981201,0.026788921355555557,1.818241,-0.247245997,0.818642318,0.320598811,133.9071045,906.7542114,997.8886719,20.96137047,20.78494072,20.22047043,24.78126907,21.87815094,61.12028885,55.09484863,2.345000029,0.05619629029999999
0.4641002178,0.4603374958,0.4135706902,0.11107610459999999,0.1062458038,0.0456378311,66.11981201,0.02681541018888889,1.814916015,-0.247244596,0.837418079,0.337349713,135.7559967,898.9088745,997.8875122,20.96141052,20.78508949,20.23354912,24.78244019,21.85956001,61.19210052,55.18431854,2.107500076,0.0561964273
0.4652966022,0.4616559029,0.4150430202,0.11107610459999999,0.1062262058,0.0452945709,66.11981201,0.026840248108333332,1.811589956,-0.247243106,0.856193781,0.319269896,135.7559967,887.0161743,997.8862305,20.96143913,20.78523064,20.23006058,24.78360939,21.84096909,61.26391983,55.28926086,2.352499962,0.0561965704
0.46676678660000004,0.46305198670000003,0.41645569800000004,0.110948801,0.10620659589999999,0.0452310801,66.11981201,0.02683826022777778,1.808264017,-0.247241601,0.874969721,0.311820596,135.7559967,878.4086914,997.8850098,20.96147919,20.78536987,20.22657013,24.7847805,21.8223896,61.33573914,55.39936066,2.287499905,0.0561967075
0.46815199850000005,0.46444830890000005,0.41752858159999995,0.11090140340000001,0.1061665058,0.04557105,66.11981201,0.026805481380555555,1.804939032,-0.247240201,0.894608974,0.310948908,135.7559967,873.7479858,997.883728,20.96151924,20.78550911,20.22308922,24.78594971,21.80380058,61.40755844,55.50944901,2.335000038,0.05619685049999999
0.469471693,0.46584439279999995,0.41832728389999996,0.11089489459999999,0.106119597,0.0462037086,66.11981201,0.026748521591666668,1.801612973,-0.247238696,0.914536417,0.31007731,131.0193024,869.9179077,997.8825073,20.9615593,20.78565025,20.21960068,24.78712082,21.78520966,61.47937012,55.61954117,2.400000095,0.056196987600000005
0.47064900400000004,0.46687049869999997,0.4193523884,0.11088830229999999,0.10607269999999999,0.0464600295,66.11981201,0.026704148186111113,1.798287988,-0.247237206,0.930096984,0.309205592,129.4403992,867.760376,997.8812256,20.96158981,20.78578949,20.21611023,24.78829002,21.76663017,61.56351089,55.72964096,2.140000105,0.0561971307
0.471648407,0.4677731037,0.4203209877,0.1109576941,0.1060714006,0.046568089699999995,66.11981201,0.02669851938888889,1.794962049,-0.2472357,0.944202006,0.331418186,129.4403992,866.1605225,997.8800049,20.96162987,20.78593063,20.21262932,24.78945923,21.74803925,61.65174866,55.83972931,2.207499981,0.05619726779999999
0.47260432239999994,0.46880741119999997,0.4212389946,0.1110524058,0.1060714006,0.0466138601,66.11981201,0.02668096966111111,1.79163599,-0.2472343,0.955732107,0.361325592,129.4403992,864.5604858,997.8787231,20.96166992,20.78606987,20.20914078,24.79063988,21.72945976,61.73999023,55.94982147,2.049999952,0.0561974108
0.4728433132,0.4698854923,0.42220759389999996,0.11082960369999999,0.10606679919999999,0.0466388702,66.11981201,0.026704478794444445,1.78925705,-0.247232795,0.93621248,0.347338587,131.3601074,859.9500122,997.8775024,20.96170044,20.78620911,20.20565033,24.79180908,21.71087074,61.82823181,56.05992126,1.950000048,0.0561975479
0.4743990898,0.47089657779999994,0.423193121,0.11068530080000001,0.1060621977,0.0466638803,66.11981201,0.026750176747222222,1.787191987,-0.247231305,0.886651695,0.318720192,132.0,854.3358765,997.8762817,20.96174049,20.78635979,20.20216942,24.73308945,21.69227982,61.91646957,56.17000961,2.217499971,0.05619769100000001
0.47568111420000003,0.4718852997,0.4241785049,0.11060240269999999,0.1061709046,0.0466888905,66.11981201,0.026746203105555557,1.785127997,-0.247229904,0.836268425,0.30270949,132.0,851.0200806,997.875,20.96178055,20.78650093,20.19868088,24.71386909,21.67370033,62.00471115,56.28010178,2.107500076,0.0561978281
0.4766989231,0.4728740215,0.4253368855,0.1105195045,0.10620980259999999,0.0465379596,66.11981201,0.026717063055555556,1.783064008,-0.247228399,0.804589272,0.290901303,132.0,850.9586792,997.8737793,20.9618206,20.78664017,20.19519043,24.71446037,21.65510941,62.09294891,56.39020157,1.972499967,0.0561979711
0.47771668429999997,0.4739345074,0.425998497,0.11043670180000001,0.10621279480000001,0.0468174696,66.11981201,0.026677328744444444,1.780998945,-0.247226894,0.772670388,0.279093087,132.0,851.7266846,997.8724976,20.96184921,20.7867794,20.19170952,24.71505928,21.63652039,62.18119049,56.50028992,2.152499914,0.0561981082
0.47873458859999996,0.4750187874,0.4266273022,0.1103538036,0.10621579889999999,0.0472600102,66.11981201,0.0266349411,1.778934956,-0.247225404,0.738809586,0.248258203,135.1443939,852.494812,997.8712769,20.96188927,20.78692055,20.18821907,24.71565056,21.6179409,62.26942062,56.61038971,2.122499943,0.05619825120000001
0.4797523975,0.47603697780000004,0.42730679509999997,0.1105155945,0.1062188029,0.047702539,66.11981201,0.026597523158333334,1.776870966,-0.247224003,0.70800668,0.143437102,136.1925964,854.5274048,997.8699951,20.96192932,20.78705978,20.18473053,24.71624947,21.59934998,62.35766983,56.72048187,2.05250001,0.0561983883
0.4806429863,0.4770329952,0.42812051770000004,0.1107589006,0.1062217951,0.0479291201,66.11123047,0.026545863680555556,1.774806023,-0.247222498,0.68193531,0.058812018,136.1925964,861.9744873,997.8687744,20.96196938,20.78720093,20.18124962,24.71685028,21.58075905,62.44589996,56.83057022,2.137500048,0.056198531399999994
0.4817267895,0.478029108,0.4289787769,0.1110023022,0.10622479920000001,0.0480837107,66.10980225,0.026504802702777774,1.772742033,-0.247220993,0.668409586,0.0257611,136.1925964,871.0861206,997.8674927,20.96199989,20.78734016,20.17775917,24.71743965,21.56217957,62.53414154,56.94067001,2.207499981,0.05619866850000001
0.48265471460000003,0.4790250778,0.43044509890000004,0.1111395001,0.1062278986,0.0475437909,66.11171265,0.026544539133333333,1.770107985,-0.247219607,0.678373277,0.00515222,136.1925964,880.1975098,997.866272,20.96203995,20.78749084,20.17427063,24.71804047,21.54359055,62.6223793,57.05075836,2.137500048,0.0561988115
0.48379650119999995,0.48002119060000004,0.4317028046,0.1112411976,0.10623090269999999,0.0472663492,66.11361084,0.02665315204166667,1.767284036,-0.247218102,0.702914,-0.046528392,133.1351929,886.3366699,997.8651123,20.96208,20.78763008,20.10280991,24.71862984,21.52500916,62.71062088,57.16085052,2.102499962,0.0561989486
0.4841063023,0.4810941219,0.4318398952,0.11134309769999999,0.1062338948,0.0481680602,66.11552123999999,0.02668991088888889,1.76446104,-0.247216597,0.736474276,-0.072231397,132.1161041,891.4852295,997.8637695,20.96211052,20.78776932,20.07928085,24.71923065,21.50642014,62.79885864,57.27095032,2.0625,0.0561990917
0.4854994774,0.4821927071,0.43310651780000003,0.1115329027,0.10623689890000002,0.0479876488,66.11743163999999,0.026690902711111113,1.761636972,-0.247215107,0.775370479,-0.085822813,132.1161041,896.633606,997.8624878,20.96215057,20.78791046,20.07928085,24.71982956,21.48782921,62.88710022,57.38103867,2.170000076,0.0561992288
0.4868514061,0.48317799570000003,0.4348588943,0.1117519975,0.106239903,0.0473338097,66.11934204,0.026734780205555555,1.758813024,-0.247213706,0.811219573,-0.082007289,132.1161041,900.3065186,997.8613281,20.96219063,20.7880497,20.07928085,24.72042084,21.46924973,62.9278717,57.49113083,2.382499933,0.056199371799999995
0.4880348206,0.4841256142,0.4353864193,0.11183559890000001,0.1062428951,0.0477681607,66.11981201,0.026793725755555553,1.755988955,-0.247212201,0.834494412,-0.072389469,132.1161041,903.4874268,997.8599854,20.96223068,20.78819084,20.07928085,24.71883965,21.45066071,62.95281982,57.60123062,2.200000048,0.05619950889999999
0.48893771170000005,0.48507318499999996,0.4365785122,0.1118741035,0.10624589920000001,0.0475495785,66.11981201,0.026840248108333332,1.75316596,-0.247210696,0.854035616,-0.062771648,137.2998962,906.6685181,997.8588257,20.96225929,20.78833008,20.24399948,24.71653938,21.43207932,62.97777176,57.71131897,2.299999952,0.056199652
0.4897469997,0.48602080350000004,0.43773479460000003,0.1119125009,0.1063501,0.047268858600000005,66.11981201,0.026946712069444444,1.750342011,-0.247209296,0.877481878,-0.036912911,139.0278931,909.8494263,997.8574829,20.96229935,20.78846931,20.29891014,24.71423912,21.42892075,63.00271988,57.82141113,2.089999914,0.05619980100000001
0.49081411360000005,0.487045002,0.43947529789999995,0.11195100549999999,0.106420505,0.0465211898,66.11981201,0.02707453409722222,1.747517943,-0.247207806,0.898475111,0.047375221,139.0278931,913.0305176,997.8563232,20.9623394,20.78861046,20.29891014,24.71192932,21.43091965,63.02767181,57.93151093,2.059999943,0.0561999321
0.49196701049999997,0.48827672,0.4405243874,0.1117532969,0.10643249749999999,0.0465206712,66.11981201,0.027163607280555557,1.744693995,-0.2472063,0.905963898,0.100248799,139.0278931,913.7822876,997.8549805,20.96237946,20.78875923,20.29891014,24.70962906,21.43291092,63.05261993,58.06502914,2.095000029,0.0562000811
0.4931199074,0.48869891169999996,0.44162120820000006,0.11147680280000001,0.10643249749999999,0.046619841499999995,66.11981201,0.027239769830555555,1.741870999,-0.247204795,0.898907781,0.136760294,143.1380005,913.7244873,997.8538208,20.96240997,20.78890038,20.11064911,24.70731926,21.43490982,63.07757187,58.20634842,2.212500095,0.0562002122
0.4942728996,0.4901195049,0.4428370953,0.1113140941,0.10643249749999999,0.045849868700000004,66.11981201,0.027342756058333334,1.73904705,-0.247203395,0.888364792,0.173271701,144.5081024,913.666687,997.852478,20.96245003,20.78903961,20.04789925,24.7050209,21.43689919,63.10251999,58.34767914,2.092499971,0.0562003613
0.4954257011,0.4915418148,0.4444464207,0.1111893058,0.10643249749999999,0.0456730813,66.11981201,0.027454683516666665,1.736222982,-0.247201905,0.869549692,0.209783196,144.5081024,911.3640137,997.8513184,20.96249008,20.78918076,20.04789925,24.70272064,21.43889999,63.07220078,58.48899841,2.362499952,0.0562004924
0.496578598,0.4928215027,0.44556097980000003,0.1111525059,0.10655820369999999,0.0459635407,66.11981201,0.027541277144444445,1.733399987,-0.2472004,0.843256474,0.226066798,144.5081024,908.3128052,997.8499756,20.9625206,20.78931999,20.04789925,24.70041084,21.44088936,63.02344894,58.63032913,2.282500029,0.056200641399999994
0.4977241039,0.4941011906,0.4469318867,0.111145103,0.10660239460000001,0.045875158900000004,66.11981201,0.027611478169444443,1.730576038,-0.247198999,0.818908811,0.235607803,144.5081024,905.2617188,997.8488159,20.96256065,20.78945923,20.04789925,24.69811058,21.44289017,62.97470093,58.77164841,2.144999981,0.056200778500000007
0.4988669872,0.4950636864,0.4484578133,0.11113770009999999,0.1066053987,0.045640409,66.11981201,0.027709825302777776,1.72775197,-0.247197494,0.799425006,0.235233098,135.7734985,902.2105713,997.8474731,20.96260071,20.78960037,20.11849022,24.69581032,21.44487953,62.9259491,58.91297913,2.329999924,0.0562009215
0.5000099182,0.49621639249999994,0.44942951200000003,0.1111302972,0.10660840270000001,0.0455990195,66.11981201,0.027801556055555558,1.724928021,-0.247196004,0.785709679,0.231553093,132.8619995,900.9224854,997.8463135,20.96264076,20.78973961,20.14266014,24.69350052,21.4468708,62.87720108,59.05430984,2.234999895,0.0562010586
0.5011528015,0.4974677086,0.4505650043,0.11120079759999998,0.1066113949,0.045622080599999996,66.10908813,0.027924416861111113,1.722105026,-0.247194499,0.773507297,0.174031302,132.8619995,900.2219849,997.8449707,20.96266937,20.78988075,20.14349937,24.69120026,21.44886971,62.82844925,59.19562912,2.24000001,0.0562012017
0.5022957802,0.498515892,0.4518167019,0.11129729749999999,0.106614399,0.0456451386,66.11624146,0.028013805805555556,1.719280958,-0.247193098,0.764416218,0.140435904,132.8619995,903.5791016,997.843811,20.96270943,20.79002953,20.14435005,24.68889999,21.45085907,62.77970886,59.33695984,2.214999914,0.0562013388
0.5034931183,0.4994965076,0.4523084164,0.1116116047,0.10661749840000001,0.0462267607,66.11981201,0.028058194055555555,1.716457009,-0.247191593,0.756362319,0.120798297,132.8619995,909.9887695,997.8425903,20.96274948,20.79017067,20.14520073,24.68659019,21.45285988,62.7309494,59.47827911,2.005000114,0.056201481799999994
0.5041791916,0.5002103806,0.4530653954,0.11199849840000001,0.10674560070000001,0.0464732885,66.11981201,0.028165166638888888,1.713632941,-0.247190103,0.74830842,0.101160698,131.411499,914.7672119,997.8413086,20.96278954,20.79030991,20.1460495,24.68428993,21.45484924,62.68220901,59.61960983,2.037499905,0.05620161890000001
0.5046888828,0.5008356093999999,0.4539951801,0.1123854041,0.1068354011,0.0462279409,66.11981201,0.028265499527777776,1.710809946,-0.247188702,0.740254521,0.090770707,130.9279938,918.8129272,997.8400879,20.96282005,20.79044914,20.14690018,24.68198967,21.45685005,62.633461,59.76092911,2.039999962,0.056201762
0.5055725098,0.5017548084000001,0.4546567917,0.11277229790000001,0.1068987012,0.0461789101,66.11981201,0.028365472166666666,1.707985997,-0.247187197,0.737125218,0.083463207,130.9279938,922.8585815,997.8388062,20.96286011,20.79059029,20.14775085,24.67967987,21.45883942,62.55183029,59.90225983,2.0,0.056201899099999994
0.5065807819,0.5027719975,0.4556404114,0.1128234982,0.106961906,0.0460100502,66.11981201,0.02845736186111111,1.705162048,-0.247185707,0.735637486,0.0761557,130.9279938,925.2092285,997.8375854,20.96290016,20.79072952,20.14859009,24.67737961,21.46083069,62.4592514,60.0435791,2.042500019,0.0562020421
0.5075891018,0.5038351059,0.45676097870000004,0.11276299949999999,0.1070251942,0.0459762812,66.11981201,0.028545445333333336,1.70233798,-0.247184202,0.736717582,0.0688482,130.9279938,926.994873,997.8363037,20.96293068,20.79087067,20.14944077,24.67507935,21.46282959,62.3666687,60.18490982,2.329999924,0.0562021792
0.5087009907,0.5049136162,0.4575507164,0.11281490329999999,0.10708839889999999,0.046258679000000004,66.11981201,0.02861913891666667,1.699514985,-0.247182801,0.738653481,0.0615407,131.918396,928.7805786,997.835083,20.96297073,20.7910099,20.15028954,24.67276955,21.46482086,62.27408981,60.32624054,2.142499924,0.0562023222
0.5096855164,0.5059919834,0.45823020940000003,0.1129042983,0.10715160370000001,0.0466232985,66.11981201,0.02869894452777778,1.696691036,-0.247181296,0.740589499,0.05423319,132.2485046,930.5662842,997.8338013,20.96301079,20.79114914,20.15114021,24.67046928,21.46681976,62.18149948,60.46755981,2.349999905,0.05620245929999999
0.5106161118,0.5068667889,0.45968761440000006,0.1129937053,0.10721490380000001,0.0462872714,66.11981201,0.028776444333333335,1.693990946,-0.247179806,0.745090425,0.04692569,132.2485046,932.3519287,997.8325806,20.96305084,20.79129028,20.15199089,24.66817093,21.46880913,62.08892059,60.60889053,2.150000095,0.0562026024
0.511750412,0.5076738834000001,0.46047439580000005,0.11308310029999999,0.10727809669999999,0.046370101000000004,66.11981201,0.028789333777777776,1.691331983,-0.247178301,0.75044632,0.049556199,132.2485046,934.1375732,997.8314209,20.96307945,20.79143906,20.15283012,24.66585922,21.49044991,61.99634171,60.74914169,2.335000038,0.0562027395
0.5125626086999999,0.5084808826,0.461362505,0.1132339001,0.10734139680000002,0.0463107497,66.11981201,0.028723778194444445,1.688673973,-0.247176901,0.755802274,0.055499371,131.4779968,935.9232788,997.8300781,20.96311951,20.7915802,20.1536808,24.66356087,21.51865005,61.903759,60.8890419,2.400000095,0.056202882499999995
0.5132448196,0.5092878819,0.4626022816,0.1134052038,0.10740460160000001,0.045928940200000004,66.11981201,0.028450249555555557,1.68601501,-0.247175395,0.761158228,0.06144255,131.2210999,936.7703247,997.8289185,20.96315956,20.79171944,20.15452957,24.6612606,21.54684067,61.92396164,61.02893066,2.1875,0.0562030196
0.5139268875,0.5099815845,0.4633593082,0.1135764003,0.10746790170000001,0.0459447205,66.11981201,0.028132695083333333,1.683356047,-0.247173905,0.766514122,0.067385718,131.2210999,937.3043823,997.8275757,20.96319008,20.79186058,20.15538025,24.65895081,21.57502937,61.98175049,61.16883087,2.05250001,0.056203162699999996
0.5146090984,0.5108170986,0.46418180470000003,0.113747704,0.10753109460000002,0.0457998097,66.11981201,0.027935693527777777,1.680698037,-0.247172505,0.776872575,0.070011213,131.2210999,937.838623,997.826416,20.96323013,20.79199982,20.15623093,24.65665054,21.60321999,62.03955078,61.30873108,1.985000014,0.056203299799999995
0.515291214,0.5114543914999999,0.4654455185,0.11383730169999999,0.1076066017,0.0453716695,66.11981201,0.027833332472222222,1.680400014,-0.247171,0.788898587,0.071530797,131.2210999,938.3726807,997.8250732,20.96327019,20.79213905,20.15707016,24.65435028,21.6314106,62.09735107,61.44861984,2.292500019,0.0562034428
0.5159733772,0.5120056152,0.4659163952,0.1138996959,0.1076861978,0.0455555707,66.11981201,0.027761813269444442,1.68088901,-0.247169495,0.800924599,0.073050387,135.3231964,938.9069214,997.8239136,20.96331024,20.7922802,20.15792084,24.65204048,21.6595993,62.15513992,61.58852005,2.092499971,0.0562035799
0.5165387154000001,0.5125566959000001,0.46719188689999996,0.1139621019,0.10776580570000001,0.044872608800000005,66.11981201,0.027734993827777776,1.681378961,-0.247168005,0.812897027,0.074569978,136.690506,939.440979,997.8225708,20.96334076,20.79241943,20.15876961,24.64974022,21.68779945,62.21294022,61.72842026,1.997499943,0.056203723000000004
0.5170650958999999,0.5132274151,0.4681664944,0.11412080529999999,0.10784549709999999,0.0443812013,66.10908813,0.027689959208333333,1.681867957,-0.247166604,0.824851513,0.076089568,136.690506,939.9752197,997.8214111,20.96338081,20.79256058,20.15962029,24.64743996,21.71599007,62.25152969,61.86830902,2.247499943,0.05620386000000001
0.5177207947,0.5139379025,0.46891751289999994,0.11412329670000002,0.1079251051,0.0442430407,66.10729979999999,0.02766214158888889,1.682358027,-0.247165099,0.836805999,0.077609159,136.690506,940.5092773,997.8201294,20.96342087,20.79270935,20.16046906,24.64513016,21.74418068,62.28371048,62.00820923,2.329999924,0.0562039971
0.5184195994999999,0.5146483897999999,0.4698205948,0.114063096,0.1080047011,0.0441609502,66.10968018,0.02762670728888889,1.682847023,-0.247163594,0.848760486,0.07912875,136.690506,941.0435181,997.8187866,20.96346092,20.79285049,20.1613102,24.6428299,21.77236938,62.31589127,62.14810944,2.247499943,0.056204140199999995
0.5190611839,0.5153588772,0.470452404,0.1140872002,0.10808429719999998,0.0442509413,66.11207275000001,0.027609492408333335,1.683336973,-0.247162193,0.860714972,0.105478197,134.2789001,941.5775757,997.817627,20.96348953,20.79298973,20.16216087,24.64052963,21.80056,62.34807968,62.28800964,2.242500067,0.05620427730000001
0.5196838856,0.5160694122,0.4712809086,0.1141394019,0.1081042051,0.044106298700000005,66.11444702,0.027595255111111112,1.68382597,-0.247160703,0.872669518,0.140104398,133.4750977,941.2059937,997.8162842,20.96352959,20.79313087,20.16300964,24.63821983,21.82875061,62.38026047,62.42789841,2.055000067,0.0562044203
0.5203065872,0.5166285038,0.4722106934,0.1141288042,0.10818849800000001,0.0438643187,66.11682739,0.02756644355,1.684316039,-0.247159198,0.886351287,0.155822307,133.4750977,938.6901245,997.8151245,20.96356964,20.79327011,20.16386032,24.63591957,21.85693932,62.41244125,62.56779861,2.147500038,0.0562045574
0.5209292889,0.5171370983,0.47279191020000005,0.11409729719999999,0.1082610011,0.043911761,66.11920776,0.02754525078611111,1.684805036,-0.247157797,0.900609016,0.165237397,133.4750977,935.5601807,997.8137817,20.96360016,20.79340935,20.16470909,24.63361931,21.88513947,62.44461823,62.70769882,2.200000048,0.0562047005
0.5214234829,0.5176455974999999,0.4732567787,0.1141528964,0.10832020040000001,0.043804329600000004,66.11981201,0.027544920180555554,1.685294986,-0.247156307,0.914866626,0.174652606,133.4750977,933.6621704,997.8126221,20.96364021,20.79355049,20.16555977,24.63130951,21.91333008,62.47679901,62.8475914,2.222500086,0.0562048376
0.5215363979000001,0.5180449009,0.47399888040000004,0.1142374992,0.1083794951,0.0436131209,66.11981201,0.027482664319444444,1.685783982,-0.247154802,0.927003503,0.1945972,129.3247986,932.1746826,997.8112793,20.96368027,20.79368973,20.16640091,24.62900925,21.94152069,62.50899124,62.98749161,2.380000114,0.056204980599999996
0.5221360207,0.5184075832,0.4744400024,0.1143221974,0.10843869450000002,0.0436049312,66.11981201,0.027464449141666666,1.686272979,-0.247153297,0.938433528,0.218051597,127.9412994,929.1044922,997.8101196,20.96372032,20.79383087,20.16724968,24.62671089,21.9697094,62.54116821,63.12738037,2.309999943,0.056205117699999994
0.5225515842,0.5187704086,0.4747498989,0.11440680029999999,0.1084979057,0.0436577499,66.11981201,0.027401864794444446,1.686763048,-0.247151896,0.945818603,0.241505906,127.9412994,925.5065918,997.8088989,20.96375084,20.79397964,20.16810036,24.62439919,21.99790001,62.573349,63.26728058,2.224999905,0.056205260800000004
0.5228392124,0.5189787865,0.4750597954,0.1144914985,0.10855710510000001,0.043710568500000005,66.11981201,0.027359811994444445,1.687252045,-0.247150406,0.955636322,0.264960289,127.9412994,919.1514282,997.8076172,20.96379089,20.79412079,20.16894913,24.62210083,22.02609062,62.60552979,63.40718079,2.112499952,0.0562053978
0.5231267929000001,0.5191356182,0.4751015186,0.1145761013,0.1086163998,0.0439315587,66.11768187999999,0.027317089505555555,1.687741995,-0.247148901,0.966714382,0.276567101,120.9975967,911.8770752,997.8063965,20.96383095,20.79426003,20.1697998,24.61980057,22.05429077,62.63771057,63.54706955,2.327500105,0.056205540899999996
0.5231399059,0.5192924976,0.47525768279999997,0.1147325039,0.10867559909999999,0.0438726515,66.11160278,0.02731113433888889,1.688230991,-0.247147501,0.977792382,0.2842246,118.6829987,904.6027832,997.8051147,20.96386909,20.79439926,20.17064095,24.61749077,22.08247948,62.66989899,63.68696976,2.380000114,0.056205678
0.5232391834000001,0.5194493771,0.4754817963,0.114912796,0.1087499022,0.043701741100000004,66.10443726,0.027313120099999998,1.688720942,-0.247145995,0.988870382,0.275227487,118.6829987,896.2769165,997.803894,20.96389961,20.79454041,20.17148972,24.61519051,22.11067009,62.70207977,63.82686996,2.092499971,0.056205821
0.5233976841,0.5196063042,0.4757060051,0.11492539639999999,0.10882920030000001,0.043660599,66.10800781,0.02727437549166667,1.691288948,-0.247144505,0.999948382,0.260678709,118.6829987,890.1520996,997.8026123,20.96393967,20.79467964,20.17234039,24.61289024,22.1388607,62.73426056,63.96677017,2.32249999,0.056205958099999995
0.5234373093,0.5198106766,0.4759301186,0.11488200429999999,0.1089086056,0.0436627209,66.11516724,0.027251525455555554,1.694550037,-0.247143,1.008226991,0.269675195,118.6829987,884.8779297,997.8013916,20.96397972,20.79482079,20.17318916,24.61058044,22.16704941,62.76644897,64.08692932,2.152499914,0.056206101200000004
0.5238699913,0.52003088,0.4761541843,0.1148386955,0.10898790359999999,0.0436648309,66.11480713,0.027258148194444446,1.697811007,-0.2471416,1.015573025,0.270334303,119.5572968,879.6035767,997.8001099,20.96401024,20.79496002,20.10280991,24.60828018,22.19524002,62.79862976,64.20052338,2.007499933,0.0562062383
0.5240636826,0.5201348782,0.4767286777,0.11479530330000001,0.10906720160000001,0.043304550600000005,66.11427002,0.027331000433333332,1.70107305,-0.247140095,1.022919059,0.242838204,119.8487015,873.0653076,997.7988892,20.96405029,20.79509926,20.07928085,24.60597992,22.23181915,62.83081055,64.3141098,2.019999981,0.0562063813
0.5242662907,0.5203611851,0.4765617847,0.11478530170000001,0.10914659499999999,0.043573060600000005,66.11450806,0.027402858733333334,1.704334021,-0.247138605,1.030264974,0.240204796,119.8487015,867.7977295,997.7977295,20.96409035,20.79524994,20.07928085,24.60367012,22.27120018,62.86299133,64.42769623,2.022500038,0.0562065184
0.5245143889999999,0.5206409931,0.4769314766,0.1147863984,0.10922590489999999,0.0434363604,66.1147522,0.02747869067777778,1.707594991,-0.2471371,1.035372972,0.248387799,119.8487015,865.3372192,997.7963867,20.9641304,20.79538918,20.07928085,24.60136986,22.3105793,62.89517975,64.54128265,2.17750001,0.0562066615
0.5247625828,0.5209208965000001,0.4773248196,0.1147874951,0.10930520299999999,0.0433154106,66.11499023,0.027484650083333336,1.710857034,-0.247135699,1.039736986,0.234719306,119.8487015,863.6242065,997.7952271,20.96416092,20.79553032,20.07928085,24.5990696,22.34996033,62.9357605,64.65487671,2.042500019,0.056206798599999996
0.5250106812,0.5212007999,0.4769731998,0.1147886038,0.1093845963,0.0439542413,66.11522827,0.027455181544444443,1.712404013,-0.247134194,1.044100046,0.235505894,124.4710007,861.9111938,997.7938843,20.96419907,20.79566956,20.19693947,24.5967598,22.38933945,62.97914124,64.76846313,2.287499905,0.056206941600000004
0.5252589226,0.521480608,0.4772950172,0.1147896051,0.10945080519999999,0.0439295113,66.11547241,0.027432501050000002,1.713379025,-0.247132704,1.048462987,0.243538901,126.0118027,861.3831787,997.7927246,20.96423912,20.7958107,20.23616028,24.59445953,22.42872047,63.02251816,64.88204956,2.224999905,0.0562070787
0.5255565166,0.5217605114,0.47750358579999996,0.1147907019,0.10951280590000001,0.043878451,66.11569824,0.027413291930555556,1.714354992,-0.247131303,1.050143957,0.2464609,126.0118027,861.2503052,997.7913818,20.96427917,20.79594994,20.23616028,24.59215927,22.46809959,63.06591034,64.99564362,2.207499981,0.0562072217
0.5258707047,0.5220404148,0.4777956963,0.11472140550000001,0.1095746994,0.0439175904,66.11594849000001,0.027370738983333334,1.715330005,-0.247129798,1.050930977,0.247679204,126.0118027,861.1173096,997.7902222,20.96430969,20.79608917,20.23616028,24.58984947,22.50748062,63.10929108,65.10923004,2.017499924,0.056207358799999996
0.5261847973,0.5223069190999999,0.47816119190000006,0.11462850570000001,0.1095901966,0.043922731300000004,66.11619263,0.027353685166666666,1.716305971,-0.247128293,1.051717043,0.248897597,124.696701,860.984375,997.7888794,20.96434975,20.79623032,20.09495926,24.58754921,22.54685974,63.15267181,65.22281647,2.039999962,0.0562075078
0.5263062954,0.5225690841999999,0.47852678299999996,0.1147222996,0.1095901966,0.04372935,66.11641846,0.027347725761111108,1.717280984,-0.247126803,1.052503943,0.2470157,124.2583008,860.8513794,997.7877197,20.9643898,20.79637909,20.04789925,24.58525085,22.58624077,63.19606018,65.33641052,2.220000029,0.056207639
0.5265408993,0.5228312969,0.4792798996,0.1147222996,0.1096994996,0.0432284594,66.1166626,0.027336796655555554,1.719833016,-0.247125402,1.053290963,0.244100302,124.2583008,861.3980713,997.786377,20.96442032,20.79652023,20.04789925,24.59535027,22.62561035,63.23944092,65.44999695,2.307499886,0.056207788
0.5268344879,0.5229616165000001,0.4798759937,0.1146703005,0.1097641945,0.0429424405,66.11690063,0.027324210272222222,1.722911,-0.247123897,1.054077029,0.241184801,124.2583008,862.1713867,997.7852173,20.96446037,20.79665947,20.04789925,24.60960007,22.66498947,63.28282166,65.56358337,2.402499914,0.056207931
0.5271282196,0.5230478764,0.4798759937,0.1146183014,0.109801805,0.043113881300000004,66.11660156,0.027290272183333332,1.725988984,-0.247122407,1.052672982,0.245324805,124.2583008,862.9447021,997.7838745,20.96450043,20.79680061,20.04789925,24.62384033,22.7043705,63.32619858,65.6771698,2.265000105,0.056208068099999994
0.5271308899,0.5231342793,0.48044219019999995,0.11482410430000001,0.10983949900000001,0.0426265001,66.11613159,0.02725914425277778,1.729066968,-0.247121006,1.050539017,0.251816511,121.1430969,863.7180176,997.7827148,20.96454048,20.79693985,20.10512924,24.63809013,22.74374962,63.36959076,65.79075623,2.217499971,0.056208211200000004
0.5272292137,0.5232205868,0.480841589,0.1148838043,0.1098770976,0.042302161500000005,66.11564941,0.02722635905,1.732144952,-0.247119501,1.048405051,0.258308202,120.1046982,863.602478,997.7813721,20.96456909,20.79707909,20.1275692,24.65233994,22.78313065,63.4129715,65.90435028,2.422499895,0.0562083483
0.5273917198,0.5234011172999999,0.48110380170000006,0.1148661017,0.10991469620000001,0.042118650699999996,66.11516724,0.02721576478611111,1.735221982,-0.247117996,1.046270967,0.264799893,120.1046982,863.190918,997.7802124,20.96460915,20.79722023,20.13204002,24.6665802,22.82250977,63.45634842,66.01793671,2.11500001,0.056208491299999996
0.5275543213,0.5236128807,0.4818489075,0.1148483992,0.10995229479999999,0.041601130400000005,66.11469115999999,0.027229010263888888,1.738299966,-0.247116596,1.044137001,0.271291614,120.1046982,862.7791748,997.7788696,20.9646492,20.79735947,20.13652039,24.68083,22.86189079,63.49972916,66.13153076,2.019999981,0.0562086284
0.5278347969,0.5239439964,0.4823347092,0.1148308039,0.1099617004,0.0413034797,66.11422119,0.027228677538888888,1.74137795,-0.247115105,1.040995955,0.271432698,120.1046982,862.3676147,997.7775879,20.96468925,20.79750061,20.14100075,24.69507027,22.90126991,63.54312134,66.24511719,2.007499933,0.0562087715
0.5279148102,0.5241362095000001,0.4826804161,0.1148131013,0.1099617004,0.0413070589,66.11624756,0.027274706099999997,1.744456053,-0.2471136,1.037518978,0.269457102,117.4021988,861.9558716,997.7764282,20.96471977,20.79763985,20.14546967,24.70932007,22.94065094,63.58649826,66.33727264,2.0,0.056208908599999996
0.5282245159000001,0.5242687225,0.4827132225,0.1147953987,0.1099617004,0.0413742512,66.11696167,0.027323383755555555,1.747534037,-0.247112095,1.034042954,0.267481387,116.5014038,861.5441895,997.7752075,20.96475983,20.79777908,20.14995003,24.72356987,22.98002052,63.629879,66.42228699,2.269999981,0.056209051600000004
0.5283815861,0.5244012833,0.4828205109,0.11489709619999999,0.1099617004,0.0414414287,66.11696167,0.027311793433333335,1.75061202,-0.247110695,1.03056705,0.265505701,116.5014038,861.4157715,997.7739258,20.96479988,20.79792976,20.15442085,24.73781013,23.01939964,63.67325974,66.50730133,2.105000019,0.0562091887
0.5284533978,0.5245338917,0.4831662178,0.1149796963,0.1099617004,0.0413049489,66.11696167,0.027281771766666667,1.753689051,-0.247109205,1.027089953,0.263529986,116.5014038,861.3817139,997.7727051,20.9648304,20.79807091,20.15889931,24.75205994,23.05878067,63.7166481,66.5923233,2.267499924,0.0562093318
0.5285252093999999,0.5245361805,0.4831422806,0.1150426984,0.1100350976,0.0414133102,66.11696167,0.02725174797777778,1.756767035,-0.2471077,1.023614049,0.261554301,116.5014038,861.3477173,997.7714233,20.96487045,20.79821014,20.16337967,24.7663002,23.09815979,63.76002884,66.67733002,2.132499933,0.056209468799999995
0.5284120083,0.5244949818,0.48365488049999994,0.11510560510000001,0.1100705981,0.040896880600000005,66.11696167,0.02722635905,1.759845018,-0.247106194,1.017016053,0.259578705,114.0225983,861.3137207,997.7702026,20.96491051,20.79834938,20.16785049,24.78055,23.13754082,63.80340958,66.76233673,2.194999933,0.0562096119
0.5285831928,0.524453783,0.4835714817,0.11516859530000001,0.11008520129999999,0.0409148395,66.11696167,0.027171719869444444,1.762923002,-0.247104794,1.009377003,0.25760299,113.1962967,862.2454834,997.7689209,20.96493912,20.79849052,20.17233086,24.79479027,23.17691994,63.84679031,66.8473587,2.097500086,0.056209748999999996
0.5285673141,0.5244125843,0.48321380620000004,0.1152318954,0.1100998044,0.041191929599999996,66.11696167,0.02714953528611111,1.766000986,-0.247103304,1.001737952,0.255627304,113.1962967,863.4993286,997.7677002,20.96497917,20.79862976,20.17680931,24.80904007,23.21629906,63.89017868,66.93237305,2.289999962,0.056209892
0.5284503937,0.5245057106,0.4830885887,0.11529539820000001,0.1101145029,0.0413549215,66.11696167,0.02714953528611111,1.769078016,-0.247101799,0.99332118,0.253651589,113.1962967,864.7531128,997.7664185,20.96501923,20.7987709,20.18128014,24.82328987,23.25568008,63.93355942,67.01738739,2.279999971,0.0562100291
0.5283810139,0.5244480133,0.4830410004,0.11535890099999999,0.1101290941,0.0414798707,66.11696167,0.027118407355555554,1.772156,-0.247100398,0.984645009,0.255529612,110.3154984,866.0067749,997.7651978,20.96505928,20.79891014,20.1857605,24.83753014,23.2950592,63.97694016,67.10240173,2.160000086,0.0562101722
0.528327322,0.5243251801000001,0.4827429771,0.1154222965,0.1101436973,0.041644859299999996,66.11696167,0.02712171766388889,1.775233984,-0.247098893,0.975968897,0.258692086,109.3552017,866.6491699,997.7639771,20.96509933,20.79906082,20.19022942,24.85177994,23.33443069,64.02342987,67.18742371,2.077500105,0.056210309300000004
0.528161478,0.5242022990999999,0.4829695225,0.115525806,0.11025400160000001,0.0412647188,66.11696167,0.027158148025,1.778311968,-0.247097403,0.967292726,0.247199297,109.3552017,867.0878296,997.7626953,20.96512985,20.79920006,20.19470978,24.8660202,23.37380981,64.07095337,67.27243042,2.157500029,0.056210452300000005
0.5281053066,0.5241158009,0.48286218639999995,0.11564259530000001,0.11032220129999999,0.0413284689,66.11696167,0.027188610499999998,1.781389952,-0.247095898,0.960548401,0.230821401,109.3552017,867.5264282,997.7614746,20.96516991,20.79933929,20.19919014,24.88027,23.41319084,64.11846924,67.35743713,2.234999895,0.0562105894
0.528098011,0.5240415096000001,0.4825760841,0.1157595038,0.110333097,0.041602221099999996,66.11696167,0.02718231625,1.784466982,-0.247094497,0.954447925,0.228072107,109.3552017,869.8991089,997.7601929,20.96520996,20.79948044,20.20365906,24.89451027,23.45256996,64.16599274,67.44245911,2.25,0.056210732500000006
0.5280908108,0.5240610123,0.4826028824,0.1158763051,0.110333097,0.04141334,66.11696167,0.027165095011111112,1.787085056,-0.247093007,0.948347509,0.229865596,107.9533997,872.916626,997.7589722,20.96524048,20.79961967,20.01651955,24.90876007,23.49194908,64.21350861,67.52747345,2.122499943,0.056210869600000005
0.5280835152,0.5241117001,0.482734108,0.1159054995,0.110333097,0.0414112687,66.11696167,0.027141918605555558,1.789549947,-0.247091502,0.942246974,0.231659204,107.4861984,875.934021,997.7576904,20.96528053,20.79976082,19.95376968,24.92300987,23.53133011,64.2610321,67.61248779,2.113749981,0.0562110126
0.5280763149000001,0.5241624832,0.4825970173,0.1159783006,0.110333097,0.0415228814,66.10623169,0.027135628594444444,1.792014003,-0.247090101,0.936146617,0.233452693,107.4861984,877.6992188,997.7564697,20.96532059,20.79990005,19.95376968,24.93725014,23.57070923,64.30856323,67.69750214,2.158750057,0.0562111497
0.5280690192999999,0.5241752148,0.4823705196,0.11607530120000001,0.110333097,0.0418460697,66.10443726,0.02712171978333333,1.794478059,-0.247088596,0.930046082,0.235246301,107.4861984,879.046875,997.755188,20.9653492,20.80003929,19.95376968,24.95149994,23.61009026,64.35607147,67.78251648,2.402499914,0.056211292700000005
0.5280618191,0.5241752148,0.48195619580000004,0.1161723018,0.110333097,0.0422398001,66.10681763,0.027098208533333334,1.796942949,-0.247087106,0.923945725,0.237039804,107.4861984,880.3945923,997.7540283,20.96538925,20.80018044,19.95376968,24.9657402,23.64946938,64.40358734,67.86753082,2.172499895,0.056211429800000004
0.5280545235,0.5241752148,0.4816133976,0.1161597013,0.110333097,0.0425617486,66.10921021,0.027165434094444444,1.799407005,-0.247085601,0.917845309,0.249619499,108.1281967,881.7421875,997.7526855,20.96542931,20.80032921,20.04059029,24.97999001,23.68884087,64.45111084,67.9525528,2.092499971,0.05621157289999999
0.5280473232,0.5239700794,0.48131542209999995,0.11611080170000002,0.110333097,0.0428597599,66.11160278,0.027206821441666668,1.801872015,-0.2470842,0.911744773,0.248433903,108.3422012,883.0900269,997.7515259,20.96546936,20.80047035,20.06953049,24.99423027,23.72821999,64.49862671,68.03755951,2.0625,0.056211710000000005
0.5280399799,0.5239789009,0.48124089239999995,0.1162165999,0.110333097,0.0427291393,66.11397705,0.027192584144444445,1.804335952,-0.247082695,0.907635629,0.241461307,108.3422012,884.3231812,997.7501831,20.96549988,20.80060959,20.06953049,25.00848007,23.76759911,64.54615784,68.12256622,2.372499943,0.056211847100000004
0.5279907227,0.5238824844,0.48116941449999995,0.1161733031,0.110333097,0.04280954,66.11635742,0.02716609531111111,1.806800008,-0.247081205,0.904190004,0.234488696,108.3422012,885.5183105,997.7490234,20.96553993,20.80075073,20.06953049,25.02272987,23.80698013,64.59367371,68.2075882,2.457499981,0.0562119901
0.5279273986999999,0.5237195969,0.4814317226,0.11617619990000001,0.110333097,0.0424560398,66.11696167,0.027180828519444443,1.809265018,-0.247079805,0.900744498,0.235321194,108.3422012,886.7133789,997.7476807,20.96557999,20.80088997,20.06953049,25.03697014,23.84635925,64.6411972,68.27404022,2.24000001,0.056212127199999996
0.5278641224,0.5238873959,0.4815449238,0.1162168026,0.110333097,0.042140990499999996,66.11696167,0.027209307352777774,1.811905026,-0.2470783,0.897298872,0.238755301,112.7527008,887.9085083,997.746521,20.96562004,20.80102921,20.14743042,25.05121994,23.88574028,64.68871307,68.33429718,2.214999914,0.0562122703
0.5278007984,0.5240087032,0.48197998999999997,0.11625740529999999,0.110333097,0.0419000804,66.11696167,0.02722139358611111,1.814604044,-0.247076795,0.893853426,0.242189497,114.2229004,889.1035767,997.7451782,20.96565056,20.80117035,20.17340088,25.06546021,23.9251194,64.73623657,68.3945694,2.410000086,0.0562124074
0.5279868126,0.5240777016,0.4823019028,0.116227901,0.1102771044,0.0416591704,66.11696167,0.027250864241666665,1.817304015,-0.247075304,0.890407801,0.245623603,114.2229004,889.9135742,997.7440186,20.96569061,20.80130959,20.17340088,25.07971001,23.96450043,64.78376007,68.45482635,2.335000038,0.056212550400000005
0.5280650138999999,0.5241466999,0.4822898865,0.11617490049999998,0.11021840570000001,0.0417939901,66.11696167,0.02725218878888889,1.820003033,-0.247073904,0.886962295,0.244103596,114.2229004,890.5950928,997.7426758,20.96573067,20.80145073,20.17340088,25.09395027,24.00387955,64.83128357,68.51509857,2.07249999,0.056212687500000004
0.5280795097000001,0.5242157936,0.48248071670000003,0.11612190010000001,0.110165,0.0416819811,66.11696167,0.027258480919444442,1.82270205,-0.247072399,0.884742916,0.240932405,116.3852997,891.2766113,997.7415161,20.96575928,20.8015995,20.10280991,25.10820007,24.04326057,64.87879944,68.57536316,2.075000048,0.0562128305
0.528094101,0.5242847919,0.4830886841,0.11610440019999999,0.11011159420000001,0.0410865307,66.11696167,0.027238114674999998,1.825400949,-0.247070894,0.882932186,0.237761095,117.106102,892.8831177,997.7401733,20.96579933,20.80174065,20.07928085,25.12244987,24.08263969,64.92632294,68.63562775,2.332499981,0.0562129676
0.528389883,0.5243537903,0.48332109450000005,0.1160984993,0.1100582004,0.0409687787,66.11696167,0.027206986744444446,1.828099966,-0.247069493,0.881121576,0.2345898,117.106102,894.7977905,997.7390137,20.96583939,20.80187988,20.07928085,25.13669014,24.09952927,64.97383881,68.69589233,2.349999905,0.0562131107
0.5285757065000001,0.5245985985,0.48339271549999996,0.1160928011,0.11000490190000001,0.0410501987,66.11696167,0.027158474391666666,1.830798984,-0.247068003,0.879311025,0.231418505,117.106102,896.7125244,997.7376709,20.96587944,20.80201912,20.07928085,25.15093994,24.10894012,65.0213623,68.75615692,2.112499952,0.0562132478
0.5286935805999999,0.5249019146,0.4834641933,0.11604249479999999,0.10995149609999999,0.041131618599999996,66.11696167,0.027108635372222224,1.832038999,-0.247066498,0.877500415,0.232018307,117.106102,897.9168091,997.7365112,20.96590996,20.80216026,20.07928085,25.15449905,24.11834908,65.06887817,68.81642914,2.055000067,0.0562133908
0.528878212,0.5249979019000001,0.48366088869999996,0.1159773946,0.1098981023,0.0412130386,66.11696167,0.027060292561111112,1.832792997,-0.247064993,0.875689685,0.2338752,114.4893036,898.8842773,997.7352295,20.96595001,20.8022995,20.17340088,25.15486908,24.12775993,65.11640167,68.87669373,2.127500057,0.056213527900000004
0.5290850163,0.5250247002,0.4838993073,0.11591240169999999,0.10984469649999999,0.0411666304,66.11696167,0.027029334175,1.833546042,-0.247063607,0.873879015,0.235732004,113.6169968,899.8516846,997.7340088,20.96599007,20.80244064,20.20478058,25.15535927,24.13717079,65.17727661,68.93695831,2.247499943,0.056213671
0.5292109013,0.5252056122,0.4838159084,0.1160266995,0.109791398,0.0412335306,66.10836792,0.026967404683333335,1.834300041,-0.247062102,0.872847021,0.237588897,113.6169968,900.1616211,997.7327271,20.96603012,20.80257988,20.20478058,25.1558609,24.14657974,65.24260712,68.9972229,2.422499895,0.0562138081
0.5293097019,0.5251780987,0.4840363979,0.1159865975,0.10973800419999999,0.0411691189,66.10617065,0.026976678636111112,1.835052967,-0.247060597,0.872074485,0.234145403,113.6169968,900.2521973,997.7315063,20.96606064,20.80271912,20.20478058,25.15634918,24.15597916,65.30795288,69.05748749,2.162499905,0.056213951100000006
0.5294086933,0.5253189087,0.48355360029999994,0.11587510110000002,0.1096845984,0.0416245103,66.10706177,0.026963102552777778,1.835806966,-0.247059196,0.871302128,0.228935301,113.6169968,900.3427734,997.7302856,20.96610069,20.8028698,20.20478058,25.15683937,24.16539001,65.37329102,69.11775208,2.1875,0.0562140882
0.5293879032000001,0.5253243923,0.4834880829,0.11576360459999999,0.1096312046,0.0418182194,66.10792847,0.026950520408333335,1.836560011,-0.247057706,0.870529592,0.230780497,110.517601,900.8123779,997.7290039,20.96614075,20.80301094,20.34597969,25.1573391,24.17480087,65.43862915,69.17801666,2.335000038,0.056214237199999996
0.5293271065,0.5252565861,0.4833868027,0.1158635974,0.1095778942,0.041860151299999995,66.10880737,0.026980156369444445,1.83731401,-0.247056201,0.869757116,0.234977603,109.4844971,901.4083252,997.7277832,20.9661808,20.80315018,20.39304924,25.15782928,24.18420982,65.50395966,69.23828125,2.077500105,0.0562143683
0.5292664051,0.5251887798,0.4831960201,0.1160341024,0.10952450039999999,0.041902080200000004,66.10969238,0.027021880680555554,1.838068008,-0.247054696,0.86898458,0.239174604,109.4844971,902.0042114,997.7265015,20.96620941,20.80328941,20.39304924,25.15831947,24.19362068,65.56929779,69.29855347,2.242500067,0.0562145174
0.5292056084000001,0.5251210213,0.4830052853,0.1160298944,0.1094710946,0.042087969200000006,66.11057739,0.027029334175,1.839283943,-0.247053295,0.868212104,0.254995793,109.4844971,901.5603027,997.7252808,20.96624947,20.80343056,20.39304924,25.1588192,24.20302963,65.63464355,69.35881042,2.24000001,0.0562146485
0.529219389,0.5251517773,0.4829576015,0.11596750019999999,0.10941770079999999,0.0421703696,66.11146240000001,0.02700151443611111,1.840654016,-0.247051805,0.867439628,0.250268787,110.4449005,900.7697754,997.723999,20.96628952,20.80356979,20.22830963,25.15930939,24.21242905,65.69996643,69.41908264,2.352499962,0.056214797500000004
0.5292581081,0.5251636982,0.4829576015,0.11590509410000001,0.1093665957,0.042202278999999995,66.11234131,0.026981646219444443,1.842023969,-0.2470503,0.866667211,0.237400994,110.7650986,899.9793091,997.7227783,20.96632004,20.80371094,20.17340088,25.15979958,24.2218399,65.76529694,69.4793396,2.077500105,0.056214928600000005
0.5292967796,0.5251581192,0.4828145027,0.1158427,0.1093163013,0.0424202412,66.11322021,0.026996877458333332,1.843394041,-0.2470489,0.865894675,0.238407403,110.7650986,900.7128296,997.7214966,20.96636009,20.80385017,20.17340088,25.1602993,24.23125076,65.8306427,69.53959656,2.180000067,0.056215077599999996
0.5292331219,0.5251525879,0.4828025818,0.11578030589999999,0.109265995,0.0424022287,66.11409912,0.027064762116666665,1.844763994,-0.247047395,0.865122199,0.244038507,110.7650986,901.9542847,997.7202759,20.96640015,20.80398941,20.17340088,25.16078949,24.24065971,65.89597321,69.59986877,2.085000038,0.056215208800000006
0.5291350842,0.5250330925,0.4831364155,0.1158064008,0.1092156053,0.0420238495,66.11497803,0.02711608886666667,1.846133947,-0.247045904,0.864349723,0.249669597,110.7650986,903.1959229,997.7191162,20.9664402,20.80413055,20.17340088,25.16127968,24.25007057,65.96131134,69.66013336,2.404999971,0.0562153578
0.5291596889,0.5251179217999999,0.4827429771,0.11586190460000001,0.1091652989,0.0422900885,66.11586304,0.02708761215277778,1.84750402,-0.247044399,0.863577187,0.25530079,107.3944016,902.8582153,997.7177734,20.96647072,20.80427933,20.12634087,25.1617794,24.25947952,66.02664948,69.72039795,2.252500057,0.0562154889
0.5292252064,0.5252833843,0.48277268409999996,0.11563470360000001,0.1091150045,0.0423879713,66.11674194,0.02702403386388889,1.848873973,-0.247042999,0.863349795,0.260931909,106.2708969,901.9940186,997.7166138,20.96651077,20.80442047,20.11587906,25.16226959,24.26888084,66.09198761,69.78066254,2.242500067,0.056215637900000004
0.5292907238,0.5254489899,0.48223037719999995,0.1155030966,0.1090646029,0.0430230707,66.10836792,0.026961447397222223,1.850244999,-0.247041494,0.863304019,0.254978806,106.2708969,901.1298828,997.715271,20.96655083,20.80455971,20.12285042,25.16275978,24.27828979,66.15731812,69.84092712,2.262500048,0.056215781
0.5293560982,0.5256145,0.48231382370000003,0.1154348969,0.10901429650000001,0.0431162894,66.10679932000001,0.02695217556388889,1.852228999,-0.247040004,0.863258183,0.262756288,106.2708969,901.0419922,997.7141113,20.96659088,20.80470085,20.12981987,25.16325951,24.28770065,66.22265625,69.90119171,2.424999952,0.0562159181
0.5295465946,0.5257801056,0.48197998999999997,0.1153666973,0.1089460015,0.043505919,66.10850830000001,0.02694621403888889,1.854416966,-0.247038603,0.863212526,0.264725,106.2708969,901.2128296,997.7128296,20.96661949,20.80484009,20.13680077,25.16374969,24.2971096,66.28798676,69.9614563,2.277499914,0.056216061100000006
0.5297788143,0.5258225918,0.48165822030000005,0.11512219909999999,0.10887180569999999,0.044079560000000004,66.11022949,0.026892899408333334,1.856606007,-0.247037098,0.86316669,0.26280269,114.177803,901.383606,997.7114868,20.96665955,20.80497932,20.14377022,25.16423988,24.30651093,66.35331726,70.02172089,2.210000038,0.0562161982
0.5298510075,0.5260574818,0.4815896988,0.1151368022,0.1087975025,0.044206160300000005,66.11195067999999,0.026850183274999998,1.858793974,-0.247035593,0.863120973,0.2558029,116.8134003,901.5543823,997.7103271,20.9666996,20.80512047,20.15073967,25.16473007,24.31591988,66.41866302,70.0819931,2.352499962,0.05621634129999999
0.5298697948,0.5260272026,0.48157768250000005,0.1149710059,0.1087232947,0.044470891400000004,66.11367188,0.026847534180555556,1.860983014,-0.247034103,0.863075197,0.247110397,116.8134003,901.7252197,997.7089844,20.96673012,20.8052597,20.15770912,25.1652298,24.32533073,66.49086761,70.14225006,2.227499962,0.0562164783
0.5298886776,0.5258825779,0.4818070889,0.1149384022,0.1086490035,0.04422732,66.11409302,0.026847534180555556,1.863172054,-0.247032702,0.86302942,0.244437695,116.8134003,902.9008789,997.7078247,20.96677017,20.80540085,20.16469002,25.16571999,24.33473969,66.56535339,70.20250702,2.184999943,0.0562166214
0.5298189163,0.5257380009,0.4821170807,0.11498190159999999,0.10857479569999999,0.04378241,66.11409302,0.026881643930555556,1.865360022,-0.247031197,0.862983584,0.276797712,116.8134003,904.4116211,997.7064819,20.96681023,20.80554962,20.17165947,25.16621017,24.34415054,66.6398468,70.26277924,2.407500029,0.0562167585
0.5297194958,0.5257947921999999,0.4821588039,0.1150254011,0.1085005045,0.043615979,66.11409302,0.026966747708333332,1.867548943,-0.247029707,0.862937927,0.29473561,114.5241013,903.1743164,997.7053223,20.96685028,20.80569077,20.17863083,25.1667099,24.33332062,66.71434021,70.32663727,2.194999933,0.056216901500000006
0.5297740936,0.5259189129,0.4823256969,0.11486539840000001,0.1084262967,0.0435423791,66.11409302,0.02698230743333333,1.869737983,-0.247028202,0.864056528,0.284306288,113.7610016,897.289978,997.7039795,20.9668808,20.80583,20.18560982,25.16720009,24.31574059,66.78883362,70.39169312,2.272500038,0.056217038600000005
0.5296749115,0.5259951115,0.4829753876,0.11481339930000001,0.10835200549999999,0.0429643303,66.11409302,0.026947538588888886,1.87192595,-0.247026801,0.865563273,0.267246991,113.7610016,892.6016846,997.7028198,20.96692085,20.80596924,20.19257927,25.16769028,24.29817009,66.8633194,70.45674896,2.307499886,0.056217181699999993
0.5298354149,0.5262403965,0.4832258224,0.1148198962,0.10827779769999998,0.0427693695,66.11409302,0.026876343622222222,1.87411499,-0.247025296,0.867070198,0.268559188,113.7610016,891.0217896,997.7014771,20.96696091,20.80611038,20.19955063,25.16819,24.28059006,66.93781281,70.52179718,2.420000076,0.056217318800000006
0.5302093029,0.5265473842999999,0.483672905,0.11462830310000001,0.1082034945,0.0426573485,66.11409302,0.026835280525,1.872987986,-0.247023806,0.868577003,0.275995314,126.8529968,890.2069702,997.7003174,20.96699905,20.80624962,20.20652962,25.16868019,24.26301003,67.01229858,70.58686066,2.204999924,0.0562174618
0.5306178093,0.5269442081,0.4840304852,0.1143707991,0.10812929870000001,0.0425117195,66.11409302,0.026798525916666666,1.870754957,-0.247022405,0.870083809,0.265709788,131.2169952,889.3922119,997.6989746,20.96702957,20.80639076,20.21349907,25.16917038,24.24543953,67.08679199,70.6519165,2.127500057,0.0562175989
0.5308765888,0.527370882,0.4845757961,0.1141131997,0.10804040429999999,0.0423660994,66.11409302,0.026741900975000003,1.868522048,-0.2470209,0.871590614,0.249517098,131.2169952,887.9827271,997.6978149,20.96706963,20.80653,20.22047043,25.1696701,24.2278595,67.16127777,70.71697235,2.00999999,0.056217742
0.5309288979,0.527797699,0.4852077007,0.1139551044,0.1079468012,0.042137318800000004,66.11409302,0.026697527566666667,1.86628902,-0.247019395,0.87309742,0.260837197,131.2169952,888.8087158,997.6965942,20.96710968,20.80666924,20.22743988,25.17016029,24.21029091,67.23272705,70.7820282,2.24000001,0.0562178791
0.5315899849,0.5282245159000001,0.485419178,0.11383010149999999,0.1078531027,0.0423314393,66.11409302,0.02672269397222222,1.864056945,-0.247017905,0.874604285,0.281328291,131.2169952,890.4459839,997.6953125,20.9671402,20.80681992,20.23442078,25.17065048,24.19271088,67.30317688,70.84707642,2.224999905,0.0562180221
0.5322371006,0.5286511897999999,0.48549079900000003,0.1137050986,0.1077594042,0.0426757693,66.11409302,0.026737263997222226,1.861824036,-0.247016504,0.87611109,0.301819414,126.5141983,890.0603027,997.6940918,20.96718025,20.80695915,20.14203072,25.17115021,24.17513084,67.37362671,70.91213989,2.00999999,0.05621815919999999
0.5326007843,0.5289712906,0.4855741978,0.11358009579999999,0.1076657057,0.043020090500000004,66.11409302,0.026711434258333333,1.859591007,-0.247014999,0.878241479,0.293565392,124.9466019,886.8157959,997.6928101,20.96722031,20.8071003,20.11064911,25.1716404,24.15756035,67.44407654,70.97720337,2.272500038,0.0562183022
0.532723093,0.529028511,0.48566160199999997,0.113596797,0.10757199529999999,0.0432301313,66.10764771000001,0.026692557863888886,1.857357979,-0.247013494,0.880579829,0.275729597,124.9466019,882.8430786,997.6915894,20.96725082,20.80723953,20.11064911,25.17213058,24.13998032,67.51452637,71.04225159,2.380000114,0.0562184393
0.5327877998,0.5290100098,0.4857491016,0.1136605978,0.10747829680000001,0.0432431191,66.10679932000001,0.026722030638888887,1.855126023,-0.247012094,0.882918119,0.280631214,124.9466019,881.8984985,997.6903076,20.96729088,20.80738068,20.11064911,25.17263031,24.12240028,67.58496857,71.10730743,2.349999905,0.056218582399999995
0.532852602,0.5291370868999999,0.4855563164,0.1136765957,0.1073845983,0.043448829700000004,66.10850830000001,0.02680050743888889,1.852892995,-0.247010604,0.88525629,0.29311201,124.9466019,881.9631958,997.6890869,20.96733093,20.80751991,20.11064911,25.1731205,24.10482979,67.6554184,71.1784668,2.077500105,0.0562187195
0.5329173088,0.529228878,0.4856814861,0.1136765957,0.10736119749999999,0.043455529199999995,66.11022949,0.026970053777777777,1.850659966,-0.247009099,0.887594581,0.283358902,117.888298,882.0280151,997.6878052,20.96736908,20.80765915,20.32245064,25.17361069,24.08724976,67.72586823,71.25166321,2.07249999,0.0562188625
0.5329820156,0.5292926788,0.4856218815,0.1136765957,0.10736119749999999,0.0435678095,66.11195067999999,0.02715317832222222,1.85046804,-0.247007698,0.889932871,0.266194612,115.5354996,882.0927124,997.6865845,20.96740913,20.80780029,20.39304924,25.17411041,24.06967926,67.6853714,71.32483673,2.107500076,0.0562189996
0.5330811024,0.5293564796,0.4854549885,0.1136765957,0.1072823048,0.0437464088,66.11367188,0.02735683017222222,1.850955009,-0.247006193,0.892271221,0.265057892,115.5354996,883.984375,997.6854248,20.96743965,20.80794907,20.39304924,25.1746006,24.05209923,67.60790253,71.39803314,2.275000095,0.0562191427
0.5331915855,0.5295381069,0.48528809549999996,0.1136765957,0.10721830130000001,0.044042331000000004,66.11409302,0.02756876203611111,1.851443052,-0.247004703,0.894609392,0.282276601,115.5354996,886.4852905,997.684082,20.96747971,20.80809021,20.39304924,25.17509079,24.0345192,67.53043365,71.47122192,2.142499924,0.0562192798
0.5333022117999999,0.5297588825,0.4856218815,0.1135596037,0.1071681023,0.0438861102,66.11409302,0.02773102018611111,1.851930022,-0.247003198,0.896947682,0.303832799,115.5354996,887.5667114,997.6829224,20.96751976,20.80822945,20.39304924,25.17559052,24.01695061,67.45295715,71.54441071,2.327500105,0.056219422799999995
0.5336310863,0.5299797058,0.4858543873,0.11345030069999999,0.1071179032,0.0438702106,66.11409302,0.027837999138888892,1.852417946,-0.247001797,0.899285972,0.293390304,116.9544983,885.3120728,997.6815796,20.96755028,20.80837059,20.1528492,25.1760807,23.99937057,67.37548065,71.61759949,2.207499981,0.05621955990000001
0.5340328217,0.5303318024,0.48580069540000004,0.11335639950000001,0.1070677042,0.044222319100000004,66.11409302,0.02795088875,1.84917295,-0.247000307,0.901624322,0.272281587,117.4274979,883.6256104,997.6804199,20.96759033,20.80850983,20.07279015,25.17657089,23.98179054,67.29801178,71.69080353,1.99000001,0.056219702999999996
0.5344345093,0.5307275772,0.4856814861,0.113262701,0.1070173979,0.0446633309,66.11409302,0.028053222222222222,1.844684958,-0.246998802,0.903353214,0.2511729,117.4274979,885.1179199,997.6790771,20.96763039,20.80864906,20.07279015,25.17707062,23.96422005,67.22054291,71.76397705,1.981250048,0.05621984
0.5345348835,0.5309223175,0.4860630035,0.11316879989999999,0.10696719880000001,0.044712638900000004,66.11409302,0.028232360416666668,1.840196013,-0.246997297,0.904879212,0.242079601,117.4274979,887.5006104,997.6779175,20.9676609,20.80879021,20.07279015,25.17756081,23.94664001,67.14306641,71.86535645,2.036250114,0.0562199771
0.5350289822,0.5313437939,0.4863072872,0.1132591963,0.1069169998,0.044631379799999996,66.11409302,0.028381888083333334,1.835706949,-0.246995896,0.906404972,0.236991405,118.5317001,889.8833008,997.6765747,20.96769905,20.80892944,20.07092094,25.17804909,23.92906952,67.0655899,71.97612762,2.267499924,0.0562201202
0.5356400013,0.5318634033,0.48662929530000004,0.11298580170000001,0.1068668008,0.044655930999999996,66.11409302,0.028512361305555553,1.831218004,-0.246994406,0.907930911,0.2319033,118.8998032,892.2661133,997.675415,20.96773911,20.80907059,20.06842995,25.17855072,23.91148949,66.98812103,72.08689117,2.032500029,0.0562202573
0.536076498,0.5323829174,0.487189579,0.11284849640000001,0.10681660180000001,0.044715759199999996,66.11409302,0.028651277750000002,1.826730013,-0.246992901,0.909456789,0.226815104,118.8998032,894.6486816,997.6740723,20.96777916,20.80920982,20.06594086,25.17904091,23.89390945,66.88024139,72.19766235,2.327500105,0.056220400299999994
0.5364603995999999,0.5329023838,0.48822069170000004,0.1128038049,0.1069133997,0.0442452312,66.11409302,0.028768166444444444,1.822240949,-0.2469915,0.910982728,0.221726894,118.8998032,897.0314941,997.6729126,20.96780968,20.80934906,20.0634594,25.17952919,23.87634087,66.76222992,72.30843353,2.355000019,0.056220537400000006
0.5370928764,0.5335393906,0.4888167858,0.11275899410000001,0.10676529409999999,0.04412435,66.11409302,0.028837028083333334,1.817752004,-0.246989995,0.912508607,0.216638803,118.8998032,899.4141846,997.6715698,20.96784973,20.80949974,20.06097031,25.18003082,23.85876083,66.64421082,72.41919708,2.065000057,0.056220680499999995
0.5378083228999999,0.5342155933,0.48922219279999996,0.11257259850000001,0.10670679810000001,0.0443521112,66.11409302,0.028823138333333335,1.813263059,-0.246988505,0.914034486,0.211550593,121.6076965,901.6165771,997.6702881,20.96788979,20.80964088,20.05847931,25.1805191,23.8411808,66.52619934,72.52996826,2.265000105,0.05622081759999999
0.5383162022,0.5346830845,0.48996720309999997,0.11248840090000001,0.10671080349999999,0.0443064004,66.11409302,0.028620139222222223,1.808699965,-0.246987,0.915560424,0.206462398,122.5103989,903.7589111,997.6691284,20.96792984,20.80978012,20.05599022,25.18100929,23.82361031,66.47299957,72.64073181,2.180000067,0.0562209725
0.5387547016,0.5350810051,0.49050359730000004,0.11245390179999999,0.106656003,0.0441502988,66.11409302,0.028499916916666666,1.804111958,-0.246985599,0.917272329,0.197638705,122.5103989,905.901123,997.6677856,20.96796036,20.80991936,20.05349922,25.18151093,23.80603027,66.44140625,72.75150299,2.217499971,0.0562210977
0.5388644217999999,0.5354787827,0.4910490036,0.11241949799999999,0.10658169980000001,0.0439942002,66.11409302,0.028524110583333335,1.79952395,-0.246984094,0.919046223,0.187569693,122.5103989,908.0432739,997.666626,20.96800041,20.8100605,20.05101013,25.18199921,23.78845978,66.40982056,72.86226654,2.30250001,0.0562212527
0.5396045208,0.5359858036,0.4916330814,0.1123849988,0.10653259749999999,0.0438380986,66.11409302,0.028599917083333332,1.794935942,-0.246982604,0.920819998,0.177500799,122.5103989,910.4165039,997.6652832,20.96804047,20.81019974,20.04851913,25.1824894,23.77087975,66.37822723,72.97303772,2.327500105,0.05622137780000001
0.5402440071,0.5365290165000001,0.4922048092,0.1122441053,0.1064918041,0.0437975496,66.11409302,0.028682056,1.790348053,-0.246981204,0.922593892,0.167431802,124.1362,912.8665161,997.6641235,20.96806908,20.81034088,20.23616028,25.18298912,23.75329971,66.29186249,73.0838089,2.217499971,0.056221532799999994
0.540767622,0.5370722770999999,0.4927721977,0.1121479988,0.10645109420000001,0.0437955201,66.11409302,0.02877808252777778,1.785760999,-0.246979699,0.924367726,0.157362804,124.6781998,915.3167114,997.6629028,20.96810913,20.81048012,20.29891014,25.17952919,23.73572922,66.1872406,73.19457245,2.105000019,0.056221657999999994
0.5412912846,0.5376155853,0.4933396816,0.1120785952,0.1064103961,0.0437633187,66.11409302,0.028822138055555557,1.781172991,-0.246978194,0.92614162,0.157693893,124.6781998,917.7667236,997.6616211,20.96814919,20.8106308,20.29891014,25.18285942,23.71814919,66.08261871,73.30534363,2.36500001,0.056221812999999995
0.5418148994,0.5381587982,0.49390711779999996,0.11200929879999999,0.106369698,0.0437210798,66.11409302,0.028906887888888892,1.776584983,-0.246976703,0.927915514,0.161491603,124.6781998,920.2166748,997.6604004,20.96818924,20.81077003,20.29891014,25.18889046,23.70056915,65.97799683,73.41610718,2.204999924,0.0562219381
0.5422169209,0.5387021064999999,0.4944746017,0.1119398952,0.1063289046,0.0436788291,66.11409302,0.028954917055555557,1.771996975,-0.246975303,0.929689288,0.165289298,124.6781998,921.7805786,997.6591187,20.96821976,20.81090927,20.11064911,25.19491005,23.68388939,65.87336731,73.52687836,2.194999933,0.0562220871
0.5428109168999999,0.5392454147,0.49526009560000006,0.1118705034,0.10628819469999999,0.0434017003,66.11409302,0.028966166166666668,1.764979959,-0.246973798,0.931463182,0.164565399,127.2303009,923.0490723,997.6578979,20.96825981,20.81105042,20.04789925,25.20093918,23.66750908,65.76875305,73.65776825,2.332499981,0.0562222183
0.543482399,0.539788723,0.49555521010000003,0.11177079679999999,0.10624749659999999,0.0436587214,66.11409302,0.028873138416666666,1.757153034,-0.246972293,0.933237016,0.162334293,128.0809937,924.317627,997.6566162,20.96829987,20.81118965,20.04789925,25.20696068,23.65113068,65.66412354,73.79535675,2.160000086,0.0562223673
0.5438654900000001,0.5401823997,0.49566249850000005,0.11166089770000001,0.1062240958,0.044119888499999996,66.11409302,0.02872644425,1.749325991,-0.246970907,0.93501091,0.160103202,128.0809937,925.5861206,997.6553955,20.96833992,20.8113308,20.04789925,25.21298981,23.63475037,65.63453674,73.93296051,2.105000019,0.0562224984
0.5441524982,0.5405262947,0.4959663868,0.111669302,0.1062065005,0.0442159593,66.11409302,0.02860061011111111,1.741498947,-0.246969402,0.936784685,0.157872096,128.0809937,926.8544922,997.6541138,20.96837044,20.81147003,20.04789925,25.2190094,23.61837006,65.62998199,74.07055664,2.230000019,0.056222647400000006
0.5444395065000001,0.5407301902999999,0.4963359833,0.11171720030000001,0.106188798,0.0441903293,66.11409302,0.028512833916666664,1.740332007,-0.246967897,0.938558578,0.155641004,120.9955978,928.1229858,997.6528931,20.96841049,20.81160927,20.25968933,25.22504044,23.60198975,65.62541199,74.20815277,2.059999943,0.0562227786
0.5447264194,0.5408874989,0.4964642048,0.11176509859999999,0.1061712027,0.044253438699999995,66.11409302,0.02841880586111111,1.741386056,-0.246966496,0.940332472,0.153409898,118.6337967,929.3914185,997.6516724,20.96845055,20.81175041,20.33028984,25.23106956,23.5855999,65.62084961,74.34574127,2.019999981,0.05622292759999999
0.5448432922,0.5410447120999999,0.4965118885,0.11181299689999999,0.1061535954,0.044346138800000004,66.10551147,0.0283820555,1.742439032,-0.246965006,0.942106307,0.151178807,118.6337967,930.6599121,997.6503906,20.96847916,20.81189919,20.33028984,25.23708916,23.56921959,65.6162796,74.4833374,2.262500048,0.056223058699999995
0.5449036120999999,0.5412018776,0.4967473984,0.11186079980000001,0.10613590479999999,0.044264140699999996,66.10532837,0.028371111555555554,1.743492961,-0.246963501,0.9438802,0.163682193,118.6337967,931.9282837,997.6491699,20.96851921,20.81204033,20.33028984,25.24312019,23.55283928,65.61171722,74.59932709,2.122499943,0.0562232077
0.5449636936,0.5413590908,0.49704542160000004,0.1119086981,0.1061182976,0.0441238999,66.10891113,0.028342971805555558,1.744546056,-0.246961996,0.945653975,0.161456004,118.6337967,932.6834717,997.6478882,20.96855927,20.81217957,20.33028984,25.24913979,23.53646088,65.60714722,74.70812225,2.027499914,0.0562233388
0.5451497078,0.5415163994000001,0.4970662117,0.1118314981,0.10610070229999999,0.0442057312,66.11248779,0.028275750472222222,1.745599985,-0.246960595,0.947427928,0.152682707,120.4994965,933.267395,997.6467285,20.96859932,20.81232071,20.21261978,25.25517082,23.52008057,65.60257721,74.81691742,2.335000038,0.0562234879
0.5453773975,0.5416736126,0.49719128609999996,0.11171250340000001,0.10608299969999999,0.044361591299999996,66.11605835,0.028192638833333332,1.746652961,-0.246959105,0.949201822,0.153441295,121.1213989,933.8513794,997.6453857,20.96862984,20.81245995,20.17340088,25.26119041,23.50370026,65.5980072,74.92569733,2.079999924,0.056223619
0.5455025196000001,0.5418307781,0.4973821163,0.1117004037,0.10606540440000001,0.0443064898,66.11052246,0.02809097288888889,1.747707009,-0.2469576,0.949578881,0.157377198,121.1213989,934.364624,997.6442261,20.96866989,20.81259918,20.17340088,25.26721954,23.48731041,65.59345245,75.03450012,2.349999905,0.05622376799999999
0.545746088,0.5419879913,0.4973641872,0.11172399520000001,0.10606700179999999,0.0444879293,66.10875854,0.028027888416666667,1.748759985,-0.246956095,0.949490488,0.161313102,121.1213989,934.854187,997.6428833,20.96870995,20.81274033,20.17340088,25.27323914,23.4709301,65.58888245,75.14328766,2.494999886,0.056223911
0.5459376812000001,0.5421452999,0.49727678299999994,0.11172629590000001,0.1060780048,0.0447716504,66.10927734,0.027979556194444446,1.749814034,-0.246954694,0.949401975,0.165248901,121.1213989,935.3438721,997.6417236,20.96875,20.81287956,20.17340088,25.27927017,23.45454979,65.58432007,75.25208282,2.297499895,0.0562240481
0.5460948944,0.5423491955,0.4971892834,0.1117215037,0.1060899019,0.0449488699,66.10980225,0.027931194305555556,1.750867009,-0.246953204,0.949313581,0.166561902,119.7369995,935.8334961,997.6403809,20.96878052,20.81302071,20.14986038,25.2852993,23.43816948,65.57975006,75.36087036,2.184999943,0.056224191199999995
0.546252203,0.5425686836,0.4973195076,0.1117166042,0.1061018944,0.045090580000000005,66.11032104,0.027882862083333335,1.751921058,-0.246951699,0.949225187,0.167000502,119.2755966,936.3231812,997.6392212,20.96882057,20.81316948,20.14201927,25.2913208,23.42178917,65.57518768,75.46967316,2.305000067,0.0562243283
0.5464095116000001,0.5427509785,0.4975222111,0.1117118001,0.1061138988,0.0450695395,66.11083984000001,0.02784244536111111,1.752974033,-0.246950299,0.949136674,0.167439103,119.2755966,936.8128052,997.6378784,20.96886063,20.81331062,20.14201927,25.29734993,23.40541077,65.59706879,75.57846069,2.132499933,0.0562244713
0.546568203,0.5429207802,0.49746561050000004,0.111706996,0.10612579579999999,0.0452494502,66.11135864,0.027804694694444444,1.754027963,-0.246948794,0.949048281,0.167877704,119.2755966,937.3024292,997.6367188,20.96888924,20.81344986,20.14201927,25.30336952,23.38902092,65.62776947,75.68724823,2.247499943,0.0562246084
0.5467273235000001,0.5429299831,0.49787678719999995,0.1117022038,0.10613780020000001,0.0450319499,66.11187744,0.027760488722222223,1.755081058,-0.246947303,0.948959887,0.168316394,118.6164017,937.7921143,997.635376,20.96892929,20.8135891,20.25968933,25.30940056,23.37264061,65.65847015,75.7960434,2.0625,0.0562247515
0.5468863963999999,0.5430386065999999,0.4976502895,0.11169730419999999,0.1061545014,0.045279631,66.11240234,0.02773399988888889,1.756134987,-0.246945798,0.948871374,0.168754995,118.396698,938.2816772,997.6342163,20.96896935,20.81373024,20.29891014,25.31542015,23.3562603,65.68917084,75.90483093,2.055000067,0.0562248886
0.5469262123,0.5431982040000001,0.4978650093,0.11169250010000001,0.1061727047,0.0451981515,66.11292114,0.02769028981388889,1.757187963,-0.246944398,0.94878298,0.169193596,118.396698,938.7714233,997.6328735,20.9690094,20.81386948,20.29891014,25.32144928,23.33987999,65.71987152,76.01363373,2.207499981,0.056225031599999996
0.5470230103,0.5432023048,0.4987291813,0.11168769599999999,0.106190896,0.0444771796,66.11343994,0.027663470375,1.758242011,-0.246942893,0.948694587,0.169632196,118.396698,939.2609863,997.6317139,20.96903992,20.81401062,20.29891014,25.32747078,23.32349968,65.7505722,76.12241364,2.092499971,0.05622516870000001
0.5471247196,0.5432963848,0.49885430340000003,0.11168290380000001,0.10620919470000001,0.0443478912,66.11395874,0.02765088611111111,1.759294987,-0.246941403,0.948220611,0.173912093,118.396698,939.7506104,997.6303711,20.96907997,20.81414986,20.29891014,25.33349991,23.30711937,65.78127289,76.2312088,2.362499952,0.0562253118
0.5472173214,0.5434379101,0.49929537770000004,0.1116780043,0.10622739789999999,0.044046640399999996,66.11409302,0.027599559361111112,1.760349035,-0.246940002,0.947618127,0.179472402,123.0208969,940.2401733,997.6292114,20.96912003,20.81428909,20.20478058,25.33953094,23.29073906,65.81197357,76.33999634,2.140000105,0.0562254488
0.547244215,0.5435792923,0.5001181125999999,0.1116732001,0.1062456012,0.043347111300000005,66.11088257,0.027566441430555557,1.759130955,-0.246938497,0.947015584,0.1850328,124.5623016,939.9296265,997.6279297,20.96916008,20.81443977,20.17340088,25.34555054,23.27434921,65.84266663,76.4487915,2.315000057,0.0562255919
0.5474527836,0.5437208176,0.5003743172,0.111668396,0.10626389979999999,0.043169841199999996,66.1065918,0.027543924119444445,1.757154942,-0.246937007,0.9464131,0.190593094,124.5623016,939.3521118,997.626709,20.9691906,20.81458092,20.17340088,25.35157967,23.25797081,65.87336731,76.55757904,2.079999924,0.056225729
0.5477293015,0.5439328193999999,0.5006902218,0.1116636038,0.1062821031,0.0430175394,66.10819092,0.02752140468888889,1.755180001,-0.246935502,0.945810616,0.196153402,124.5623016,938.7747192,997.6254272,20.96923065,20.81472015,20.17340088,25.35759926,23.2415905,65.90406799,76.66636658,2.329999924,0.056225871999999996
0.5480058192999999,0.5441681862000001,0.5008810043,0.1116587043,0.1063002944,0.0431835085,66.11176758,0.02751280042777778,1.753204942,-0.246934101,0.945208073,0.201713696,124.5623016,938.1972046,997.6242065,20.96927071,20.81485939,20.17340088,25.36363029,23.22521019,65.93476868,76.77516174,2.142499924,0.056226009099999995
0.5481053829,0.5444036961000001,0.5010002136,0.11165390010000001,0.1063186049,0.0432184905,66.11533813,0.027462137011111113,1.751229048,-0.246932596,0.944605589,0.207274005,125.7397003,937.619812,997.6229248,20.96931076,20.81500053,20.19693947,25.36964989,23.20882988,65.96546936,76.88395691,2.002500057,0.056226152200000004
0.5481460094,0.5446392059,0.5013875961,0.11164909599999999,0.1063367963,0.0429956913,66.1189209,0.027400872972222223,1.749253988,-0.246931106,0.944002986,0.212834299,126.1322021,937.0422974,997.6217041,20.96933937,20.81513977,20.20478058,25.37568092,23.19244957,65.99617004,76.99275208,2.3125,0.056226289299999996
0.5483233929,0.544756794,0.5014532089,0.11164430380000001,0.1063549995,0.0432014614,66.11965942,0.027377026875000002,1.747279048,-0.246929705,0.943400621,0.218394607,126.1322021,936.4647827,997.6204834,20.96937943,20.81528091,20.20478058,25.38171005,23.19384956,66.02687073,77.10153961,2.450000048,0.0562264323
0.548546505,0.5448350906,0.5012028217,0.1116394043,0.10637329820000001,0.043569231,66.11945801,0.027343251969444444,1.745213032,-0.2469282,0.942798078,0.223954901,126.1322021,935.8873901,997.6192017,20.96941948,20.81542015,20.20478058,25.38772964,23.20119095,66.05757141,77.20204163,2.325000048,0.0562265694
0.5485030174000001,0.5449134827,0.5007318974,0.1116346002,0.1063915014,0.0441166103,66.11925049,0.027302190991666666,1.743118048,-0.246926695,0.942195475,0.229515195,126.1322021,935.3098755,997.617981,20.96945,20.81555939,20.20478058,25.39376068,23.20853043,66.08827209,77.29978943,2.362499952,0.0562267125
0.5483705997,0.5447174072000001,0.5008869171,0.1117269039,0.1064097047,0.0440302014,66.11904907,0.02727801852777778,1.741021991,-0.246925205,0.941593111,0.235075504,116.9076996,933.7495117,997.6166992,20.96949005,20.81570053,20.34597969,25.39978027,23.21586037,66.13092041,77.3975296,2.157500029,0.056226849599999996
0.5482380867,0.5444297791,0.5005530834,0.11193549629999999,0.106427896,0.0441380501,66.11884766,0.02728927400277778,1.746178031,-0.246923804,0.940990627,0.227459699,113.8328018,931.8613281,997.6154785,20.96953011,20.8158493,20.39304924,25.4058094,23.22319984,66.17754364,77.49526978,2.170000076,0.056226992600000004
0.5481057167000001,0.5441421986,0.49998102189999993,0.11217210289999999,0.10655319690000001,0.044387719,66.11864014,0.027248878477777776,1.753751993,-0.246922299,0.940388024,0.227654606,113.8328018,931.2119751,997.6141968,20.96956062,20.81599045,20.39304924,25.4118309,23.23053932,66.22416687,77.59300995,2.244999886,0.0562271297
0.5477004051,0.5439082145999999,0.5003921986,0.11230829950000001,0.1066331983,0.0437325597,66.11843872,0.027209803263888888,1.761325955,-0.246920794,0.93978548,0.231917098,113.8328018,930.9755859,997.6129761,20.96960068,20.81612968,20.39304924,25.41786003,23.23786926,66.27079773,77.66488647,2.342499971,0.0562272727
0.547574091,0.5435347079999999,0.5006306171,0.1124111056,0.10668610329999999,0.0432776093,66.1182312,0.027188941108333333,1.768898964,-0.246919304,0.939182997,0.236179695,118.1155014,930.7393188,997.6116943,20.96964073,20.81627083,20.29891014,25.42388916,23.24521065,66.31742096,77.72812653,2.332499981,0.0562274098
0.5472959042000001,0.5434651852,0.5000762939000001,0.1125138998,0.1067389965,0.043458429,66.11802979000001,0.027157813177777778,1.776473045,-0.246917903,0.938580513,0.236209601,119.5430984,930.5029297,997.6104736,20.96968079,20.81641006,20.26753044,25.42991066,23.25255013,66.36403656,77.79138947,2.237499952,0.0562275529
0.5471810818,0.5433810234,0.5004755974,0.11250369549999999,0.1067919016,0.0429895997,66.11782837,0.027141918605555558,1.784047008,-0.246916398,0.936643481,0.234828696,119.5430984,930.2666016,997.609314,20.96972084,20.8165493,20.26753044,25.43593979,23.25988007,66.41068268,77.85463715,2.112499952,0.0562277019
0.5471512794,0.5432522773999999,0.500457716,0.11245579720000001,0.1068447948,0.0428973287,66.11762085000001,0.027122215694444445,1.79162097,-0.246914893,0.93426168,0.240506098,119.5430984,930.0302124,997.6079712,20.96974945,20.81669044,20.26753044,25.44195938,23.26721954,66.45729828,77.9178772,2.335000038,0.0562278271
0.5470321177999999,0.543123579,0.5005650997,0.1125198007,0.1068976998,0.0426855892,66.11741943,0.027099037169444447,1.795513988,-0.246913493,0.931879818,0.248536393,119.5430984,928.4760742,997.6068115,20.96978951,20.81682968,20.26753044,25.44799042,23.27456093,66.50392151,77.98114014,2.337500095,0.056227981999999996
0.5468830109,0.5429948807,0.5006336212,0.1126211047,0.1069506049,0.0425621897,66.11721802,0.02711608886666667,1.798181057,-0.246912003,0.929498017,0.240246102,122.4526978,926.4827881,997.6055298,20.96982956,20.81697083,20.12634087,25.45401001,23.28189087,66.55055237,78.04438782,2.25,0.0562281072
0.5467831135,0.5428661822999999,0.5006454945,0.1127225041,0.10700349810000001,0.0423137099,66.1170105,0.02718430201111111,1.800848007,-0.246910498,0.926509976,0.238925695,123.4225998,924.4893799,997.604187,20.96986008,20.8171196,20.07928085,25.46003914,23.28923035,66.59718323,78.10764313,2.057499886,0.056228262200000004
0.5466997147,0.5429461002,0.500836277,0.11274780040000001,0.10705649850000001,0.0420013309,66.10836792,0.027308813730555555,1.803514004,-0.246909097,0.923319876,0.241742104,123.4225998,923.7045898,997.6030273,20.96990013,20.81726074,20.07928085,25.46606064,23.29656982,66.64379883,78.17089081,2.112499952,0.0562283874
0.5467949866999999,0.5430955887,0.5010866165000001,0.11274780040000001,0.10710940360000001,0.0418086886,66.10765991,0.02738729476944444,1.806180954,-0.246907607,0.920129776,0.244558498,123.4225998,921.9940796,997.6016846,20.96994019,20.81739998,20.07928085,25.47208977,23.3039093,66.6806488,78.23413849,2.285000086,0.056228542299999996
0.5469500065,0.5432450771,0.5016499043,0.1126248956,0.1071622968,0.041398719,66.11052246,0.027389943863888887,1.808848023,-0.246906102,0.916939676,0.247374907,123.4225998,919.8408203,997.6005249,20.9699707,20.81753922,20.07928085,25.4781208,23.31123924,66.7142334,78.2973938,2.089999914,0.056228667499999996
0.5471049786,0.5433945179,0.5020402908,0.11261650320000001,0.1071755052,0.0411788911,66.11339111,0.02740882025833333,1.811514974,-0.246904597,0.913749576,0.250191301,117.7048035,917.6873779,997.5991821,20.97001076,20.81768036,20.14986992,25.4841404,23.31858063,66.74781799,78.36064148,2.047499895,0.0562288225
0.5472599983,0.5433916092,0.5023383141,0.1126600981,0.1071755052,0.0410510302,66.11624756,0.027411469352777777,1.81418097,-0.246903196,0.910559475,0.2412837,115.7987976,916.6151733,997.5980225,20.97005081,20.8178196,20.17340088,25.49016953,23.32591057,66.78140259,78.42388916,2.299999952,0.0562289476
0.5474149227,0.543520689,0.5020552158,0.1127035975,0.107298398,0.0413363814,66.11680908,0.027413785722222223,1.81684804,-0.246901706,0.907800674,0.228468195,115.7987976,915.9033813,997.5966797,20.97009087,20.81796074,20.17340088,25.49618912,23.33325005,66.81498718,78.48713684,2.252500057,0.056229102600000004
0.5473846912,0.5435083866,0.5019628048,0.112747097,0.1073768973,0.041488701100000004,66.11660156,0.02740418116388889,1.81951499,-0.246900201,0.905185819,0.237487495,115.7987976,917.7078857,997.59552,20.97011948,20.81809998,20.17340088,25.50222015,23.34058952,66.84855652,78.55039215,2.082499981,0.0562292278
0.5472928047,0.5434287071,0.5019986153,0.1129233003,0.10742690560000001,0.0415507495,66.11640015,0.02740550571111111,1.822182059,-0.2468988,0.902570724,0.243553802,115.7987976,917.5092773,997.5941772,20.97015953,20.81823921,20.17340088,25.50823975,23.34793091,66.88215637,78.61364746,2.325000048,0.056229382800000005
0.5472008228,0.5433487892,0.5019001961,0.11314369440000001,0.10747699740000001,0.041612801,66.11619263,0.02737636566111111,1.824848056,-0.246897295,0.89995569,0.246209502,114.4525986,916.3632813,997.5930176,20.97019958,20.81838989,20.17340088,25.51446915,23.35526085,66.91573334,78.67690277,2.255000114,0.056229507899999996
0.5471088886000001,0.5431610107,0.5015872955,0.11336410050000001,0.1075270057,0.0417678386,66.11599121,0.027357160780555556,1.827976942,-0.246895805,0.897340715,0.242249906,114.0038986,915.2172852,997.5916748,20.97023964,20.81852913,20.17340088,25.52076912,23.36260033,66.94933319,78.74014282,2.207499981,0.0562296629
0.5468876839,0.5429371834000001,0.5012176990999999,0.1135844946,0.107577002,0.041953888499999994,66.11577759000001,0.027361132302777775,1.831259966,-0.2468943,0.893869817,0.236084998,114.0038986,914.0714111,997.5905151,20.97027016,20.81867027,20.17340088,25.52706909,23.3699398,66.98290253,78.80339813,2.367500067,0.0562297881
0.5466234207,0.5427133083,0.5008481979,0.11370830540000001,0.1076269984,0.0421399415,66.11558228,0.0273465644,1.834542036,-0.246892899,0.890113592,0.235691294,114.0038986,913.713623,997.5891724,20.97031021,20.81880951,20.17340088,25.53336906,23.37726974,67.01648712,78.86665344,2.367500067,0.0562299371
0.5463591099,0.5424894809999999,0.5004786015,0.11380000109999999,0.1076771021,0.0422120899,66.11536865000001,0.027289278241666666,1.837824941,-0.246891394,0.886357427,0.237221405,108.1427994,913.6185303,997.5880127,20.97035027,20.81895065,20.17340088,25.53967094,23.38460922,67.05007935,78.92990112,2.192500114,0.056230068200000004
0.546094799,0.5422187805,0.5000107765,0.1138916016,0.1077270985,0.0424660802,66.11516724,0.027275038825,1.841107965,-0.246889904,0.882601321,0.238751397,106.1891022,912.7197876,997.586792,20.97038078,20.81908989,20.17340088,25.54595947,23.39193916,67.08365631,78.9931488,2.035000086,0.0562302172
0.545761013,0.5419325829,0.49992132189999994,0.1141262054,0.1077770948,0.0422400802,66.11497192,0.0272939131,1.844390035,-0.246888399,0.878845096,0.240281507,106.1891022,911.5531006,997.5855103,20.97042084,20.81922913,20.17340088,25.55225945,23.40475082,67.11724854,79.05639648,2.285000086,0.056230348299999997
0.545621109,0.5418045998000001,0.49965600969999996,0.1141870022,0.1078271985,0.042291459399999995,66.1147583,0.027311793433333335,1.851876974,-0.246886998,0.875088871,0.241811499,106.1891022,910.3864136,997.5842896,20.97046089,20.81937027,20.17340088,25.55855942,23.41937065,67.15083313,79.1000824,2.357500076,0.0562304974
0.5455536841999999,0.5417294025,0.4992865086,0.1141739964,0.1078771949,0.0424967706,66.11456299,0.027344578636111113,1.860766053,-0.246885493,0.871332824,0.243341595,106.1891022,909.2197266,997.5830078,20.97050095,20.81952095,20.17340088,25.56485939,23.43400002,67.1844101,79.13723755,2.132499933,0.056230628500000004
0.5454862118,0.5416542053,0.4989169121,0.1143089056,0.1079272032,0.0427020788,66.11434937,0.027335304683333332,1.861904979,-0.246884003,0.876713097,0.226510093,110.7074966,908.0531006,997.5817871,20.97052956,20.81966019,20.17340088,25.57115936,23.44862938,67.21798706,79.1743927,2.075000048,0.056230777499999995
0.545418787,0.5414382935,0.498547411,0.11427329779999999,0.1079771996,0.0431457996,66.11414185,0.027337955900000002,1.860460997,-0.246882603,0.885138929,0.203558207,112.2136002,906.8864136,997.5805054,20.97056961,20.81979942,20.17340088,25.5774498,23.46324921,67.25158691,79.21154785,2.342499971,0.0562309086
0.5451595783000001,0.5413401127,0.4977933884,0.11437640190000001,0.10802730320000001,0.0436689794,66.10551147,0.027317093744444444,1.859017015,-0.246881098,0.88286078,0.2167041,112.2136002,907.7623291,997.5792847,20.97060966,20.81994057,20.17340088,25.58374977,23.47788048,67.28517151,79.24871063,2.265000105,0.0562310576
0.5450788975,0.541133213,0.4982881069,0.1145501971,0.10807729960000001,0.0430519491,66.10479735999999,0.027312124041666667,1.857573032,-0.246879607,0.877014697,0.241882697,112.2136002,909.3189697,997.5780029,20.97064972,20.8200798,20.17340088,25.59004974,23.49250031,67.31874847,79.28587341,2.397500038,0.0562312007
0.5450037956,0.5410649775999999,0.49832978250000004,0.11454780099999999,0.108127296,0.0428034186,66.10764771000001,0.027278349133333334,1.860347033,-0.246878102,0.871168494,0.236724302,112.2136002,906.8911133,997.5767822,20.97068024,20.82022095,20.17340088,25.59634972,23.50712967,67.35233307,79.32302094,2.144999981,0.0562313378
0.5449735165,0.5410611153,0.49842519760000004,0.114486599,0.10817730430000001,0.0426503897,66.11052246,0.0272498703,1.864526033,-0.246876702,0.869342327,0.205541104,115.770401,901.0012817,997.5756226,20.97072029,20.82036018,20.17340088,25.60264015,23.5217495,67.38593292,79.36018372,2.212500095,0.0562314808
0.5449663162,0.5410573006,0.4988365173,0.1144253969,0.108227396,0.0422759712,66.11337891,0.027227352988888887,1.868705034,-0.246875197,0.875743985,0.197417602,116.9560013,897.6497803,997.5742798,20.97076035,20.82049942,20.17340088,25.60894012,23.53638077,67.43795776,79.39733887,2.037499905,0.056231617899999996
0.5449592112999999,0.5410665035,0.4995635986,0.11445829869999999,0.10827740429999999,0.0415095508,66.10764771000001,0.027193908691666668,1.872884989,-0.246873707,0.894784272,0.198748797,116.9560013,895.3814697,997.5731201,20.97079086,20.82064056,20.17340088,25.6152401,23.5510006,67.49614716,79.43448639,1.967499971,0.056231761000000005
0.5449521065,0.5410800934,0.49919409750000004,0.1145225048,0.10828989739999999,0.0417985797,66.10723267,0.02720450507222222,1.87706399,-0.246872306,0.902487814,0.200079903,116.9560013,894.6680298,997.5717773,20.97083092,20.82078934,20.17340088,25.62154007,23.56562996,67.55432892,79.47164917,2.089999914,0.0562318981
0.5449449062,0.5410937786,0.4991821766,0.1144520044,0.10828989739999999,0.0418241203,66.10952148,0.02720450507222222,1.881243944,-0.246870801,0.893568397,0.213878393,116.9560013,894.4727783,997.5706177,20.97086906,20.82093048,20.17340088,25.62784004,23.58024979,67.61251831,79.50881195,2.325000048,0.0562320411
0.5449378013999999,0.5411074162,0.49942069050000004,0.11447349790000001,0.10828989739999999,0.0416321307,66.1118103,0.027195674047222222,1.885422945,-0.246869296,0.880750775,0.231832698,119.3279037,894.7583008,997.5692749,20.97090912,20.82106972,20.24399948,25.63413048,23.59487915,67.6707077,79.5459671,2.067500114,0.0562321782
0.5449775219,0.5412282944,0.4996591091,0.11454060079999999,0.10830260519999999,0.0414401412,66.11409912,0.027186845144444444,1.889603019,-0.246867895,0.871080399,0.249786898,120.1184998,895.2041016,997.5681152,20.97093964,20.82121086,20.26934052,25.64043045,23.60950089,67.72888947,79.58312225,1.975000024,0.0562323213
0.5450327873,0.5413849831,0.4997187138,0.1144273996,0.10831960439999999,0.0415454388,66.11638794000001,0.02714489618888889,1.89378202,-0.246866405,0.862459123,0.256422013,120.1184998,895.6497803,997.5667725,20.97097969,20.8213501,20.27176094,25.64673042,23.62413025,67.78707886,79.6202774,2.212500095,0.0562324584
0.5450881004,0.5413825989000001,0.49964709279999997,0.114467001,0.1083366036,0.041749829100000004,66.11696167,0.02709986368888889,1.894904017,-0.2468649,0.853837729,0.2592839,120.1184998,896.0955811,997.5656128,20.97101974,20.82148933,20.27416992,25.6530304,23.63875961,67.84526825,79.65744019,2.132499933,0.056232601400000005
0.5451434135000001,0.541327095,0.49953389169999995,0.1145776033,0.1083536029,0.0417891294,66.11696167,0.027049530877777776,1.895007014,-0.246863395,0.847573221,0.281047106,120.1184998,896.5413208,997.56427,20.9710598,20.82163048,20.27658081,25.65933037,23.65337944,67.90345001,79.69460297,2.042500019,0.056232738500000004
0.5451063156,0.5412947177999999,0.4991285801,0.114558804,0.1083706021,0.0421786904,66.11696167,0.02701840294722222,1.895110011,-0.246861994,0.842094183,0.281441391,116.8171997,895.5993042,997.5629883,20.97109032,20.82176971,20.27899933,25.6656208,23.66801071,67.9616394,79.73175049,2.029999971,0.0562328815
0.5450385094,0.541270113,0.4995219231,0.11449689869999999,0.10843629839999999,0.0417999506,66.11685181,0.027007475958333332,1.895213008,-0.246860504,0.836615324,0.245709404,115.7167969,894.1945801,997.5618286,20.97113037,20.82191086,20.28141022,25.67192078,23.68263054,68.0198288,79.76891327,2.142499924,0.0562330186
0.545110321,0.5412454128,0.49950261119999995,0.11443500520000001,0.10839420559999999,0.041812458600000005,66.11669922,0.027057478163888888,1.895316005,-0.246858999,0.831136286,0.224184602,115.7167969,894.4592285,997.5604858,20.97117043,20.82205009,20.2838192,25.67822075,23.6972599,68.07801056,79.80606842,2.105000019,0.0562331617
0.5450799942,0.5411273003,0.4992463112,0.11466380359999999,0.10831079480000001,0.042055758799999995,66.11655273,0.027086620330555557,1.895419002,-0.246857598,0.837877691,0.233909205,115.7167969,897.850708,997.5593262,20.97120094,20.82220078,20.28623962,25.68452072,23.71187973,68.13619995,79.84322357,2.394999981,0.0562332988
0.5450003147,0.5409780024999999,0.49899001119999997,0.1148005009,0.1083053946,0.0421901703,66.11638794000001,0.027064764236111108,1.898110986,-0.246856093,0.85832721,0.224604204,109.9533997,902.0991211,997.5579834,20.97123909,20.82234001,20.28865051,25.69080925,23.72650909,68.19438934,79.88037872,2.380000114,0.05623344179999999
0.5449203968,0.5408288002,0.4987337112,0.1148741961,0.10832600590000001,0.0422882795,66.11624756,0.027082975175000003,1.901666999,-0.246854603,0.869714081,0.206342295,108.0323029,904.0316162,997.5568237,20.97127914,20.82247925,20.29107094,25.69710922,23.74113083,68.25257111,79.91752625,2.25,0.056233578900000004
0.5447268963,0.5406795025,0.4981153011,0.1149888992,0.1083467007,0.0427000493,66.11608887,0.02710284339166667,1.905222058,-0.246853098,0.866884828,0.1880804,108.0323029,906.4572144,997.555481,20.9713192,20.82262039,20.29347992,25.70340919,23.75576019,68.3107605,79.94589233,2.032500029,0.056233722
0.5444953918000001,0.5405303001,0.497930479,0.11511739489999999,0.10836730000000001,0.0427442491,66.11594238,0.027100524902777777,1.908776999,-0.246851698,0.860680282,0.182288006,108.0323029,909.3045044,997.5543213,20.97134972,20.82275963,20.29589081,25.70970917,23.77038002,68.36894989,79.97131348,2.105000019,0.056233859100000005
0.5442639828,0.5403810024,0.497930479,0.1152457952,0.10838799480000001,0.0426310688,66.11578979,0.027092577616666665,1.912333012,-0.246850207,0.854475915,0.180652097,108.0323029,912.1517944,997.5531006,20.97138977,20.82290077,20.29830933,25.71600914,23.78500938,68.42713165,79.99672699,2.255000114,0.0562340021
0.5443072796,0.5402318001,0.49760861399999995,0.1153195024,0.1084085941,0.0427608103,66.11563721,0.027051847247222222,1.915887952,-0.246848702,0.848271489,0.179016203,110.7106018,914.9990845,997.5518188,20.97142982,20.82304001,20.20478058,25.72230911,23.79962921,68.48532104,80.02214813,2.057499886,0.0562341392
0.544096899,0.5402080059000001,0.4965536118,0.1153749943,0.1084292054,0.043670940400000004,66.11549072,0.02698429531388889,1.919443011,-0.246847197,0.842067122,0.177380294,111.603302,917.8463745,997.5505981,20.97146988,20.82317924,20.17340088,25.72859955,23.81426048,68.54351044,80.04756927,2.055000067,0.05623428230000001
0.5437716007,0.539992094,0.4966489792,0.11543049809999999,0.1084499002,0.0435590088,66.11533813,0.027041583591666665,1.922999024,-0.246845797,0.835862577,0.2003804,111.603302,919.3538208,997.5493164,20.9715004,20.82332039,20.17340088,25.73489952,23.82888985,68.6016922,80.07299042,2.109999895,0.0562344313
0.5436934948000001,0.5399300098,0.4967144966,0.115486002,0.10847049950000001,0.0433152288,66.11519165,0.027119399177777778,1.926553965,-0.246844307,0.82965821,0.210983396,111.603302,920.4146118,997.5480957,20.97154045,20.82346916,20.17340088,25.74119949,23.84350967,68.65988159,80.0983963,2.24000001,0.0562345624
0.5436977863,0.5399449825,0.49679799080000003,0.1151636004,0.108475697,0.0431669801,66.11503906,0.027127015855555554,1.930109024,-0.246842802,0.825882673,0.214716494,111.603302,919.0054932,997.546814,20.97158051,20.82361031,20.17340088,25.74749947,23.85814095,68.71807098,80.1238327,2.077500105,0.056234711400000005
0.5437022209,0.5399600029,0.496654892,0.11500270370000001,0.108475697,0.0432956815,66.11489258,0.02712171766388889,1.929146051,-0.246841401,0.822916687,0.218449697,114.1186981,918.3685303,997.5455933,20.97160912,20.82374954,20.12634087,25.75379944,23.87276077,68.77625275,80.14924622,2.032500029,0.05623484250000001
0.5438191890999999,0.5401432991,0.4966132164,0.1149374962,0.108475697,0.04334611,66.11472778,0.02710218005833333,1.926676989,-0.246839896,0.8199507,0.192927599,114.9570999,918.2634277,997.5443115,20.97164917,20.82389069,20.11064911,25.76008987,23.88739014,68.83444214,80.18126678,2.167500019,0.05623499159999999
0.5440635204000001,0.5403828144,0.4963509083,0.11487239600000002,0.1084092021,0.0437432885,66.1145813,0.027046218447222225,1.924208045,-0.246838406,0.818773925,0.183442295,114.9570999,919.8773193,997.5430908,20.97168922,20.82402992,20.11064911,25.76638985,23.90200996,68.89263153,80.21550751,2.015000105,0.056235122699999994
0.5443377018,0.5405244827,0.49626150129999996,0.1148072958,0.10836349729999999,0.0441048503,66.11442871,0.027042079502777778,1.921738029,-0.246836901,0.818193614,0.182553202,114.9570999,922.0640259,997.5418701,20.97172928,20.82416916,20.11064911,25.77268982,23.91663933,68.95081329,80.2497406,2.287499905,0.0562352717
0.5445331097,0.5406335831,0.496565485,0.1147909999,0.10833209749999999,0.0439298004,66.11428223,0.02705863528888889,1.921187043,-0.2468355,0.817613125,0.175496101,115.2154999,924.2509155,997.5405884,20.9717598,20.8243103,20.29891014,25.77898979,23.93125916,69.00900269,80.28397369,2.332499981,0.0562354028
0.5447021008,0.540894413,0.49673829080000004,0.1147909999,0.1083006978,0.0438855201,66.11412964,0.0270448939,1.921275973,-0.246833995,0.817032814,0.166383103,115.3016968,926.4376831,997.5394287,20.97179985,20.82444954,20.36166954,25.78528023,23.94589043,69.06719208,80.31819916,2.355000019,0.056235551800000005
0.5448711871999999,0.5410450935,0.49711990359999997,0.114664197,0.1082692027,0.0437745094,66.12266846,0.027004163530555556,1.92136395,-0.246832505,0.816452384,0.161920995,115.3016968,928.6245117,997.5380859,20.9718399,20.82459068,20.36166954,25.7915802,23.96051025,69.12536621,80.35243225,2.055000067,0.056235683
0.5449371815,0.541142416,0.4972568989,0.11461570260000001,0.10823780300000001,0.0437232703,66.12393188,0.026976678636111112,1.921452999,-0.246831104,0.815872014,0.159009203,115.3016968,930.1356201,997.5369263,20.97187042,20.82473946,20.36166954,25.79788017,23.96899986,69.18356323,80.38665771,2.088749886,0.056235832
0.5449688911,0.5412395954,0.4974774837,0.11460740570000001,0.1082064033,0.0437101305,66.12177734000001,0.02694356706388889,1.921540976,-0.246829599,0.815291584,0.156097397,115.3016968,931.4215088,997.5355835,20.97191048,20.8248806,20.36166954,25.80418015,23.97542953,69.24175262,80.42089081,2.273750067,0.0562359571
0.5450006008,0.5411985874,0.4974060059,0.11472829579999999,0.10817489620000001,0.0438559085,66.11964111,0.026935287052777777,1.921630025,-0.246828094,0.816409528,0.1391626,113.4562988,932.7073975,997.5344238,20.97195053,20.82501984,20.26753998,25.81048012,23.98185921,69.29992676,80.45511627,2.095000029,0.0562361121
0.5449971199,0.5411116123,0.4974700928,0.1148180008,0.10814349649999999,0.0437270403,66.11749878,0.0269117758,1.921718001,-0.246826604,0.818093419,0.117553599,112.8411026,935.3798828,997.5330811,20.97199059,20.82515907,20.23616028,25.81677055,23.98830032,69.35851288,80.48935699,2.065000057,0.056236237300000005
0.5449819088,0.5410243988000001,0.4976191044,0.11488289830000001,0.1081120968,0.0434889704,66.10407715,0.02689190334722222,1.922654986,-0.246825203,0.819777429,0.145285502,112.8411026,938.5145874,997.5319214,20.9720192,20.82530022,20.23616028,25.82307053,23.99473,69.41719818,80.52358246,2.327500105,0.05623639230000001
0.5449666022999999,0.5411053181,0.49776811600000004,0.1147575974,0.1081629038,0.043250909399999996,66.10623169,0.026910779741666665,1.923874974,-0.246823698,0.82146132,0.540480912,112.8411026,939.8991699,997.5305786,20.97205925,20.82543945,20.23616028,25.8293705,24.0011692,69.47589874,80.5654068,2.372499943,0.0562365174
0.5449901104,0.5412421227,0.4979170799,0.11264909510000001,0.10819150209999999,0.0431510091,66.11480713,0.02694621403888889,1.925094962,-0.246822193,0.823145211,-1.018998027,112.8411026,913.4351196,997.5294189,20.9720993,20.8255806,20.23616028,25.83567047,24.00760078,69.53459167,80.60975647,2.105000019,0.0562366724
0.5451530933,0.5414686203,0.4978291035,0.1106778026,0.1082034945,0.0434010208,66.11480713,0.02692866431388889,1.92631495,-0.246820793,0.824829221,0.01778765,116.9253998,780.3347168,997.5280762,20.97213936,20.82571983,20.25968933,25.84197044,24.01403999,69.59329224,80.65411377,2.042500019,0.0562367976
0.5453585148,0.541725111,0.49812722210000004,0.1098436952,0.1082154036,0.043399360799999995,66.11439819,0.026907802158333334,1.923730016,-0.246819302,0.826513112,0.81940788,118.2867966,602.1331787,997.5269165,20.97216988,20.82585907,20.26753044,25.95858002,24.02046967,69.6519928,80.69847107,2.16624999,0.056236952500000006
0.5455637932,0.5418272972,0.4981331825,0.1097558975,0.108227396,0.0436112493,66.11480713,0.02696144527777778,1.919875979,-0.246817797,0.825700283,0.95573473,118.2867966,459.1170959,997.5255737,20.97220993,20.82600975,20.26753044,26.11195946,24.02691078,69.7106781,80.74282074,2.321249962,0.056237077700000006
0.5457692146,0.5420656204000001,0.49824938769999993,0.1098191977,0.10819610360000001,0.0435153395,66.11522217000001,0.027087940638888888,1.916020989,-0.246816307,0.824055195,0.956835926,118.2867966,395.9479065,997.5244141,20.97224998,20.82615089,20.26753044,26.26534081,24.03334045,69.76937866,80.78717804,2.059999943,0.056237232699999994
0.5461040020000001,0.5423663139,0.4984519958,0.10988249779999999,0.10815039870000001,0.0436593205,66.1156311,0.027314444647222224,1.905521035,-0.246814907,0.819073319,0.90140748,118.2867966,372.2966919,997.5230713,20.9722805,20.82629013,20.26753044,26.35662079,24.03977966,69.72724915,80.88651276,2.357500076,0.05623735789999999
0.5460140228,0.5268970013,0.43922491069999997,0.1099459052,0.1081047058,0.1031636,66.11604004,0.027754527197222222,1.892804027,3.699311972,0.812979281,0.894819975,115.9276962,363.2366943,997.5219116,20.97232056,20.82642937,20.17340088,26.42719078,24.04620934,69.65151978,81.00417328,2.38499999,0.0562375128
0.5117390156,0.48011860850000004,0.34268190860000003,0.12331579919999999,0.10878709550000001,0.1842151999,66.11644897,0.029277778194444444,1.999343038,8.137899399,0.806885123,0.990617394,115.1414032,359.8171997,997.5206299,20.97236061,20.82657051,20.14201927,26.49777031,24.24394989,69.11772919,80.41207123,2.087500095,0.056237638
0.4534242153,0.40211119650000005,0.2735810995,0.15157979729999999,0.1115983009,0.20653738979999997,66.11685791,0.031040111111111112,2.369951963,6.193803787,0.79669261,1.185654044,115.1414032,361.3681946,997.5194092,20.97240067,20.82670975,20.14201927,26.5683403,25.03001976,68.12198639,78.18871307,2.0,0.056237793
0.3698102951,0.3218333006,0.24706270689999998,0.1898710966,0.1170163989,0.1550487041,49.836770630000004,0.032466693444444444,3.00511694,3.46923399,0.785134017,1.570963025,115.1414032,355.3334045,997.5181274,20.97242928,20.82685089,20.14201927,26.63891983,26.56521034,67.02317047,74.21328735,2.285000086,0.0562379301
0.2960699081,0.25881938930000004,0.22261838909999998,0.22963960170000003,0.1255926013,0.0992148578,14.939630130000001,0.03317963916666667,3.63598299,1.939635992,0.777343273,0.854410291,39.46828079,319.9164124,997.8532104,20.97246933,20.82699013,20.18909073,26.83180046,29.00363922,66.17973328,69.98207092,2.424999952,0.0562380672
0.24564220909999998,0.22424399849999999,0.2003021002,0.22746300700000002,0.13444240089999998,0.0585173905,2.245079994,0.03292330636111111,4.210299015,1.233906984,0.770808578,0.790780783,14.24390984,243.5796967,997.9658813,20.97250938,20.82714081,20.20478058,26.84416008,31.67933083,65.59348297,65.80860901,2.154999971,0.056238210200000006
0.21938049789999997,0.20500769619999998,0.184494698,0.20839869979999998,0.140534997,0.0397493601,1.004806995,0.03219050088888889,4.575097084,0.892486095,0.764273882,1.255525947,14.24390984,187.472702,997.96698,20.97254944,20.82325935,20.20478058,26.78277016,33.7064209,65.46130371,62.63722992,2.202500105,0.056238347300000005
0.2025537014,0.1913712025,0.1719357967,0.1910935998,0.1436429977,0.0330879301,0.7365793228,0.031553721944444446,4.682181835,0.74990958,0.757739186,1.377082944,14.24390984,210.7621002,997.9682007,20.97257996,20.81805992,20.20478058,26.7213707,34.98683167,65.46134186,60.8502388,2.167500019,0.0562384903
0.19147460460000001,0.1813130021,0.1629591942,0.1776550055,0.1452195048,0.0284173101,0.6228518009,0.031283499388888886,4.615323067,0.693403482,0.751204491,1.248124957,14.24390984,263.6061096,997.9694214,20.97262001,20.81285095,20.20478058,26.65998077,35.81504822,65.46138763,60.05931091,2.3125,0.0562386274
0.1824780941,0.1743345976,0.1558006048,0.1669106007,0.1459336042,0.0255123794,0.5484652996,0.031104693944444442,4.455581188,0.284151793,0.747746885,1.021370053,19.75264931,316.3034973,997.97052,20.75844002,20.80764008,20.29891014,26.7042408,36.55147934,65.27954865,59.8728981,2.309999943,0.0562387705
0.1770135999,0.1694965005,0.15152089600000002,0.1592785001,0.1458611965,0.0228136897,0.5169939995,0.03105005475,4.277106762,0.328379095,0.745315015,0.797876716,21.58889961,345.0,997.9716797,20.68704033,20.8024292,20.33028984,26.78371048,37.01361084,65.03708649,59.81623077,2.25999999,0.0562389076
0.1731776953,0.1667001009,0.1478075027,0.1541501999,0.1452801943,0.0216890201,0.5212855816,0.03109675088888889,4.119111061,-0.088263743,0.742883086,0.60993588,21.58889961,352.9454041,997.9727783,20.68704033,20.79722023,20.33028984,26.8631897,37.38431931,64.7946167,59.75954819,2.287499905,0.05623905059999999
0.1711547017,0.164872098,0.1457450986,0.1503139973,0.1441334963,0.0209550396,0.6679130077,0.031184834361111108,3.995316982,-0.221780196,0.748004377,0.491270006,21.58889961,352.5490112,997.973999,20.68704033,20.7920208,20.33028984,26.8499794,37.55490112,64.55214691,59.51802063,2.089999914,0.056239187700000005
0.169679296,0.16391869779999999,0.1438557029,0.14796839950000001,0.14283289910000002,0.0210164502,0.5935264111,0.031314972777777776,3.903548002,-0.238112107,0.761394203,0.428401291,21.58889961,344.4213867,997.9750977,20.68704033,20.78680992,20.33028984,26.80587006,37.65879059,64.26387787,59.21488953,2.319999933,0.0562393308
0.1688200951,0.1632076979,0.1422492981,0.1460373044,0.1413493991,0.0216694206,0.6321500778,0.031407055333333336,3.845171928,-0.245693907,0.771551013,0.377467394,47.27788162,336.4223938,997.9763184,20.62114906,20.78160095,20.19236946,26.80913925,37.76266861,63.96035004,58.68909836,2.359999895,0.05623946789999999
0.1681663036,0.1625857949,0.140783,0.1444183946,0.1398048997,0.0224246696,0.6500315189,0.031270944805555555,3.812737942,-0.2448356,0.77999109,0.308920294,55.8408699,326.3301086,997.977417,20.60169983,20.77639008,20.14639091,26.82822037,37.74705887,63.65681076,58.08911133,2.107500076,0.0562396109
0.1677495956,0.16224290130000002,0.1391468048,0.1429036975,0.1382604003,0.0233848304,0.612838316,0.031158667666666667,3.786088943,-0.243977293,0.787122428,0.307686388,55.8408699,317.8619995,997.9785767,20.60506058,20.77111053,20.14639091,26.84729004,37.69160843,63.41271973,57.48912048,2.007499933,0.056239748
0.1674118042,0.1616328001,0.1378116012,0.141388905,0.1366273999,0.0244132802,0.6249976158,0.031136500027777778,3.759439945,-0.243118897,0.801928401,0.330847204,55.8408699,313.8815002,997.9796753,20.60841942,20.76581001,20.14639091,26.86636925,37.6361618,63.18844986,56.88911819,2.32249999,0.056239891099999995
0.1664396048,0.1605569005,0.1362558961,0.1398691058,0.1349648952,0.0253768504,0.5405973911,0.031010638333333337,3.717626095,-0.242260605,0.830939472,0.2829265,55.8408699,299.2038879,997.980896,20.61178017,20.76049995,20.14639091,26.88544083,37.58071899,62.96417999,56.28913116,2.347500086,0.05624002809999999
0.1652557969,0.159078598,0.135463202,0.1383476019,0.1333024025,0.0250937611,0.5806518078,0.030955999166666668,3.670756102,-0.107218303,0.859600425,0.250332892,50.77621841,280.5571899,997.9821167,20.61514091,20.75519943,20.11959076,26.9045105,37.52526855,62.73991013,55.81798172,2.454999924,0.0562401712
0.1649598956,0.157504797,0.1344974995,0.1375993013,0.1318084002,0.0245810106,0.6010365009,0.03097952736111111,3.623887062,0.425536096,0.883111179,0.174151599,49.08800888,257.4519043,997.9832153,20.61849976,20.74990082,20.11064911,26.92358971,37.46981812,62.51564026,55.38978958,2.214999914,0.0562403083
0.1625759006,0.15582710500000002,0.1333770037,0.13664679529999998,0.1303704977,0.0241278306,0.5967450141999999,0.03096594491666667,3.577017069,0.394302785,0.901260972,0.110611796,49.08800888,235.8014984,997.984375,20.6218605,20.74459076,20.11064911,26.94265938,37.37076187,62.29137039,54.96158981,2.224999905,0.05624045130000001
0.1602444053,0.1541147947,0.1320060015,0.1355402946,0.1289327025,0.0237987593,0.6729197979,0.030650388916666667,3.52539897,-0.047255099,0.918041229,0.1187222,49.08800888,210.8876038,997.9854736,20.62521935,20.73929024,20.11064911,26.96172905,37.25716019,62.13705063,54.53340149,2.049999952,0.0562405884
0.1585507035,0.1526787996,0.13021190170000002,0.1341802955,0.1275835037,0.0239311904,0.6214212894,0.030427500416666666,3.472198009,-0.207951695,0.932385921,0.084765524,48.37496185,180.9456024,997.9865723,20.62858009,20.73398018,20.27537918,26.98081017,37.14355087,62.00606918,54.20030975,2.0625,0.056240731499999995
0.1576272964,0.151810205,0.12830450529999998,0.13252019880000002,0.12626379729999998,0.024386259900000002,0.5398820877,0.030357638472222222,3.418997049,-0.147750005,0.942614198,0.05009089,48.13727951,162.5823975,997.987793,20.63194084,20.72867966,20.33028984,26.99987984,37.02994919,61.87508011,53.8989296,2.277499914,0.05624086860000001
0.1569211006,0.1512078047,0.1266832948,0.1305824995,0.12494410279999998,0.0250652492,0.6092619896,0.030327832972222225,3.365796089,0.128342897,0.942932487,0.069843963,48.13727951,150.489502,997.9890137,20.63529968,20.72337914,20.33028984,26.99929047,36.91635132,61.74409103,53.59754944,2.272500038,0.0562410116
0.1562150002,0.1506412983,0.1254613996,0.12889629600000002,0.12362450359999999,0.025798600900000003,0.5849432945,0.030310276888888887,3.312593937,0.730597377,0.940314472,0.105506398,48.13727951,145.1587067,997.9901123,20.63866043,20.71806908,20.33028984,26.99249077,36.80274963,61.60549164,53.29616928,2.137500048,0.0562411487
0.1555088043,0.1500748992,0.12453750370000001,0.1277722001,0.12230479720000001,0.026151150499999998,0.697953701,0.030224194,3.267390013,0.190928698,0.926120102,0.112827703,48.13727951,146.428299,997.991272,20.64201927,20.71277046,20.33028984,26.98582077,36.68914032,61.46435928,52.99478912,2.325000048,0.0562412918
0.1550395012,0.15006719829999998,0.1230533004,0.1268000007,0.121023798,0.0270292908,0.7330011845,0.030013889749999998,3.224852085,-0.195673004,0.895406604,0.028074071,36.12332916,149.2212067,997.9923706,20.64538002,20.7074604,20.30676079,26.97913933,36.57553864,61.3232193,52.69340897,2.332499981,0.0562414289
0.15553339719999998,0.1508867025,0.1210744023,0.12545599940000002,0.11975560190000001,0.02899279,0.5606245995,0.029854638833333336,3.182312965,-0.246099204,0.853305995,-0.199525401,32.11867905,153.980896,997.9935913,20.64874077,20.70215988,20.29891014,26.97246933,36.39488983,61.22014999,52.39202881,2.069999933,0.056241571899999995
0.1566344976,0.15223859550000002,0.11917890310000001,0.12345379590000001,0.11848750109999999,0.031686499699999995,0.6092619896,0.0297324435,3.139775038,-0.247052893,0.814395428,-0.399957687,32.11867905,159.3963013,997.994812,20.65209961,20.69685936,20.29891014,26.96578979,36.19189072,61.12976074,52.09064865,2.342499971,0.056241708999999994
0.1581655979,0.1536967993,0.117700696,0.1214872956,0.117219305,0.0345271885,0.562770319,0.029606278750000003,3.09723711,-0.180413902,0.782022476,-0.366490006,32.11867905,162.6873016,997.9959106,20.65546036,20.6915493,20.29891014,26.9591198,35.9888916,61.03937149,51.78926849,2.25,0.056241852
0.15961170200000002,0.15515500310000002,0.1166100025,0.1198577046,0.11595109699999999,0.0371442288,0.5892347813,0.029530472222222225,3.062278032,0.256733209,0.767130673,-0.165224999,32.11867905,169.6175995,997.9970703,20.6588192,20.68625069,20.29891014,26.95244026,35.78588867,60.94897079,51.48788071,2.315000057,0.05624200110000001
0.1606621027,0.1561807036,0.1157426953,0.1186342955,0.1147258997,0.039369210599999996,0.6285738945,0.02948805491666667,3.029844999,0.519474387,0.781321526,-0.117142402,64.1778717,188.5057068,997.99823,20.66217995,20.68094063,20.18124008,26.94577026,35.58288956,60.85858917,51.24745941,2.127500057,0.056242132199999996
0.1616019964,0.1570621967,0.1149201035,0.1177186012,0.11351490019999999,0.0412396699,0.5949569225,0.029464388944444444,2.997411966,0.422198206,0.811505795,-0.292470008,74.86427307,210.8968048,997.9993286,20.6655407,20.67564011,20.14201927,26.93909073,35.37989044,60.76818848,51.02733994,2.402499914,0.0562422812
0.1623054981,0.1574813008,0.11398129459999999,0.116869998,0.11247769590000001,0.043027249000000004,0.6071162224,0.029445194666666667,2.964979887,0.259355903,0.838006377,-0.415724397,74.86427307,227.4707031,998.0004883,20.66889954,20.67033958,20.14201927,26.93242073,35.17689133,60.67779922,50.8072319,2.204999924,0.0562424123
0.1624312043,0.1572846055,0.1130038023,0.1158918977,0.11149829630000001,0.0444595605,0.6564689159,0.029337056472222223,2.932547092,-0.1264112,0.857919514,-0.563118279,74.86427307,230.6842957,998.0015869,20.67226028,20.66502953,20.14201927,26.92573929,34.9738884,60.58740997,50.58712006,2.332499981,0.05624256130000001
0.1620249987,0.1567327976,0.1121216059,0.1148705006,0.1105190039,0.045059341200000005,0.7108283997,0.029207250805555557,2.900115013,-0.242701694,0.87155962,-0.730328321,99.90776825,224.3227997,998.0028076,20.67561913,20.65973091,20.18909073,26.91905975,34.77088928,60.49702072,50.36700821,2.132499933,0.056242692500000004
0.1611418962,0.1555659056,0.11127129790000001,0.1138491988,0.1095396042,0.0454210699,0.7930881977,0.02913274977777778,2.86768198,-0.243575901,0.888550699,-0.415140688,108.2556,205.9071045,998.0040283,20.67897987,20.65442085,20.19693947,26.91238976,34.56789017,60.40663147,50.14690018,2.377500057,0.056242841499999995
0.15978039500000002,0.1539361,0.1104208946,0.11294679640000001,0.1087213993,0.045188739900000004,0.8470917701999999,0.029094666388888888,2.835249901,-0.244450107,0.907190621,0.091888294,108.2556,180.4618988,998.005127,20.68234062,20.64912033,20.18647957,26.90571022,34.36489105,60.3162384,49.9267807,2.512500048,0.056242972599999996
0.1580935955,0.1522129059,0.1091711044,0.11208410259999999,0.10795689820000001,0.0447584003,0.8885765076000001,0.029069332555555556,2.802817106,-0.245324299,0.922322094,0.252296299,108.2556,173.8628998,998.0062866,20.68569946,20.64381981,20.17601967,26.89904022,34.16189957,60.22584915,49.70666885,2.460000038,0.0562431216
0.156338501,0.15025099520000001,0.1086107969,0.11122139689999999,0.10719239709999999,0.0435947508,1.081342983,0.02904616675,2.781284094,-0.246198505,0.936284125,0.341041893,108.2556,193.980896,998.0073853,20.68906021,20.63850975,20.16555977,26.92284966,33.95890045,60.1354599,49.48656082,2.440000057,0.0562432528
0.1542534947,0.1482095957,0.10783599619999999,0.1103893995,0.10654510260000001,0.0424269497,0.9404343605,0.02902644475,2.763384104,-0.247072697,0.938294113,0.445563287,86.639328,224.3795929,998.008606,20.69241905,20.63320923,20.15509987,26.95682907,33.75590134,60.04507065,49.26644897,2.349999905,0.0562434018
0.1523802996,0.146373105,0.10689820050000001,0.1095677018,0.10593669409999999,0.0413392395,0.9311342239,0.02890855577777778,2.745484114,0.208691105,0.92791909,0.579673588,79.43389893,253.383194,998.0098267,20.6957798,20.62789917,20.14463997,26.99080086,33.55289841,59.99227905,49.04634094,2.402499914,0.056243532900000004
0.150614202,0.1446048975,0.1059604049,0.1087476015,0.10532840489999999,0.040358069499999996,0.8259916305999999,0.028744638222222223,2.727585077,0.097109549,0.9147439,0.70461899,79.43389893,281.5213013,998.0109253,20.69914055,20.62260056,20.13418007,27.02478027,33.34989929,59.95201874,48.82622147,2.400000095,0.056243681899999995
0.1488481998,0.1431849003,0.10522079470000001,0.1079280972,0.1047201037,0.039412409100000004,0.8553171157999999,0.02865391625,2.709685087,0.130131006,0.905377388,0.69438678,79.43389893,304.8330078,998.0120239,20.70249939,20.61730003,20.12372017,27.05875015,33.14690018,59.91176987,48.60610962,2.1875,0.0562438071
0.1475659013,0.1418810964,0.104547298,0.10722130540000001,0.1041118026,0.0385825694,0.7802099228,0.028617805916666666,2.691785097,0.193670601,0.900949895,0.680002213,79.43389893,314.5136108,998.0131836,20.70586014,20.61198997,20.11326027,27.09272957,32.9270401,59.87150955,48.38600159,2.277499914,0.056243962
0.1472856998,0.1407214999,0.1038737059,0.10655219549999999,0.10352929829999999,0.0380114108,0.6807875156,0.028599277083333333,2.673885107,0.00221752,0.893797278,0.678548515,83.14383698,308.2225952,998.0142822,20.70922089,20.60668945,20.20478058,27.12669945,32.70156097,59.83124924,48.16588974,2.119999886,0.0562440872
0.14557650090000002,0.1397884011,0.1032001972,0.1058830023,0.1029554963,0.0375136197,0.6242824078,0.02858338886111111,2.654383898,0.02307946,0.896014571,0.613666117,84.38049316,303.2544861,998.0155029,20.71257973,20.60139084,20.23616028,27.16068077,32.47608948,59.79100037,48.00329971,2.319999933,0.0562442422
0.1444605947,0.1389147997,0.1027456999,0.1052139044,0.10238169429999999,0.0370158315,0.6064010143,0.02855852763888889,2.634350061,0.227764904,0.909947872,0.52764082,84.38049316,300.0566101,998.0167236,20.71594048,20.59608078,20.23616028,27.19465065,32.25061035,59.75074005,47.85990143,2.192500114,0.056244367399999995
0.1437325001,0.1382756948,0.10198860169999999,0.1046604037,0.10180790420000001,0.0369190186,0.5978178977999999,0.028536694833333334,2.614315987,0.558098912,0.926599324,0.495488912,84.38049316,291.4796143,998.0178223,20.71929932,20.59078026,20.23616028,27.22863007,32.02513885,59.71047974,47.71649933,2.224999905,0.0562445223
0.1432582021,0.1379591942,0.1016072035,0.104145503,0.1012341022,0.0366685212,0.7115436077,0.028524750611111108,2.594281912,-0.022936059,0.929131389,0.426001996,84.38049316,277.1607056,998.0189819,20.72266006,20.5854702,20.23616028,27.26259995,31.79965973,59.67023087,47.5730896,2.117500067,0.056244659399999994
0.14256930350000002,0.13728009459999999,0.1010707974,0.1036306024,0.10066020490000001,0.0368348211,0.816691494,0.028515472416666666,2.574248075,-0.246814504,0.91619581,0.338084191,100.1024017,270.1487122,998.0200806,20.72602081,20.58016968,20.16555023,27.29657936,31.57419014,59.62997055,47.42967987,2.0625,0.0562448025
0.1420120955,0.13670330049999999,0.1004269958,0.10312730070000001,0.1000864029,0.0367815405,0.600680685,0.02851613786111111,2.554214001,0.592908382,0.899672985,0.262425005,105.3430023,263.6169128,998.0213013,20.72937965,20.57486916,20.14201927,27.33054924,31.34870911,59.58971024,47.28628159,2.202500105,0.0562449396
0.1415321946,0.1364351988,0.0997832775,0.10262780190000001,0.0996246219,0.0369020998,0.5727838993,0.02850225025,2.534069061,0.315265894,0.88691628,0.239472896,105.3430023,253.9860992,998.0223999,20.73273087,20.57444,20.14201927,27.36453056,31.12322998,59.54946136,47.14287949,2.201250076,0.056245082599999996
0.14116189480000002,0.13603539469999998,0.0995150506,0.10212830310000001,0.09920017119999999,0.03697007,0.714404583,0.02847441566666667,2.513886929,0.165179104,0.875414789,0.189089805,105.3430023,243.5881958,998.0236206,20.73609924,20.57564926,20.14201927,27.39850044,30.89776039,59.50920105,46.99946976,2.136250019,0.0562452197
0.1408280969,0.1355666995,0.09906802179999999,0.10162889959999999,0.0985874176,0.036986729499999996,0.6571842194,0.02845391591666667,2.493705988,0.097347967,0.865784526,0.163407102,78.12088013,239.9073944,998.0247192,20.73945045,20.57685089,20.23615074,27.43247986,30.67227936,59.46894836,46.88650131,2.172499895,0.0562453628
0.1404943943,0.135215497,0.0986388624,0.10112940070000001,0.0981360018,0.0368691087,0.6393027782,0.028446638305555553,2.473524094,-0.05619593,0.856777906,0.150806502,69.04683685,241.5482025,998.0258789,20.74282074,20.57805061,20.26753044,27.46644974,30.44680977,59.42869186,46.78367996,2.227499962,0.0562454998
0.1401605964,0.13470029830000002,0.0982494414,0.10072419640000001,0.0977592885,0.036837470500000004,0.6593298912,0.028424750444444445,2.453341961,0.052763011,0.847771227,0.193450406,69.04683685,240.6549988,998.0269775,20.74617004,20.57925987,20.26753044,27.50042915,30.22133064,59.38843918,46.68085098,2.359999895,0.056245642900000004
0.1396494985,0.134117198,0.0978600085,0.10035059449999999,0.0973825693,0.036849421300000004,0.7265638828000001,0.028362193638888887,2.433160067,0.132157594,0.838764608,0.167025104,69.04683685,234.747406,998.0281982,20.74953079,20.58045959,20.26753044,27.53440094,29.99584961,59.34817886,46.57802963,2.160000086,0.05624578
0.1389400005,0.1334329963,0.0975301921,0.0999768972,0.097005862,0.0365948111,0.7172656059,0.02826713986111111,2.420450926,0.390726507,0.829757988,0.208968699,69.04683685,230.228302,998.0294189,20.75289917,20.58167076,20.26753044,27.56838036,29.77038002,59.30791855,46.47520065,2.005000114,0.0562459171
0.1381842017,0.1327150941,0.097220248,0.0996032298,0.0966291428,0.036251339300000004,0.6385875225000001,0.02814624997222222,2.410233021,0.924314976,0.82615447,0.224354893,84.26264954,226.5973053,998.0305176,20.75625038,20.58287048,20.07926941,27.58632088,29.54490089,59.29803848,46.3723793,2.069999933,0.056246060099999995
0.13742849829999998,0.1321660995,0.0968208909,0.0992866993,0.0963232815,0.0359078705,0.5942417145000001,0.028072776805555557,2.400013924,0.119640298,0.836765528,0.220052004,89.3345871,226.614502,998.0316772,20.75960922,20.58407021,20.01651955,27.59892082,29.3194294,59.29827881,46.26955032,2.414999962,0.0562461972
0.1368427992,0.1315122962,0.0963917315,0.0989892125,0.0960410297,0.0357515693,0.7201265812,0.028058861638888887,2.389795065,-0.219038293,0.85151428,0.215748996,89.3345871,231.5110016,998.0327759,20.76296997,20.58527946,20.01651955,27.6115303,29.09395027,59.29851913,46.16672897,2.220000029,0.056246340299999996
0.136313796,0.1311282039,0.095819509,0.0986917198,0.09575877790000001,0.0356576502,0.5541872978,0.028051889194444443,2.379576921,-0.221541703,0.853971183,0.192559794,89.3345871,237.6284943,998.0339966,20.76633072,20.58647919,20.01651955,27.62413025,28.86846924,59.29875946,46.06389999,2.232500076,0.056246477399999995
0.1360684037,0.1308516979,0.0954767823,0.0981689513,0.095476532,0.035563740100000005,0.7179862022,0.028024749749999998,2.369358063,-0.04701668,0.852330923,0.182599604,89.3345871,235.2196045,998.0350952,20.76968956,20.58768082,20.01651955,27.63673019,28.64299965,59.29899979,45.96107864,2.434999943,0.0562466204
0.135682404,0.1305752993,0.0952264428,0.0978601277,0.0951942921,0.0356492013,0.6972403049,0.028017444611111112,2.359139919,-0.169923306,0.850690484,0.140659899,72.05129242,229.9685059,998.0363159,20.77305031,20.58889008,20.04005051,27.64933014,28.41752052,59.29924011,45.85824966,2.137500048,0.0562467575
0.1354043961,0.1302989006,0.0951370299,0.097647649,0.0949120402,0.0354916692,0.6300044060000001,0.028010832472222223,2.348921061,-0.176479995,0.849050224,0.085891053,66.29019165,228.3134003,998.0374146,20.77640915,20.5900898,20.04896927,27.66193962,28.19205093,59.29948044,45.75542831,2.230000019,0.056246900600000004
0.1351886034,0.13002239470000002,0.0951012671,0.0974351823,0.0946297884,0.0352331996,0.6292891026,0.027995611833333333,2.338702917,-0.204375401,0.847409785,0.109143399,66.29019165,227.8571014,998.0385742,20.7797699,20.59129906,20.05039978,27.67453957,27.9665699,59.29972076,45.65259933,2.082499981,0.05624703760000001
0.1348168015,0.1295804977,0.0949492812,0.0972226977,0.0943475425,0.0351524413,0.6607604027,0.02796844483333333,2.328484058,-0.2400195,0.845769525,0.125190705,66.29019165,222.6746063,998.0396729,20.78313065,20.59250069,20.05182076,27.68713951,27.74109077,59.29996109,45.5497818,2.085000038,0.056247180699999996
0.13439300059999998,0.1290835023,0.09475852850000001,0.097010231,0.09415196179999999,0.0348692298,0.6636213779,0.027960832388888888,2.318265915,0.165179104,0.855036914,0.113058597,57.02787018,223.5522003,998.0408936,20.78648949,20.59370041,20.05324936,27.69973946,27.51561928,59.30018997,45.44696045,2.319999933,0.056247317799999995
0.1340909004,0.1288400054,0.0943353176,0.09679775830000001,0.0939852595,0.0347212613,0.5026888847000001,0.027954889944444443,2.30696702,0.474531889,0.876974225,0.168988496,53.94042969,226.9750061,998.0421143,20.78985023,20.59490967,20.05467033,27.71235085,27.29014015,59.3004303,45.37958908,2.269999981,0.0562474608
0.1338294029,0.1284157991,0.0941922724,0.09646222,0.09381855730000001,0.034647458799999996,0.5892348766,0.027949915999999998,2.29531002,1.139490962,0.897609711,0.147936299,53.94042969,223.7415924,998.0432129,20.79320908,20.59610939,20.05610085,27.72495079,27.06467056,59.30067062,45.3240509,2.057499886,0.0562475979
0.1331485987,0.12790319919999998,0.0939180911,0.0962870002,0.093651849,0.0345736504,0.5831552029,0.027930028694444442,2.283652067,0.914659321,0.903911114,0.139760807,53.94042969,224.8191986,998.0443726,20.79656982,20.59730911,20.05752945,27.73755074,26.83918953,59.30091095,45.26850128,2.089999914,0.056247741
0.1326859951,0.127749002,0.0938555002,0.0963432312,0.0934851587,0.034134391,0.5130599976,0.027914473222222222,2.271994114,0.610194206,0.89771688,0.147163004,53.94042969,224.5579987,998.0454712,20.79993057,20.59852028,20.05895042,27.75015068,26.6137104,59.30115891,45.21295929,2.119999886,0.0562478781
0.1325947046,0.12744590039999998,0.093891269,0.0961571217,0.0933184624,0.033878588700000004,0.6049705029,0.027902111472222223,2.260334969,0.824774086,0.888790429,0.1545652,69.53251648,220.6130066,998.0465698,20.80328941,20.59972,20.06038094,27.76275063,26.38824081,59.3013916,45.15740967,2.299999952,0.056248021100000004
0.1323621988,0.1270532966,0.0935068071,0.09605808260000001,0.09315176010000001,0.0338139087,0.5770754814,0.02788974975,2.2525599,0.983682871,0.882529974,0.095420599,74.72987366,215.8307037,998.0477905,20.80665016,20.60092926,20.06180954,27.77536011,26.16275978,59.30162811,45.10187149,2.464999914,0.056248158199999995
0.1320544958,0.1270243049,0.0932326317,0.09584013820000001,0.0929850578,0.0337790102,0.5456041813,0.027879693777777777,2.246078968,0.90667218,0.877158284,0.071313798,74.72987366,216.6605988,998.0490112,20.81001091,20.60213089,20.06323051,27.78796005,25.93729019,59.30186844,45.04632187,2.477499962,0.056248301300000005
0.1319417,0.1268514991,0.09339951869999999,0.09556189179999999,0.0928881526,0.0336686701,0.5322527885,0.027858501,2.239598036,0.160887495,0.871786714,0.094249889,74.72987366,217.1815033,998.0501099,20.81336975,20.60333061,20.06465912,27.80056,25.71180916,59.30210876,44.99077988,2.327500105,0.0562484384
0.1318938017,0.12659029959999998,0.093274349,0.09547727110000001,0.0928145111,0.0335331887,0.5189013004,0.027825389444444446,2.233115911,0.429470092,0.866415024,0.02557868,74.72987366,216.9759979,998.0512695,20.8167305,20.60453987,20.06608963,27.81316948,25.48633003,59.30234909,44.93523026,2.38499999,0.0562485814
0.131753695,0.1264737964,0.0931774974,0.09545720220000001,0.0927408576,0.0333977193,0.5284379959,0.02778963936111111,2.226634979,0.138595,0.86039418,0.0,69.60899353,219.5249023,998.0524292,20.82008934,20.60573959,20.0675106,27.82576942,25.26086044,59.30258942,44.87968826,2.097500086,0.056248718499999996
0.1315827966,0.1264055014,0.0931357682,0.0954371214,0.09266722200000001,0.0333696395,0.5713533878,0.027769764794444443,2.218614101,0.459630609,0.867010474,0.033202522,67.90203094,220.7953033,998.0535889,20.82345009,20.60693932,20.06893921,27.83836937,25.03537941,59.30282974,44.82415009,2.222500086,0.0562488616
0.1315518022,0.1263370991,0.0930940628,0.0953734577,0.0925935686,0.0333773702,0.5413126945,0.02774923536388889,2.210078955,0.294046313,0.888683021,0.01106751,67.90203094,215.7496948,998.0546875,20.82681084,20.60815048,20.07036972,27.83577919,24.80990982,59.30307007,44.76860046,2.089999914,0.0562489986
0.1315673947,0.12626880410000002,0.0930523276,0.0952952802,0.092519927,0.0333041996,0.5076957226000001,0.027732016244444442,2.201545,-0.135352105,0.910877824,0.02080626,67.90203094,216.4331055,998.0559082,20.83016968,20.6093502,20.0717907,27.82813072,24.58443069,59.30331039,44.71305084,1.982499957,0.056249141700000005
0.1314015031,0.12620049719999998,0.0929167271,0.0952171028,0.0925015211,0.033385860899999995,0.5978178977999999,0.02771656036388889,2.193010092,-0.226429403,0.927479029,0.00693542,67.90203094,215.0211945,998.0571289,20.83353043,20.61055946,20.0732193,27.82048035,24.38998032,59.30355072,44.66527939,2.292500019,0.056249278800000004
0.1314069033,0.1261322021,0.09283326859999999,0.0951389074,0.0925015211,0.0333397001,0.5870890141,0.027701108719444444,2.184475899,-0.224641204,0.937954128,0.02464015,68.1182785,212.0675049,998.0582275,20.83688927,20.61175919,20.07464027,27.81282997,24.20587921,59.30379105,44.62009048,2.347500086,0.0562494218
0.1312649012,0.1260638952,0.09277763959999999,0.0951152921,0.0925015211,0.0333222985,0.6393026829,0.02768731011388889,2.179045916,0.241235793,0.946894884,0.05749369,68.19036102,212.2787018,998.0593262,20.84025002,20.61296082,20.07607079,27.80518913,24.02177048,59.30403137,44.57490158,2.112499952,0.056249558899999996
0.1312458038,0.1260429978,0.0927219987,0.0951098502,0.0925015211,0.033335420500000004,0.603539896,0.02766412735,2.174650908,-0.048327971,0.954966784,0.057258211,68.19036102,210.5588074,998.0604858,20.84361076,20.61417007,20.07749939,27.79752922,23.83765984,59.32170105,44.52970886,1.980000019,0.056249702
0.1312926054,0.12603789569999999,0.092851162,0.0951044083,0.0925015211,0.0332365394,0.569207716,0.027656514908333332,2.170255899,-0.145604298,0.962748826,0.01933644,68.19036102,210.5503998,998.0615845,20.8469696,20.6153698,20.07892036,27.78989029,23.65354919,59.34518051,44.48451996,2.042500019,0.056249851
0.1311771035,0.1258445024,0.0929256618,0.0950989723,0.0925015211,0.0331003308,0.6114078045,0.02764252132777778,2.165862083,0.407892913,0.970530987,-0.027470879,71.8809433,213.616394,998.0628052,20.85033035,20.61656952,20.14986992,27.78223991,23.46945,59.36865997,44.43933105,2.220000029,0.0562499821
0.13100739720000001,0.1257483006,0.0929614305,0.0951911986,0.0925015211,0.0328205407,0.5906652927,0.02762431038888889,2.161467075,-0.032353699,0.97185421,-0.054175101,73.11113739,217.4064941,998.0640259,20.85368919,20.61778069,20.17486954,27.77458954,23.28533936,59.39215088,44.39414978,2.097500086,0.0562501311
0.1308377981,0.1257053971,0.0929971874,0.0953159988,0.0925015211,0.0327385992,0.542027998,0.02760609732777778,2.156502962,-0.101734601,0.967612803,-0.01479398,73.11113739,215.7740021,998.0651245,20.85704994,20.61898041,20.17683029,27.76693916,23.10124016,59.41563034,44.34896088,2.039999962,0.0562502623
0.1306681991,0.1256623983,0.0930329621,0.09531059859999999,0.0925015211,0.0327385604,0.5620551109,0.027587884266666668,2.151349068,-0.183751807,0.969636977,0.0,73.11113739,210.4541016,998.0662842,20.86041069,20.62018967,20.17878914,27.7592907,22.91712952,59.4391098,44.30376816,2.160000086,0.056250411300000004
0.1304985046,0.1256194949,0.0928988516,0.09526181219999999,0.0926119804,0.032738518700000004,0.5835126877000001,0.027570412952777776,2.146194935,-0.230244204,0.979203582,0.050469559,73.11113739,206.1748047,998.0673828,20.86376953,20.62138939,20.18075943,27.75164032,22.73302078,59.46258926,44.25857925,2.132499933,0.056250542400000006
0.1305004954,0.1255764961,0.0928422213,0.09521300790000001,0.0926584125,0.0327384889,0.5978178977999999,0.027559157477777776,2.141041994,1.14104104,0.990461886,0.04459516,70.99758911,202.4512939,998.0686035,20.86713028,20.62258911,20.18272018,27.74398994,22.54891968,59.48608017,44.21339035,2.012500048,0.0562506914
0.1305595994,0.1256348968,0.0928302884,0.0951642215,0.09267123940000001,0.032738450200000005,0.6400179863,0.02753995047777778,2.1358881,0.931944788,0.998769879,0.048788998,70.29306793,202.4577026,998.0698242,20.87048912,20.62380028,20.18468094,27.73633957,22.36481094,59.50955963,44.16820908,2.234999895,0.0562508225
0.1308362007,0.12572710510000001,0.0931312978,0.0951395094,0.09268406030000001,0.0325612485,0.5971025944,0.027530843947222224,2.130733967,0.399667412,1.002897024,0.01317723,70.29306793,203.7073975,998.0709229,20.87384987,20.625,20.18663979,27.72868919,22.1807003,59.53303909,44.12302017,2.275000095,0.0562509716
0.130764997,0.1257501006,0.0930538118,0.0952515185,0.0928189516,0.0326924294,0.481946516,0.02752620908888889,2.125581026,0.38035509,1.005959034,-0.076866448,70.29306793,207.7303009,998.0720215,20.87721062,20.62619972,20.18860054,27.72104073,21.9965992,59.55651855,44.09972,2.357500076,0.0562511027
0.1309165001,0.12596609590000002,0.0932266712,0.09540641899999999,0.09290983080000001,0.0325233787,0.42615652080000005,0.02750517951111111,2.120426893,0.72523278,1.005664945,-0.085536733,70.29306793,209.7216949,998.0731812,20.88056946,20.62741089,20.19055939,27.71339035,21.81249046,59.58000183,44.08370972,2.180000067,0.056251251700000005
0.1311890006,0.12611269949999998,0.0933041573,0.09547318219999999,0.0929724693,0.0326619387,0.5191398144,0.02748564402222222,2.115272999,0.073028907,1.004253983,-0.019971531,61.45798111,207.6728973,998.0742798,20.88393021,20.62861061,20.19252014,27.70573997,21.62837982,59.60348892,44.06771088,2.335000038,0.0562513888
0.1312571049,0.1259340048,0.0934829772,0.09551054839999999,0.0930351079,0.032580050799999996,0.6064010143,0.027468427022222224,2.110120058,0.177696303,1.002841949,-0.037347719,58.5129509,206.341095,998.0755005,20.88476944,20.62981033,20.1944809,27.6980896,21.44428062,59.62696838,44.05170059,2.109999895,0.0562515318
0.1310242057,0.12601790429999998,0.0935425818,0.0957783818,0.0931362927,0.0323748499,0.5856585979,0.027451207902777778,2.104965925,0.02641738,1.001430988,-0.087144688,58.5129509,212.9031982,998.0767212,20.88476944,20.63101959,20.19644928,27.69043922,21.29161072,59.65045166,44.03570175,1.987499952,0.056251668899999996
0.1310866952,0.12622040510000002,0.0935783386,0.0958964586,0.0932503223,0.0324396193,0.4912447929,0.02744590759166667,2.099812984,-0.0333074,1.000018954,-0.062246211,58.5129509,212.8117065,998.0778198,20.88476944,20.63221931,20.19841003,27.68279076,21.14944077,59.67393112,44.0196991,2.332499981,0.056251812
0.1312736034,0.1262959957,0.0936260283,0.09593902829999999,0.093364352,0.0325943798,0.4629921913,0.027429184383333333,2.09681797,0.642738819,0.998607576,-0.01244924,58.5129509,204.113205,998.0789795,20.88476944,20.63343048,20.20037079,27.67514038,21.00724983,59.69741058,44.00368881,2.210000038,0.0562519491
0.1313838959,0.1263293982,0.09367371199999999,0.0959815919,0.0934783697,0.0325508088,0.46156167979999996,0.02740732828888889,2.09454298,0.195577905,0.988663077,0.0,56.12976074,198.6965027,998.0800781,20.88476944,20.6346302,20.20232964,27.66749001,20.86507034,59.72089005,43.98767853,2.355000019,0.0562520921
0.1314687967,0.126542902,0.0937929213,0.0960740924,0.0935923874,0.0324411213,0.5534719944,0.02740683237777778,2.09226799,0.121667102,0.968685687,-0.02574423,55.33536148,200.8728027,998.0812988,20.88476944,20.63582993,20.20429039,27.65983963,20.72289085,59.74438095,43.97167969,2.373749971,0.056252229200000003
0.13166689869999998,0.1266834021,0.0939359784,0.09618324040000001,0.0937064171,0.0325830996,0.474793911,0.0273935869,2.089993,0.195697099,0.959401488,-0.00858141,55.33536148,205.0088043,998.0825195,20.88476944,20.63703918,20.20624924,27.6300106,20.58070946,59.76786041,43.9556694,2.298749924,0.0562523723
0.1317258,0.126779604,0.094071883,0.0962923884,0.0938204527,0.0326043814,0.4619193077,0.02738663143611111,2.08771801,-0.030446321,0.954480529,-0.092076004,55.33536148,211.6183014,998.0836182,20.88476944,20.63824081,20.20820999,27.5927906,20.43852997,59.79133987,43.93967056,2.167500019,0.0562525094
0.1318552971,0.1270545006,0.0942053974,0.0964015305,0.0939344704,0.0325574607,0.4461836815,0.027394911447222225,2.08544302,-0.022697611,0.958802521,-0.054524601,68.29501343,211.6338043,998.0847168,20.88476944,20.63944054,20.21017075,27.5555706,20.29635048,59.81481934,43.92366028,2.347500086,0.056252652400000006
0.13210749630000002,0.1272027969,0.0943389177,0.0965106785,0.0940485001,0.03272506,0.491960001,0.02739789115,2.083168983,0.281648308,0.966205478,-0.029322119,72.61488342,204.7756042,998.0858765,20.88476944,20.6406498,20.21213913,27.5183506,20.15416908,59.83831024,43.90766144,2.217499971,0.0562527895
0.1320767999,0.1271569014,0.0944724321,0.0966198325,0.0941625178,0.0327959508,0.5398821831,0.027456501855555555,2.080893993,0.250176609,0.973608375,-0.026049219,72.61488342,199.4181061,998.0869751,20.88476944,20.64184952,20.21409988,27.4811306,20.01198959,59.8617897,43.89165115,2.232500076,0.0562529325
0.131942904,0.1270670056,0.0946059525,0.09672896859999999,0.0942765474,0.0324966908,0.4533361912,0.027579358419444446,2.078619003,-0.100304,0.98101151,-0.041663211,72.61488342,201.0612946,998.0881958,20.88476944,20.64306068,20.21606064,27.4439106,19.8698101,59.88526917,43.8756485,2.057499886,0.056253069600000004
0.1321176052,0.12732750180000002,0.0946393311,0.0969064474,0.0943905771,0.032459271,0.4383159161,0.027772738138888888,2.076344013,0.193551302,0.986309826,-0.01178516,72.61488342,204.7082977,998.0894165,20.88476944,20.64426041,20.21801949,27.4066906,19.72763062,59.86529922,43.85964966,2.057499886,0.0562532127
0.13239510059999998,0.12743810419999999,0.0947823822,0.0969287574,0.0945046008,0.032544019800000004,0.525577116,0.027889304694444443,2.074069023,0.170305103,0.990906477,0.0,74.88922119,203.3348999,998.0905151,20.86828041,20.64546013,20.21998024,27.3694706,19.58544922,59.83084106,43.84363937,2.275000095,0.0562533498
0.1324798942,0.12745989559999998,0.0948658288,0.0970559716,0.09465439919999999,0.032628759699999996,0.4862380981,0.02792538961111111,2.071794033,0.02296024,0.995503306,0.0,75.64733887,204.4888,998.0916748,20.86177063,20.64666939,20.22193909,27.3322506,19.44326973,59.79639053,43.82764053,2.325000048,0.056253492800000006
0.13250039819999998,0.127481699,0.095074451,0.09723790289999999,0.0948161185,0.032412400800000005,0.4554820061,0.02792638991666667,2.069519043,-0.126530498,0.996784627,-0.01937741,75.64733887,207.0429993,998.0927734,20.86042023,20.64786911,20.22389984,27.29503059,19.30109024,59.76192856,43.81163025,2.102499962,0.056253629900000005
0.1325209975,0.12734019759999998,0.0953367114,0.0974198401,0.09497783779999999,0.032095679599999996,0.4955362797,0.027903221972222222,2.067245007,0.449735999,0.99696058,-0.058638129,75.64733887,209.5971985,998.0939941,20.85906029,20.64907074,20.2258606,27.25781059,19.15891075,59.72748184,43.79563141,2.315000057,0.05625377299999999
0.13233180049999999,0.1271443009,0.0955989778,0.0976017773,0.09513956900000001,0.0317789495,0.5999637126999999,0.0278740565,2.064970016,0.259713501,0.997136712,-0.079485454,75.64733887,213.1567993,998.0950928,20.85770035,20.65028,20.22783089,27.22059059,19.04763031,59.69301987,43.77962112,2.289999962,0.056253910100000006
0.1320729017,0.1270616055,0.0957241476,0.097911191,0.09530128839999999,0.031462219400000005,0.5141329765,0.027869777666666668,2.06317997,0.025702089,0.997312725,-0.062092461,52.04114914,212.1210022,998.0963135,20.85634995,20.65147972,20.22978973,27.18337059,18.94664955,59.68833923,43.76361847,2.369999886,0.056254047200000004
0.1319733024,0.1272192001,0.0958036184,0.0980508626,0.0954630077,0.0313675612,0.447614193,0.02785288916666667,2.061553001,-0.02484341,0.997488797,-0.034495808,44.1724205,204.6461029,998.0974121,20.85499001,20.65269089,20.23175049,27.14615059,18.84568024,59.69358826,43.74760818,2.477499962,0.0562541902
0.1322232008,0.12744450570000002,0.0958831012,0.0981197894,0.09562473299999999,0.0313469291,0.3911089897,0.027839944638888888,2.059926033,-0.162651494,0.997664928,-0.00689916,44.1724205,198.2648926,998.0985718,20.85363007,20.65389061,20.23370934,27.10893059,18.74469948,59.69884109,43.73160934,2.305000067,0.0562543273
0.1325719953,0.1277644992,0.0957777917,0.0981887221,0.0957864523,0.0316590309,0.42258028980000006,0.027817777000000002,2.058299065,-0.033307411,0.997841001,0.0,44.1724205,194.8928986,998.0996704,20.85227966,20.65509033,20.23567009,27.07171059,18.64373016,59.70407867,43.71559906,2.299999952,0.056254470300000005
0.1329206944,0.1281159997,0.0960400522,0.09825764890000001,0.09594817759999999,0.03172445,0.4511905193,0.0278022215,2.056672096,-0.175764695,0.998017073,0.0,66.22662354,196.6869965,998.1008911,20.85091972,20.65629959,20.47149086,27.03449059,18.5427494,59.70933151,43.69960022,2.424999952,0.056254607400000003
0.1331308961,0.1279796958,0.0964453697,0.09844030740000001,0.0961087525,0.0316706687,0.4898142815,0.027780361166666667,2.055043936,-0.160267204,0.998193085,-0.03083301,73.57801819,203.1932068,998.1021118,20.84956932,20.65749931,20.54994011,26.99727058,18.44177055,59.71456909,43.68358994,2.099999905,0.05625475049999999
0.13291130069999998,0.1276808023,0.096667397,0.0986608922,0.0962689281,0.0313167989,0.535590601,0.0277671157,2.053416967,-0.162889898,0.998369217,-0.01027767,73.57801819,210.7743988,998.1032104,20.84820938,20.65870094,20.54994011,26.94191933,18.34079933,59.71981812,43.66759109,2.242500067,0.056254887600000004
0.1328243971,0.1284456968,0.0968283415,0.0990485191,0.0964291096,0.0308628798,0.6028245926,0.02775039248888889,2.051789999,-0.121762,0.998545229,0.0,73.57801819,216.1784973,998.1043701,20.84684944,20.6599102,20.54994011,26.88051987,18.23982048,59.72505951,43.65158081,2.075000048,0.0562550306
0.1327491999,0.1280351043,0.0969892681,0.0993220627,0.0965892911,0.031410259,0.542027998,0.02773118972777778,2.050163031,-0.128497496,0.998721302,-0.042203508,73.57801819,220.8569031,998.1055298,20.84550095,20.65932083,20.54994011,26.81912994,18.13884926,59.73030853,43.63557816,2.282500029,0.0562551677
0.1324890971,0.1274158001,0.0971502125,0.0993371129,0.0967494726,0.030868449799999996,0.4898142815,0.027720425925,2.048535109,-0.160207599,0.998897374,-0.03710518,73.55476379,222.5139008,998.1066895,20.8441391,20.65813065,20.36166954,26.75773048,18.03787041,59.73556137,43.61957932,2.147500038,0.0562553108
0.1321756959,0.1272506952,0.09719043969999999,0.0994391978,0.0969096482,0.030225339499999997,0.5348753929,0.027720425925,2.046907902,0.09150663,0.998797417,-0.069552191,73.52375793,218.8119049,998.1077881,20.84277916,20.65695,20.29891014,26.69634056,17.93689919,59.74079895,43.60356903,2.055000067,0.0562554479
0.1321203947,0.1272035003,0.09729772810000001,0.0995927513,0.0970698416,0.02992616,0.5709958076,0.027707178327777776,2.045280933,0.089003198,0.998605311,-0.071041264,73.49275208,213.6591949,998.1088867,20.84143066,20.65575981,20.29891014,26.63495064,17.83592033,59.74605179,43.58757019,2.035000086,0.0562555909
0.1321513057,0.12736530299999999,0.0974944174,0.0997462928,0.09723001719999999,0.029700169,0.5953145027,0.027675719791666668,2.043653965,-0.037241358,0.998413086,-0.055766359,73.46174622,208.5066071,998.1101074,20.84007072,20.65457916,20.29891014,26.57354927,17.73494911,59.75128937,43.57155991,2.059999943,0.056255728000000005
0.1324669957,0.127867806,0.0975301921,0.0998998404,0.0973901987,0.0298055202,0.44475321770000004,0.027654361725000003,2.042247057,-0.157763794,0.99822098,-0.01298691,73.43074036,205.7093964,998.1113281,20.83871078,20.65339088,20.29891014,26.51215935,17.63397026,59.75653839,43.55556107,2.152499914,0.0562558711
0.1325696945,0.128460598,0.0977164626,0.1000534058,0.0975503922,0.030021318800000002,0.38181068900000004,0.027637803819444445,2.040913105,-0.207057595,0.998028874,-0.089754522,52.18204117,206.8480072,998.1124268,20.83736038,20.6522007,20.27537918,26.45076942,17.5329895,59.76179123,43.53955078,2.13499999,0.0562560081
0.1334288955,0.128797102,0.0979727626,0.1002068996,0.0977105677,0.030420941099999998,0.3675055981,0.027633664872222224,2.039580107,-0.233522505,0.997836828,-0.048466969,45.10173035,210.8090973,998.1135864,20.83600044,20.65102005,20.26753044,26.38936996,17.45245934,59.76702881,43.5235405,2.172499895,0.05625615120000001
0.1340245008,0.1290480971,0.0982290626,0.1003605008,0.0978707492,0.0305456489,0.4229379177,0.027669425541666667,2.038247108,-0.234774202,0.997644722,-0.006182932,45.10173035,211.7973938,998.1146851,20.83465004,20.64982986,20.26753044,26.32798004,17.37873077,59.77228165,43.50754166,2.242500067,0.0562562883
0.1342327952,0.12932720179999999,0.09848536249999999,0.1005139947,0.0980309308,0.030558291100000003,0.5016160011,0.027726052602777777,2.036912918,-0.184347898,0.997452617,-0.048581742,45.10173035,214.8146057,998.1159058,20.8332901,20.64864922,20.26753044,26.26659012,17.30500984,59.77751923,43.50405884,2.25999999,0.0562564313
0.13437319990000002,0.1296156049,0.0984600306,0.1008070946,0.0981723428,0.030768820600000003,0.431163311,0.02779063966666667,2.03557992,-0.178506598,0.997260511,-0.01619391,45.10173035,215.7265015,998.1171265,20.83193016,20.64746094,20.26753044,26.20519066,17.23127937,59.78276825,43.5047493,2.387500048,0.0562565684
0.1347990036,0.1301396012,0.0985464573,0.1009515047,0.0983074725,0.0310453206,0.5127025127,0.027871750722222224,2.034245968,0.447470903,0.997068405,-0.067499429,57.22694016,215.5791931,998.1182251,20.83057976,20.64627075,20.26753044,26.14380074,17.15756035,59.73146057,43.50543976,2.204999924,0.0562567115
0.1353199959,0.1307422996,0.0987014472,0.1010308027,0.0984426081,0.031463781,0.569207716,0.027941972944444445,2.03291297,-0.01471045,0.996876419,-0.047117662,61.26866913,215.4319,998.1193237,20.82921982,20.6450901,20.26753044,26.08241081,17.08383942,59.66128922,43.50613022,2.190000057,0.0562568486
0.1357352972,0.13099479679999998,0.0993302822,0.10111019610000001,0.0985777617,0.0314194888,0.5627704144,0.02801455602777778,2.031579018,-0.197580293,0.996684313,-0.034953091,61.26866913,215.2846069,998.1204834,20.82786942,20.64389992,20.26753044,26.02100945,17.01011086,59.59112167,43.50682068,2.059999943,0.05625699159999999
0.13583639860000002,0.1311308026,0.0994375706,0.1015462995,0.0987999618,0.0315755904,0.49947018620000005,0.028089722527777777,2.030246019,0.134780303,0.996492088,-0.102999002,61.26866913,217.8157959,998.121582,20.82650948,20.64271927,20.26753044,25.95961952,16.93638992,59.52095032,43.50751114,1.987499952,0.056257128700000006
0.1359837055,0.1312667012,0.09956871269999999,0.101778996,0.0990512013,0.031466200900000005,0.4207921982,0.028164916555555558,2.028912067,0.03893454,0.996299982,-0.054452159,71.36546326,216.7527008,998.1228027,20.82514954,20.64152908,20.26753044,25.89822006,16.86265945,59.45079041,43.50820923,2.287499905,0.056257271799999994
0.13617739680000002,0.1313907027,0.0997832894,0.1019042969,0.099302417,0.0315030605,0.41614289280000005,0.028240083055555556,2.027579069,-0.1915005,0.997882903,-0.048311751,74.73105621,214.1938019,998.1240234,20.82379913,20.64034081,20.26753044,25.83683014,16.82036972,59.38061905,43.50889969,2.337500095,0.05625740890000001
0.1365447044,0.1315107942,0.0999978721,0.10202959780000001,0.0995536625,0.0314624906,0.4082750797,0.02831250086111111,2.026245117,-0.021267081,1.000056982,-0.071676627,74.73105621,211.634903,998.1251221,20.82243919,20.63916016,20.26753044,25.77544022,16.78856087,59.31045914,43.50959015,2.462500095,0.0562575519
0.13645190000000001,0.1315000057,0.1002125025,0.1022240043,0.09975780840000001,0.0313654512,0.4554820061,0.028390000666666665,2.024912119,-0.149180606,1.002231956,-0.068361178,74.73105621,211.7201996,998.1262817,20.82107925,20.63796997,20.26753044,25.71404076,16.75675011,59.2402916,43.51028061,2.172499895,0.056257689
0.1366579056,0.1317916989,0.1003018975,0.10244139430000002,0.09994627240000001,0.0312684208,0.4855226994,0.028464499583333334,2.023577929,-0.231793895,1.004405975,-0.109068699,74.73105621,211.1595001,998.1273804,20.81973076,20.63678932,20.26753044,25.65265083,16.72493935,59.17012024,43.51097107,2.105000019,0.0562578321
0.1370210052,0.1321987033,0.10034960509999999,0.10265879630000001,0.10013469459999999,0.0314709991,0.44260740280000005,0.02852394527777778,2.022280931,-0.113774903,1.004112959,-0.07728456,59.13574982,210.0897064,998.1286011,20.81837082,20.63559914,20.26753044,25.59126091,16.69313049,59.09996033,43.51166153,2.232500076,0.0562579811
0.1374361038,0.132605803,0.1005403042,0.1027984023,0.1003232002,0.0317734599,0.3796648979,0.02857888963888889,2.020997047,0.247315601,1.002997041,-0.01545691,53.93730927,201.9069061,998.1298218,20.81701088,20.63441086,20.26753044,25.52985954,16.66131973,59.02978897,43.51234818,2.142499924,0.0562581182
0.1378685951,0.1330127954,0.10077869889999999,0.1029119015,0.10054969789999998,0.0318194896,0.3660749912,0.02864530563888889,2.019711971,0.528176904,1.001881003,-0.044690911,53.93730927,200.123703,998.1309204,20.81566048,20.63323021,20.26753044,25.46846962,16.62951088,58.95962143,43.51303864,2.190000057,0.056258261200000007
0.13830100299999998,0.13341979980000002,0.101285398,0.1032191992,0.1007887959,0.0317800403,0.43330907820000003,0.028686695111111108,2.018426895,0.001144655,1.000764966,-0.01489697,53.93730927,206.8085022,998.132019,20.81430054,20.63204002,20.26753044,25.4070797,16.59770012,58.8838501,43.5137291,2.227499962,0.0562583983
0.138577199,0.13362200259999998,0.1015952945,0.103591001,0.1010280013,0.0319007188,0.4898142815,0.028739333694444445,2.017142057,-0.192096502,0.991430998,0.0,53.93730927,215.3414001,998.1331787,20.81295013,20.63085938,20.26753044,25.34568024,16.56588936,58.80620956,43.514431,2.211250067,0.0562585413
0.1388013959,0.1337558985,0.101809895,0.1038709998,0.1012670994,0.0318300486,0.5055499077000001,0.02853172302777778,2.015856981,0.041676369,0.973177612,0.0,68.77220154,223.8742981,998.1342773,20.81159019,20.62966919,20.29107094,25.28429031,16.53406906,58.7285614,43.51512146,2.186249971,0.0562586784
0.1386458039,0.1337141037,0.1020244956,0.10412030219999999,0.1015063047,0.0316778094,0.4629921913,0.028317472666666666,2.014573097,0.381904811,0.959301412,-0.070040546,73.71717072,230.9788971,998.135498,20.81023026,20.62849045,20.29347992,25.23811913,16.50226021,58.75101089,43.51580811,2.277499914,0.0562588215
0.13850959540000002,0.13361370560000002,0.1022390008,0.1043694973,0.1017747045,0.0314154506,0.4043412209,0.028274750166666664,2.013288021,0.457246304,0.94757098,-0.090143703,73.71717072,231.5713959,998.1367188,20.80887985,20.62730026,20.28623962,25.19702911,16.47044945,58.80683899,43.51649857,2.332499981,0.0562589586
0.1384222984,0.13351329569999998,0.1024536014,0.10461879970000001,0.1020529032,0.0311163992,0.35749199389999997,0.028314834166666667,2.012002945,1.028625011,0.931763589,-0.1071712,73.71717072,225.2579041,998.1378174,20.80751991,20.62611008,20.27899933,25.1559391,16.48077965,58.76916122,43.51718903,2.144999981,0.05625910160000001
0.13842669729999998,0.1335062981,0.10266820189999999,0.1048681021,0.10233110190000001,0.0308173388,0.3403258085,0.02838238822222222,2.010718107,0.568470299,0.926463485,-0.080034398,73.71717072,217.3130035,998.1389771,20.80615997,20.62492943,20.27176094,25.11483955,16.50515938,58.7003212,43.51787949,2.342499971,0.056259238700000005
0.1384618044,0.1335304976,0.1028828025,0.1051174045,0.10260920520000001,0.0306463212,0.36822080609999996,0.028455221388888886,2.009433031,0.027132619,0.934377909,-0.086851411,65.63082886,209.368103,998.1400757,20.80480957,20.62373924,20.26452065,25.07374954,16.52953911,58.63148117,43.51856995,2.38499999,0.056259381799999994
0.1384968042,0.1335548043,0.10322250129999999,0.10536669489999999,0.102887404,0.030328691,0.4683567047,0.02853602727777778,2.008147955,0.155523002,0.945378721,-0.092159539,62.93537903,204.1997986,998.1412964,20.80344963,20.6225605,20.25728035,25.03265953,16.5539093,58.56264114,43.51926041,2.444999933,0.056259518900000006
0.1386422038,0.1338449001,0.1034250975,0.105606401,0.1031656027,0.0300750792,0.4468988895,0.028588693416666665,2.006864071,-0.082183972,0.944116175,-0.02298571,62.93537903,199.9568939,998.1425171,20.80209923,20.62137032,20.25003052,24.99155998,16.57829094,58.49380112,43.51995087,2.154999971,0.0562596619
0.13882429599999999,0.1341169953,0.10396159890000001,0.10584299559999999,0.10344380140000001,0.029863849300000002,0.4898141861,0.02858736038888889,2.005578995,-0.079680517,0.931234419,0.0,62.93537903,198.1582947,998.1436157,20.80073929,20.62018013,20.24279022,24.95046997,16.60265923,58.42496872,43.52064896,2.057499886,0.056259799
0.1390064001,0.13435349459999998,0.10407489539999999,0.10631680489999999,0.10372190480000001,0.029975149,0.4132819176,0.02854761125,2.004293919,0.33076331,0.922708273,-0.044730339,69.78507996,205.1347961,998.1447144,20.79937935,20.61899948,20.23554993,24.90937996,16.62704086,58.35612869,43.52133942,1.985000014,0.0562599421
0.1393686056,0.1345900059,0.10425369739999998,0.10644570589999999,0.1040001035,0.030032318800000003,0.3446172953,0.028491999305555554,2.003009081,0.084353961,0.911936402,-0.033901419,72.0683136,217.5381927,998.145874,20.79803085,20.6178093,20.22830963,24.86828041,16.65142059,58.28728867,43.52202988,2.349999905,0.056260079100000006
0.13959230179999998,0.1348266006,0.1045158982,0.10668230059999999,0.1042783022,0.030035620899999997,0.38181059359999997,0.028296610527777776,2.002440929,0.201300099,0.899652898,-0.090202861,72.0683136,223.7490997,998.1469727,20.79667091,20.61663055,20.22106934,24.8271904,16.67579079,58.27893829,43.52272034,2.119999886,0.0562602222
0.1399739027,0.1355373025,0.10473350290000001,0.1070019007,0.10455650089999999,0.0301120907,0.3467631102,0.028135999055555555,2.002111912,-0.096489258,0.887369394,-0.027957469,72.0683136,227.5877075,998.1481934,20.79530907,20.61544037,20.21383095,24.78610039,16.70017052,58.29076004,43.5234108,2.202500105,0.05626035929999999
0.1408259034,0.1364061952,0.10493609909999999,0.10721000430000001,0.1048346043,0.0305207193,0.36822080609999996,0.028054860444444444,2.001784086,-0.055480659,0.888284326,-0.100604698,72.0683136,226.7718964,998.1494141,20.79396057,20.61425018,20.20659065,24.74500084,16.72455025,58.30257034,43.52410126,2.037499905,0.0562605023
0.1414199948,0.1369263053,0.10527290110000001,0.10738090280000001,0.105112803,0.0310319513,0.38753271100000003,0.02800419488888889,2.001455069,-0.182201996,0.893598676,-0.00485025,55.75973892,224.4046021,998.1505127,20.79260063,20.61306953,20.29891014,24.70391083,16.74892044,58.31438065,43.52479172,1.952499986,0.0562606394
0.1418841004,0.13733019829999998,0.10565439459999999,0.10768610240000001,0.1053910017,0.0312242597,0.4497600079,0.027992610944444444,2.001126051,-0.219395906,0.898913085,0.034386199,50.32353973,223.7082977,998.1516724,20.79124069,20.61187935,20.33028984,24.66282082,16.77330017,58.32619858,43.52548981,2.234999895,0.056260782499999995
0.14234830140000002,0.13773410319999999,0.1060359001,0.1080360055,0.10566910510000001,0.0313102603,0.4569125175,0.027975722416666664,2.000797033,0.282721311,0.904227614,0.008274885,50.32353973,227.7266998,998.152771,20.78989029,20.61070061,20.33028984,24.6217308,16.7976799,58.33800888,43.52618027,2.352499962,0.0562609196
0.14269720319999998,0.1379004002,0.1063279986,0.10838600400000001,0.10594730379999999,0.0313962609,0.5127024174,0.027955222666666665,2.000468016,-0.069666751,0.899215281,0.0,50.32353973,233.1309052,998.1539917,20.78853035,20.60951042,20.33028984,24.58062935,16.86702919,58.34983063,43.52655029,2.089999914,0.0562610626
0.14282120469999998,0.1379874945,0.1065901995,0.10864310260000001,0.1062255025,0.031300959,0.4705023766,0.027946277194444445,2.000138998,-0.244907096,0.890760899,-0.037641112,50.32353973,234.040802,998.1550903,20.78717995,20.60832024,20.33028984,24.55410004,16.95138931,58.36164093,43.52682877,2.05250001,0.0562611997
0.1428832054,0.13800929779999999,0.1068524957,0.108869195,0.1065037012,0.031145229899999998,0.43903107639999994,0.027932527333333335,1.999811053,0.1607683,0.884935081,-0.092944339,71.50396729,231.3724976,998.156311,20.78582001,20.60713959,20.30854988,24.53243065,17.0357399,58.37345886,43.52711105,2.220000029,0.0562613428
0.1429450989,0.1381088972,0.1071148038,0.10909539459999999,0.1067924023,0.0309895009,0.4054141045,0.027915971555555558,1.999482036,-0.08456818,0.879985392,-0.091229007,78.5641098,228.0108948,998.1574097,20.78446007,20.6059494,20.30120087,24.51075935,17.12010002,58.38526917,43.52738953,2.307499886,0.0562614799
0.1432577014,0.13847130540000002,0.10737700459999999,0.10938190219999999,0.10708479879999999,0.0308337688,0.403983593,0.02790886136111111,1.999153018,-0.140358895,0.875035822,-0.128881097,78.5641098,222.4147949,998.1586304,20.78310966,20.60477066,20.30106926,24.48908043,17.20445061,58.39707947,43.52766037,2.07249999,0.056261622899999995
0.1436925054,0.1389103055,0.10763930079999999,0.10968869919999999,0.1073771,0.030891609199999996,0.37465810780000003,0.02788450027777778,1.998824,-0.162234202,0.870086074,-0.091431841,78.5641098,216.0738068,998.159729,20.78174973,20.60358047,20.30093956,24.46740913,17.28879929,58.40890121,43.52793884,2.019999981,0.05626176000000001
0.1439913034,0.1391353965,0.10790150169999999,0.1099954009,0.10766940119999999,0.031020641300000002,0.41542768480000003,0.027853361777777776,1.998494983,-0.223031893,0.875715315,-0.07731849,78.5641098,209.7328033,998.1608887,20.78038979,20.60239029,20.30080032,24.44573021,17.37315941,58.42071915,43.52820969,2.157500029,0.0562618971
0.1442406058,0.1396150947,0.10814590449999999,0.1103021979,0.10796170229999999,0.0309357911,0.30813930030000003,0.02784061008333333,1.998165965,-0.231078595,0.89231658,-0.01959168,56.10660934,207.3130951,998.1619873,20.77903938,20.60120964,20.30067062,24.42406082,17.45750999,58.43252945,43.52848816,2.102499962,0.0562620401
0.1447713971,0.1402035952,0.1083843946,0.1106088996,0.1082540989,0.0310988694,0.3267359972,0.027823083666666668,1.997836947,-0.185420796,0.91140002,-0.076187328,48.62078094,207.9983063,998.163208,20.77767944,20.60001945,20.30054092,24.40237999,17.54186058,58.44433975,43.52877045,2.144999981,0.0562621772
0.14522470240000002,0.1407920003,0.10862280129999999,0.1109156013,0.10854640010000001,0.031547141099999995,0.4068446159,0.027808833638888888,1.997509003,0.070406303,0.915505588,-0.025395781,48.62078094,209.2828979,998.1644287,20.77633095,20.59884071,20.30039978,24.3807106,17.6262207,58.4561615,43.52904129,2.162499905,0.0562623203
0.1457988977,0.141255796,0.1091652036,0.1112223983,0.10883870120000001,0.031628269,0.3131462097,0.02779097238888889,1.997179985,0.156238198,0.903460503,0.0,48.62078094,211.8616028,998.1655273,20.7749691,20.59765053,20.30027008,24.35902977,17.71056938,58.4679718,43.52931976,2.182499886,0.0562624574
0.1464324951,0.141892004,0.10927250390000001,0.1115290999,0.1091310024,0.031922701,0.34604790209999997,0.02774923536388889,1.996850967,0.119759701,0.900409877,0.0,64.8979187,215.9329987,998.166687,20.77360916,20.59646988,20.30014038,24.33736038,17.79491997,58.47978973,43.52959061,2.099999905,0.056262600399999994
0.1470661998,0.1425994039,0.1095944047,0.11183409689999999,0.1094033003,0.032335639,0.2838206053,0.027725060780555554,1.99652195,-0.030327121,0.901597321,0.0,70.32363129,220.3580017,998.1677856,20.77226067,20.59527969,20.29999924,24.3319397,17.87928009,58.49160004,43.52986908,2.287499905,0.05626273750000001
0.14769979719999998,0.14330680369999999,0.1098507047,0.1121384025,0.1096688986,0.0327485889,0.2831053972,0.027718105316666665,1.996193051,-0.145127401,0.913846195,-0.106297299,70.32363129,221.9575958,998.1688843,20.77090073,20.59408951,20.29986954,24.32349968,17.96363068,58.50341034,43.53015137,2.367500067,0.056262880599999995
0.1482391,0.1436298966,0.1101487041,0.1123587012,0.1098700047,0.0330980003,0.35033938880000004,0.027708172269444442,1.996729016,0.643334806,0.91808778,-0.035432421,70.32363129,216.0310974,998.170105,20.76954079,20.59291077,20.29973984,24.3122406,18.0479908,58.51522827,43.5304184,2.137500048,0.056263017699999994
0.1484807014,0.1438248038,0.11048250200000001,0.11255099770000002,0.1100494981,0.0331527412,0.3911088943,0.02768433041111111,1.997552037,0.736081123,0.909354329,0.0,70.32363129,209.8516998,998.1713257,20.76819038,20.59172058,20.29961014,24.30097961,18.13233948,58.52703857,43.53070068,2.299999952,0.0562631607
0.1486333966,0.1440197945,0.1108162999,0.1128728032,0.11036200519999999,0.0331163108,0.3692935944,0.027670421599999998,1.998375058,-0.0151873,0.897595286,0.02325058,63.71654892,210.055603,998.1724243,20.76683044,20.59053993,20.2994709,24.28972054,18.21669006,58.53886032,43.53097916,2.200000048,0.0562632978
0.1489539981,0.1442904949,0.1109712005,0.11323779819999999,0.1107187033,0.0330798805,0.3306699038,0.02764326731388889,1.999199033,-0.245503202,0.889226675,-0.03716138,61.51419067,219.8347931,998.173584,20.76548004,20.58934975,20.29933929,24.27845955,18.34383011,58.55067062,43.53125,2.267499924,0.056263440799999995
0.14933060410000001,0.1445865989,0.1112334967,0.11342910530000001,0.1110754013,0.0330434591,0.3338885069,0.027616113027777778,2.000021935,0.00066777,0.876494884,-0.090849072,61.51419067,225.8473969,998.1746826,20.7641201,20.58815956,20.29920959,24.26720047,18.48524094,58.56248093,43.53152847,2.077500105,0.05626357789999999
0.1493716002,0.1444794059,0.111551404,0.11356259580000001,0.1113353014,0.0330070287,0.40255308149999997,0.027605849372222224,2.000844955,-0.107575901,0.857608318,-0.083433487,61.51419067,223.8755035,998.1759033,20.76276016,20.58698082,20.2990799,24.25593948,18.62664032,58.57429886,43.53179932,2.05250001,0.056263721
0.1493008971,0.14445110560000002,0.11186929940000001,0.1138519049,0.1115628958,0.032619380999999996,0.3295969963,0.027606514825,2.001667976,-0.040817689,0.837280512,-0.019380219,61.51419067,214.2223969,998.177124,20.76140976,20.58579063,20.29894066,24.2446804,18.76804924,58.58610916,43.5320816,2.295000076,0.056263858099999994
0.1491134048,0.1442046046,0.11229749920000001,0.1141929984,0.11179050210000001,0.0321146607,0.4011225224,0.027594261169444446,2.002491951,-0.184824705,0.823561728,-0.040244821,77.49812317,209.883194,998.1782227,20.76004982,20.58460999,20.18124008,24.23343086,18.90945053,58.59793091,43.53236008,2.295000076,0.0562640011
0.1488870025,0.1438616037,0.1127624035,0.1145341992,0.112085104,0.0314608306,0.39468529220000004,0.027586975097222223,2.003314972,-0.247470096,0.812045872,-0.04300959,82.82610321,213.1734009,998.1793213,20.75868988,20.5834198,20.14201927,24.22216988,19.05085945,58.60974884,43.53263092,2.105000019,0.0562641382
0.1485038996,0.1435186028,0.1129412055,0.1148753047,0.11240199799999999,0.030922698999999998,0.4240108013,0.027571078405555557,2.004137993,-0.247708604,0.798073113,-0.080312833,82.82610321,216.6867981,998.180481,20.75733948,20.58222961,20.14201927,24.2109108,19.19226074,58.62155914,43.53290939,2.162499905,0.056264281299999996
0.1480685949,0.143394804,0.11302460430000001,0.1152165055,0.112718904,0.030439689800000003,0.3889631987,0.027551210191666668,2.004961967,-0.198414803,0.783281386,-0.063857272,82.82610321,213.7519073,998.1815796,20.75597954,20.58105087,20.14201927,24.19964981,19.33366966,58.63336945,43.53318024,2.200000048,0.0562644184
0.14811270240000002,0.1435356021,0.1134209991,0.1155575991,0.1130357981,0.0299566895,0.29526469710000003,0.027538295322222222,2.005784988,-0.230601802,0.770764172,0.042239621,82.82610321,206.5066071,998.1828003,20.75462914,20.57986069,20.14201927,24.18839073,19.47507095,58.64519119,43.53345871,2.297499895,0.0562645614
0.1483165026,0.143740201,0.1136355996,0.11579489709999999,0.11335279940000001,0.030014210899999998,0.3489089012,0.027527698941666665,2.006608009,-0.241569206,0.759005189,-0.009658606,82.85238647,201.0914001,998.184021,20.7532692,20.57868004,20.28322029,24.17712975,19.61647987,58.66527176,43.533741,2.404999971,0.0562646985
0.1487005949,0.14427390099999998,0.1135581017,0.1159976006,0.1135700941,0.0302519113,0.3388952971,0.027516771952777776,2.007431984,-0.234575495,0.743930995,-0.009408182,82.88744354,207.9598999,998.1851196,20.75292969,20.57748985,20.33028984,24.16587067,19.7578907,58.6881218,43.53401184,2.242500067,0.056264847500000006
0.1494109988,0.144917202,0.11372799870000001,0.116200304,0.1137542963,0.030489608600000002,0.3374648094,0.027505732641666666,2.008255005,-0.227581695,0.727751613,0.0,82.92249298,215.8686981,998.1862793,20.75292969,20.57629967,20.33028984,24.15460968,19.89929008,58.71096039,43.53429031,2.05250001,0.0562649786
0.1502102017,0.1455605984,0.1140022039,0.1164029956,0.1139384031,0.0308280289,0.3131460905,0.027494695452777777,2.006817102,-0.067401759,0.71598202,0.0,82.95752716,220.8618927,998.1873779,20.75292969,20.57512093,20.33028984,24.1433506,20.04070091,58.73379898,43.53456116,2.055000067,0.056265127699999994
0.1507637024,0.14595030550000002,0.1142763972,0.1166056991,0.1141226053,0.0312000185,0.29741048810000004,0.027476041580555555,2.004625082,-0.151207194,0.712575495,0.046319749,79.19727325,225.1903992,998.1885986,20.75292969,20.57393074,20.32088089,24.13209915,20.1821003,58.75664902,43.53483963,2.347500086,0.056265258799999995
0.15094590189999998,0.14625550510000002,0.11455060239999999,0.11680840249999999,0.1143067002,0.0313636214,0.3038477898,0.02746974945,2.002433062,0.225976795,0.711466789,-0.007137912,77.94093323,231.8424988,998.1898193,20.75292969,20.57275009,20.30831909,24.14179993,20.32350922,58.77949142,43.5351181,2.387500048,0.0562654078
0.1512254,0.1465605974,0.1147830009,0.11701109409999999,0.1144909024,0.0314577609,0.2723764896,0.02749326070277778,2.000241041,0.588974476,0.710358083,0.040169511,77.94093323,236.1412964,998.190918,20.75292969,20.57155991,20.29577065,24.15848923,20.46491051,58.80234146,43.53538895,2.467499971,0.0562655389
0.1515694976,0.146865797,0.115001595,0.11721379759999999,0.1146749973,0.0315415114,0.3274513006,0.027594589658333335,1.998049021,0.603279829,0.709249377,0.081563167,77.94093323,237.1063995,998.1920166,20.75292969,20.57037926,20.28322029,24.17518044,20.60631943,58.82518005,43.53567123,2.17750001,0.05626568790000001
0.1519137025,0.1471709967,0.1152201056,0.1174196005,0.11485919950000001,0.0316217989,0.3174376011,0.02786711163888889,1.995857,0.339465708,0.717083514,0.1055222,77.94093323,237.3076935,998.1931763,20.75292969,20.56918907,20.27066994,24.19186974,20.74772072,58.76636887,43.53974915,2.355000019,0.056265831
0.1520431995,0.1472818017,0.11543869970000001,0.1176264048,0.11504329440000001,0.0317020804,0.29812569619999996,0.028040945277777778,1.99366498,-0.004696725,0.734035313,-0.006508422,71.13973999,238.1795044,998.1942749,20.75362968,20.56800079,20.25811958,24.20856094,20.88912964,58.68032837,43.54508972,2.067500114,0.056265968099999994
0.1521013021,0.1473276973,0.1156571984,0.1178331971,0.1152274966,0.0316027999,0.35749199389999997,0.028104888055555558,1.99147296,0.094367698,0.753032923,-0.0368906,68.87267303,239.2747955,998.1954956,20.75456047,20.56682014,20.24556923,24.22524071,21.03053093,58.59429932,43.5504303,1.985000014,0.0562661111
0.1523308039,0.1473736048,0.1158758044,0.1180400014,0.11541169879999999,0.0314436704,0.294549489,0.028106861111111114,1.989281058,0.190213397,0.77943331,-0.08311782,68.87267303,236.2319946,998.1967163,20.75548935,20.56562996,20.23302078,24.24193001,21.17193985,58.50827026,43.55575943,2.345000029,0.0562662482
0.1523074985,0.1472550035,0.11597510579999999,0.1181429029,0.1155958056,0.0314062208,0.4104207993,0.028094944416666667,1.987089038,0.235036805,0.815682888,-0.078560539,68.87267303,225.3358002,998.1978149,20.75642014,20.56444931,20.22047043,24.25861931,21.31333923,58.48862076,43.56110001,2.144999981,0.056266391299999996
0.1521808982,0.1472808957,0.1160346985,0.1183714986,0.11577990060000001,0.03127473,0.3403258085,0.028069110444444444,1.984897017,-0.065971233,0.847204804,-0.100849502,68.87267303,216.1620026,998.1989746,20.75735092,20.56325912,20.20792007,24.27531052,21.45475006,58.49111176,43.56644058,2.272500038,0.0562665284
0.15220710040000002,0.1473732948,0.1162016034,0.1185538054,0.11596410269999999,0.031098359800000003,0.3331732988,0.028038639499999997,1.982704997,-0.016975461,0.8624686,-0.106551498,75.39250183,208.281601,998.2000732,20.7582798,20.56207085,20.36952019,24.29199982,21.59616089,58.49359894,43.57178116,2.410000086,0.0562666714
0.1522843003,0.1474655986,0.1164041996,0.1187026978,0.11614830490000001,0.0309219986,0.3589225054,0.028028055833333333,1.982982993,-0.161936194,0.863627374,-0.056463711,77.56577301,203.5518951,998.2012939,20.75921059,20.5608902,20.42443085,24.30868912,21.73756027,58.49607849,43.57712936,2.369999886,0.0562668085
0.1523615003,0.14755790230000002,0.1165442944,0.11885160210000001,0.1162670016,0.0308302492,0.3317428112,0.02801911036111111,1.984084964,-0.242284402,0.861624599,-0.03417448,77.56577301,199.872406,998.2025146,20.76015091,20.55970001,20.42443085,24.32538033,21.87896919,58.49856949,43.58246994,2.117500067,0.056266951600000004
0.1524387002,0.1476501942,0.1166635036,0.11900060180000001,0.11636389490000001,0.030766710600000004,0.35534620289999996,0.02799063788888889,1.985187054,-0.112105899,0.857869387,-0.067939267,77.56577301,205.3820038,998.2036133,20.76107979,20.55851936,20.42443085,24.34206963,22.02037048,58.50106049,43.58781052,2.317500114,0.0562670887
0.1525159001,0.1477426052,0.1167827964,0.1190997958,0.1164608002,0.0307568699,0.3324579954,0.027963165694444445,1.986289024,-0.197222695,0.853530228,-0.1156452,73.17569733,211.0596008,998.2047119,20.76201057,20.55732918,20.3538208,24.35876083,22.1617794,58.50354004,43.59313965,2.267499924,0.056267231699999996
0.1526206017,0.14783489700000002,0.1169020057,0.11918239589999999,0.11655770539999999,0.0307649314,0.3574918985,0.027942943583333334,1.987390995,0.295119196,0.849190772,-0.098512024,71.71234894,211.9761963,998.2058716,20.76293945,20.5561409,20.33028984,24.37545013,22.30318069,58.50603104,43.59848022,2.212500095,0.056267368799999995
0.15273449420000001,0.1479272008,0.117021203,0.1192649961,0.11665459869999999,0.030729091200000003,0.3535581112,0.02791644413888889,1.988492012,-0.067044117,0.856646299,-0.059765771,71.71234894,208.2584991,998.2069702,20.76387024,20.55496025,20.33028984,24.39213943,22.44458961,58.50851059,43.6038208,2.119999886,0.0562675118
0.15276730060000002,0.1480684996,0.11707479949999999,0.11934759619999999,0.11675159930000001,0.030819418999999997,0.3321003914,0.027893778472222224,1.991654038,-0.247291297,0.875071526,-0.065854333,71.71234894,206.6174011,998.2081909,20.76479912,20.55517006,20.33028984,24.40883064,22.58599091,58.51100159,43.60916901,2.022500038,0.0562676489
0.15306210520000002,0.1482260942,0.1171066999,0.1194303036,0.11684850449999999,0.030956688500000003,0.2902580023,0.027873249055555556,1.995501995,-0.129272297,0.89584291,-0.05949324,71.71234894,210.1035004,998.2094116,20.7657299,20.55586052,20.33028984,24.42551994,22.72739983,58.51348877,43.59737015,2.157500029,0.056267792000000004
0.15321899649999998,0.1483837962,0.11713839770000001,0.1195129037,0.1168908,0.031093960999999996,0.37465810780000003,0.027855194944444443,1.999349952,0.26483959,0.91260159,-0.106195398,72.2879715,214.9434052,998.2105103,20.76666069,20.55654907,20.4479599,24.44220924,22.86879921,58.51597977,43.57986069,2.224999905,0.0562679291
0.1532976985,0.1485414028,0.11725369690000001,0.11959550379999999,0.11691499949999999,0.0311358094,0.3403258085,0.027833499916666667,2.003196955,-0.08003813,0.924803972,-0.056651618,72.47984314,216.8699951,998.2116699,20.76758957,20.55723,20.48718071,24.45890045,23.01021004,58.51845932,43.56235123,2.027499914,0.0562680721
0.1532374024,0.1485172033,0.11739670040000001,0.1196781039,0.11693919900000001,0.031145849799999997,0.3975462914,0.027810334111111112,2.007045031,-0.0237705,0.928723693,-0.05436163,72.47984314,214.2698975,998.2128296,20.76852036,20.55791092,20.48718071,24.47558975,23.15160942,58.52095032,43.54484177,2.25999999,0.056268209199999995
0.15354390140000002,0.1488347054,0.11723580360000001,0.11983209850000001,0.1169633985,0.031281390799999996,0.2845359087,0.027792610583333332,2.010893106,-0.140955001,0.9270643,-0.080820419,72.47984314,212.5888062,998.2139893,20.76944923,20.55859947,20.48718071,24.49227905,23.29302025,58.52342987,43.52732849,2.315000057,0.056268352300000005
0.1539881945,0.14928640129999998,0.1172417998,0.1197916985,0.11698759789999999,0.0317002386,0.30670878890000003,0.027769764794444443,2.014740944,-0.219872698,0.904218674,-0.085532658,72.47984314,213.8549957,998.2150879,20.77038002,20.55928993,20.48718071,24.50897026,23.43441963,58.52592087,43.50981903,2.05250001,0.056268489399999996
0.15443249939999998,0.1499603987,0.11712260249999999,0.11967849729999999,0.1170117974,0.0321995914,0.3810954094,0.027744596269444446,2.011303902,-0.241807595,0.86876291,-0.098140433,48.43729019,213.4544983,998.2161865,20.77132034,20.55997086,20.34597969,24.52565956,23.57583046,58.52841187,43.49230957,2.285000086,0.0562686324
0.15501049760000002,0.1504068971,0.1171463966,0.1195652962,0.1169834018,0.0328497112,0.314576602,0.027732344733333334,2.005438089,0.086738229,0.83608228,-0.115796298,40.42311096,210.1407928,998.2174072,20.77224922,20.56065941,20.29891014,24.54235077,23.69245911,58.53089905,43.50981903,2.367500067,0.0562687695
0.1553822041,0.1505810976,0.1172417998,0.11945209500000001,0.1169374943,0.0332128495,0.3467631102,0.02771148257777778,1.999572992,-0.115920603,0.817599893,-0.030052571,40.42311096,206.1242981,998.2186279,20.77318001,20.56134033,20.29891014,24.55904007,23.80084038,58.5333786,43.53900146,2.112499952,0.0562689126
0.1554177999,0.1504809976,0.11733709569999999,0.1195251942,0.11689159870000002,0.0331718296,0.321729207,0.027686316172222225,1.993706942,-0.000285912,0.813901901,0.0,40.42311096,204.8928986,998.2197266,20.77411079,20.56203079,20.29891014,24.57572937,23.90921021,58.5358696,43.56819153,2.007499933,0.056269049599999996
0.15521370169999998,0.1503087044,0.1174324989,0.1196604013,0.1168457031,0.0330335587,0.360352993,0.027665121291666667,1.987841964,-0.158598304,0.804653525,0.0,40.42311096,210.0722961,998.2208862,20.77503967,20.56270981,20.29891014,24.59240913,24.01758957,58.53834915,43.59737015,2.262500048,0.056269192700000005
0.15495779510000002,0.1500844002,0.1173848033,0.11979559660000001,0.1168445945,0.0328952909,0.3589225054,0.027663139766666667,1.981976032,-0.244430199,0.786671817,-0.060195241,67.7985611,217.0791931,998.2219849,20.77597046,20.56340027,20.36951065,24.60910034,24.1259594,58.54084015,43.62656021,2.25999999,0.056269329800000004
0.1547019005,0.1498427987,0.1172894001,0.1197072029,0.1168241978,0.03275702,0.2730917931,0.02765916188611111,1.984781027,-0.063110173,0.76163739,-0.105467103,76.92371368,221.2471924,998.2232056,20.77689934,20.56407928,20.39304924,24.62578964,24.23434067,58.54333115,43.65573883,2.027499914,0.0562694728
0.154637897,0.1496397972,0.11719399690000001,0.1195441008,0.1167925954,0.0326187491,0.3560615063,0.027641612158333335,1.990476012,0.07660526,0.74434942,-0.157131895,76.92371368,218.0901947,998.2244263,20.77783012,20.56476974,20.39304924,24.64248085,24.34271049,58.5622406,43.68492126,1.997499943,0.056269609899999996
0.154271698,0.14921890499999999,0.1171522975,0.11938110589999999,0.1167608976,0.0324804813,0.39897689820000004,0.027627771166666665,1.996170998,0.276879907,0.718145609,-0.108758204,76.92371368,206.7429047,998.2255249,20.77876091,20.56545067,20.39304924,24.65917015,24.45108986,58.58662033,43.66289902,2.144999981,0.056269753
0.15379569529999998,0.1487208962,0.1171373963,0.1193591952,0.1167291999,0.032082730500000003,0.31529190539999996,0.02761637793611111,2.000861883,-0.089217417,0.687918484,-0.05489165,75.24707031,193.3742981,998.2266846,20.77968979,20.56613922,20.36951065,24.67585945,24.55945969,58.61101151,43.62380981,2.190000057,0.0562698901
0.1533238053,0.1482229948,0.1171254992,0.1193842053,0.1166975021,0.0315984905,0.3467631102,0.02760498682777778,2.005218983,0.324802697,0.660834908,-0.01097833,74.68818665,188.9328003,998.2277832,20.78062057,20.56682014,20.36347961,24.69255066,24.66783905,58.63539886,43.58472061,2.369999886,0.056270027199999996
0.1528519988,0.1477251053,0.1171404004,0.11940920349999999,0.1166658044,0.031114250399999998,0.44403791430000006,0.02759359359722222,2.00957489,0.296430498,0.638146579,0.0,74.68818665,190.732193,998.2288818,20.7815609,20.5675106,20.3658905,24.70923996,24.77621078,58.65979004,43.54563141,2.377500057,0.056270170200000004
0.1527340055,0.14702810049999998,0.11716419460000001,0.1194342017,0.11663470270000001,0.0306300104,0.2873969078,0.027582204605555556,2.013931036,-0.114847802,0.637409925,-0.02936257,74.68818665,196.3276978,998.2301025,20.78248978,20.56818962,20.36831093,24.72592926,24.88459015,58.68416977,43.50653076,2.345000029,0.0562703073
0.15188020470000002,0.1467121005,0.1169020057,0.1194872975,0.1166038036,0.030145770300000003,0.2287458897,0.02757240295277778,2.018286943,-0.114847802,0.660387814,-0.075110413,74.68818665,202.8256073,998.2313232,20.78342056,20.56888008,20.37071991,24.74262047,24.99296951,58.70856094,43.46744156,2.25,0.056270450400000005
0.1514426947,0.1465453029,0.1166337967,0.11924500469999999,0.1165727973,0.0299944609,0.3110003948,0.02756313111944444,2.022644043,-0.2022295,0.688955724,-0.07113871,49.72483826,204.0926971,998.2324219,20.78434944,20.5695591,20.3731308,24.75930977,25.10133934,58.73294067,43.42834854,2.339999914,0.0562705874
0.1515146971,0.1463783979,0.116663599,0.1191115022,0.1163995981,0.0299541295,0.3918241978,0.02755385928611111,2.017337084,-0.222495496,0.713585794,-0.016454799,41.40372849,201.9055939,998.2335815,20.78528023,20.57024956,20.37554932,24.77599907,25.20970917,58.75733185,43.4413414,2.192500114,0.0562707305
0.1511247039,0.14616199729999999,0.11654440159999999,0.1190480947,0.11630860569999998,0.029913801,0.4268717766,0.027529686822222222,2.00880909,-0.235012606,0.740808785,0.0,41.40372849,202.4174957,998.2346802,20.78620911,20.57093048,20.37796021,24.79269028,25.31809044,58.78171921,43.47167969,2.160000086,0.056270867599999996
0.1509647012,0.1462687016,0.1163457036,0.11898469920000002,0.1162606955,0.029873460499999997,0.3188682079,0.027518427108333333,2.000279903,-0.241926804,0.76933372,0.02320466,41.40372849,209.8703003,998.2359009,20.78713989,20.57162094,20.38038063,24.80937958,25.4264698,58.80609894,43.50202942,2.065000057,0.056271010600000004
0.1512439013,0.14648849960000002,0.11614700559999999,0.11876859660000001,0.1161052942,0.030163851400000004,0.32172911169999996,0.027507167391666667,1.991752028,-0.170519397,0.789382577,-0.066846237,41.40372849,219.273407,998.2371216,20.78807068,20.57230949,20.38278961,24.8213501,25.48720932,58.83049011,43.53237915,2.029999971,0.0562711477
0.1512663007,0.1463649988,0.1160436034,0.11850160359999999,0.1159140944,0.0303827107,0.3095698118,0.027493921916666667,1.98843503,0.268177509,0.819824278,-0.024860371,66.78224945,221.5263977,998.2382202,20.78899956,20.57299042,20.3852005,24.83176041,25.53207016,58.85486984,43.56272125,2.112499952,0.0562712908
0.1511698008,0.14624480010000002,0.11597210170000001,0.1183899045,0.1157228947,0.030423811099999996,0.37608869079999996,0.02747173521388889,1.986853957,-0.037718199,0.850208879,0.0,75.24176025,221.3959045,998.2393188,20.78993034,20.57368088,20.38762093,24.84215927,25.57692909,58.87926102,43.59307098,2.222500086,0.056271427900000004
0.1510733008,0.1461639047,0.11590059999999999,0.1183298945,0.11553180219999999,0.030425840599999997,0.360352993,0.027466439141666667,1.985273004,0.446875006,0.875565112,-0.129317895,75.24176025,223.4393005,998.2404785,20.79085922,20.57435989,20.39002991,24.85256958,25.62179947,58.90364838,43.62340927,2.032500029,0.0562715828
0.1510059953,0.1462839961,0.11563240290000001,0.1182698965,0.11534060239999999,0.030497088999999998,0.3059936047,0.027455840641666666,1.983693004,0.000787009,0.896586776,-0.161565796,75.24176025,222.5245056,998.2415771,20.79179955,20.57505035,20.39245033,24.86297035,25.66666031,58.92803955,43.653759,1.99000001,0.056271708
0.150948298,0.14600729939999998,0.1156741023,0.1179131031,0.11514940259999999,0.0305914193,0.42114977839999995,0.027447730169444445,1.98211205,-0.239661798,0.904261589,-0.109410897,53.83116913,216.754303,998.2427979,20.79273033,20.57572937,20.27537918,24.87336922,25.71151924,58.95241928,43.6841011,2.285000086,0.056271857
0.1505164981,0.1455759048,0.11534039970000001,0.1177556992,0.11495820279999999,0.030588179799999997,0.3224445105,0.027441768647222226,1.989701986,-0.228217602,0.89878267,-0.066105589,46.69430161,209.7749023,998.2440186,20.79365921,20.57641983,20.23616028,24.88377953,25.75638008,58.97681046,43.65570831,2.057499886,0.0562719882
0.1503496051,0.1455415964,0.1150184989,0.1176977038,0.11476700310000001,0.030552420000000004,0.3374648094,0.027434319388888892,2.000348091,-0.111152202,0.890285313,-0.092246398,46.69430161,208.4942017,998.2451172,20.79459,20.57710075,20.23616028,24.8941803,25.80124092,59.00119019,43.60774994,2.30250001,0.0562721372
0.1503126025,0.1453119993,0.1149886966,0.1174761057,0.11457580329999999,0.030516651299999996,0.3646445036,0.027426372105555555,2.010993958,-0.145008206,0.891787291,-0.02599352,46.69430161,209.113205,998.2462769,20.79552078,20.57778931,20.23616028,24.90459061,25.84610939,59.02558136,43.55978012,2.359999895,0.0562722683
0.1501376987,0.1449730992,0.11482180360000001,0.11720000509999999,0.11438460349999999,0.030480891500000003,0.4075597763,0.02741047541388889,2.021641016,-0.218680605,0.903016984,-0.055472169,46.69430161,206.3047943,998.2473755,20.79644966,20.57847023,20.23616028,24.91498947,25.89097023,59.04996109,43.5118103,2.069999933,0.0562724173
0.1499168992,0.1447926044,0.1145833015,0.11709289549999999,0.11419349910000001,0.0304451287,0.3846715927,0.027391929627777777,2.024693966,-0.238231301,0.911013722,-0.098935798,65.85337067,208.2229004,998.2485962,20.79738045,20.57916069,20.27474976,24.92539024,25.93582916,59.07434845,43.46384048,2.30250001,0.0562725484
0.1496960998,0.1446648955,0.1143448949,0.116920197,0.11400229930000001,0.0305602103,0.31672229770000004,0.027383651733333333,2.025217056,-0.242045999,0.926835418,-0.106475703,72.23972321,212.0971985,998.2498169,20.79830933,20.57983971,20.2876091,24.93580055,25.98069954,59.09873962,43.41587067,2.17750001,0.0562726974
0.1495779037,0.1445371985,0.1139991999,0.1167068958,0.11381109949999998,0.0307255805,0.3861021996,0.027378796472222224,2.01867795,-0.2458608,0.945861518,-0.105429903,72.23972321,209.8356018,998.2509155,20.79924011,20.58053017,20.2876091,24.94619942,26.02556038,59.1231308,43.42800903,2.092499971,0.056272828600000005
0.149493897,0.1444095016,0.1138144016,0.1163195014,0.1136198997,0.0307556391,0.4197192192,0.027373939091666667,2.009783983,0.264601111,0.960832,-0.061398581,72.23972321,203.8143005,998.2520142,20.8001709,20.58120918,20.2876091,24.95660973,26.07041931,59.14751053,43.46017075,2.029999971,0.056272977599999996
0.1494099975,0.1444205999,0.1135164022,0.1160318017,0.11340090039999999,0.030900940300000002,0.4254413128,0.02739060931666667,2.00089097,0.196889296,0.969543874,-0.066122822,72.23972321,199.9714966,998.2531738,20.80110931,20.58189964,20.2876091,24.9670105,26.11528015,59.1719017,43.49234009,2.047499895,0.0562731087
0.1493260026,0.1441987991,0.1136057973,0.1157966971,0.113172698,0.0308148086,0.38181068900000004,0.027559488083333333,1.991997004,-0.148942098,0.976620317,-0.018140219,77.51618958,201.9920959,998.2542725,20.8020401,20.58258057,20.46081924,24.97742081,26.12541962,59.19628906,43.5245018,2.05250001,0.0562732577
0.1489936948,0.1438838959,0.1134060979,0.11568839550000001,0.11294449570000001,0.030829149500000003,0.3024173021,0.027676383125,1.989217997,-0.127960995,0.983696818,-0.091048419,79.27501678,205.6616058,998.2554932,20.80297089,20.58326912,20.51856041,24.98781967,26.12398911,59.20687103,43.55667114,2.192500114,0.0562733889
0.14888989930000002,0.1437741995,0.1130604029,0.1156224012,0.11271619799999999,0.030908641199999996,0.2873969078,0.027709166208333334,1.988476038,0.043464549,0.987482786,-0.109613799,79.27501678,207.9331055,998.2567139,20.80389977,20.58395004,20.51856041,24.99822044,26.12254906,59.21284866,43.58884048,2.382499933,0.056273537900000004
0.1488312006,0.1437327981,0.11277129649999999,0.115398705,0.1124879956,0.0309881389,0.270230794,0.02772009107777778,1.987735033,-0.071454942,0.990172327,-0.128572807,79.27501678,207.5998993,998.2578125,20.80483055,20.5846405,20.51856041,25.00863075,26.12112045,59.21884155,43.62099838,2.355000019,0.056273669000000005
0.1486817002,0.1436913967,0.11250120400000001,0.11512240170000002,0.1122598052,0.0312315285,0.3667902946,0.027693600125000002,1.986992955,-0.212720096,0.990447581,-0.081284449,79.27501678,202.2288971,998.2589722,20.80575943,20.58532906,20.51856041,25.01902962,26.1196804,59.22481918,43.65317154,2.217499971,0.056273817999999996
0.1485085011,0.1436499953,0.11223089690000002,0.1148460984,0.1120314956,0.0315295488,0.4118514061,0.027683003744444445,1.986250997,-0.2087861,0.989918411,-0.094481573,58.50312042,198.3751984,998.2600708,20.80669022,20.58600998,20.49502945,25.02943993,26.11824989,59.23080063,43.64239883,2.32249999,0.056273961100000006
0.1483351946,0.1434388995,0.11210080389999999,0.1145699024,0.1118033051,0.0315560311,0.4111361027,0.027675717672222225,1.991799951,-0.234535798,0.979807973,-0.136485398,51.57915115,198.135498,998.2612915,20.80761909,20.5866909,20.48718071,25.0398407,26.11680984,59.2367897,43.61732101,2.422499895,0.0562740982
0.1481619954,0.1431710958,0.11201740499999999,0.1144006968,0.1115751028,0.031491988900000004,0.4204345226,0.027649557325,1.999444962,-0.1634859,0.950560808,-0.103180498,51.57915115,195.667099,998.2625122,20.80854988,20.58737946,20.48718071,25.03170967,26.11537933,59.24277115,43.59223938,2.357500076,0.0562742412
0.1477586985,0.1427657008,0.1117550969,0.11426719430000001,0.11140140300000001,0.0314279586,0.41542768480000003,0.027629691230555555,2.007090092,-0.209382206,0.89992708,-0.044772591,51.57915115,192.1636963,998.2634888,20.80948067,20.58806992,20.48718071,25.02234077,26.11393929,59.24876022,43.56716156,2.089999914,0.056274378300000004
0.1472787023,0.1425245047,0.11143319609999999,0.1141337037,0.11124589439999999,0.0313639194,0.36535980700000004,0.027622737883333335,2.014734983,-0.232509196,0.839891076,-0.111653902,51.6121788,193.4174042,998.2647095,20.81041908,20.58875084,20.36951065,25.01462936,26.11251068,59.25474167,43.54207993,2.369999886,0.0562745214
0.1472267032,0.1424762011,0.1111112952,0.1138502955,0.1110903978,0.0314340711,0.343186903,0.027618764241666666,2.022381067,-0.072527848,0.778506875,-0.108562097,51.65621948,196.256897,998.2659302,20.81134987,20.58943939,20.33028984,25.00691986,26.11107063,59.26073074,43.51699829,2.452500105,0.0562746584
0.1473173976,0.1424690008,0.11078950169999999,0.11351699829999999,0.1107048988,0.0316546589,0.39146659370000003,0.027602869669444443,2.02197504,-0.085164212,0.720094681,-0.068224818,51.70026016,195.5469055,998.2670288,20.81228065,20.59012032,20.33028984,24.99920082,26.10964012,59.26670837,43.49192047,2.319999933,0.056274801500000006
0.1472558022,0.1424617052,0.1106284976,0.113183701,0.1103893042,0.031910491,0.4587007046,0.027587966919444446,2.018884897,-0.172903597,0.676706672,-0.075214252,51.7442894,193.653595,998.2681885,20.81320953,20.59081078,20.33028984,24.99148941,26.08197021,59.27268982,43.46683884,2.317500114,0.056274938600000005
0.1471433043,0.1422585964,0.11052119730000001,0.11299469470000001,0.11012270449999999,0.0319677591,0.314576602,0.027586644491666666,2.015794992,-0.091124773,0.643317997,-0.020226371,51.78833008,193.8524017,998.2692871,20.81414032,20.59148979,20.33028984,24.98377991,26.04554939,59.27563095,43.44176102,2.105000019,0.0562750816
0.146904099,0.1416702032,0.11056590079999999,0.1128538013,0.1099226952,0.031702980400000004,0.3017019987,0.02758929358611111,2.010294914,0.193074495,0.617239416,-0.092623129,54.72504044,199.2124023,998.2705078,20.8150692,20.59218025,20.37735939,24.97606087,26.00913048,59.27754974,43.4500885,2.180000067,0.0562752187
0.1463322043,0.1411316991,0.11032149790000001,0.1127128959,0.1097448945,0.0313529104,0.3560615063,0.027569092644444446,2.003990889,0.162914097,0.585238278,-0.056768838,55.70027161,206.0605011,998.2717285,20.81599998,20.59285927,20.39215088,24.96834946,25.97271919,59.27946854,43.46955872,2.25999999,0.0562753618
0.1456635952,0.140474999,0.11017849449999999,0.11257200240000001,0.1095671058,0.0310028404,0.4104208946,0.027564122941666665,1.997688055,0.420529306,0.57480979,-0.159550205,55.70027161,210.092804,998.2728271,20.81693077,20.59354973,20.39094925,24.96063995,25.93630028,59.28139114,43.48902893,2.277499914,0.0562754989
0.14499499799999999,0.1397614956,0.10978510379999999,0.11243109700000001,0.1093893051,0.0306527793,0.411136198,0.02758266872777778,1.991384029,-0.045347661,0.592670023,-0.098346427,55.70027161,205.7075958,998.2739868,20.81785965,20.59423065,20.38974953,24.95292091,25.89987946,59.28330994,43.50849915,2.317500114,0.05627564189999999
0.1443264008,0.1391731024,0.1095213056,0.1121929049,0.10921150449999999,0.0302219599,0.3295969963,0.02763432396666667,1.993121028,-0.242403701,0.614185214,-0.08433421,55.70027161,198.8294067,998.2750854,20.81879044,20.5949192,20.3885498,24.9452095,25.86347008,59.28524017,43.52796936,2.232500076,0.056275779000000005
0.1437664986,0.1386263013,0.10933649539999998,0.1119222999,0.1090047002,0.0297642201,0.46048879620000005,0.027709164088888887,1.997539043,-0.103761204,0.630400181,-0.071539544,70.31694031,195.1838074,998.2761841,20.81971931,20.59560013,20.38735008,24.9375,25.82704926,59.28715897,43.54743958,2.244999886,0.0562759221
0.1432428956,0.1380795956,0.10915180440000001,0.11165169479999999,0.1087882996,0.0294336706,0.47622451779999997,0.027800555749999997,2.001955986,-0.170996204,0.642102122,-0.045466378,75.18916321,192.6157074,998.2774048,20.82065964,20.59629059,20.38615036,24.92977905,25.79063034,59.28908157,43.56690979,2.154999971,0.05627605919999999
0.14271930459999999,0.1375329018,0.10896699430000001,0.11151440139999999,0.1085718036,0.0291455209,0.4104208946,0.027885000444444443,2.006373882,-0.221661001,0.658470929,-0.054579739,75.18916321,195.3482056,998.2786255,20.82159042,20.5969696,20.38495064,24.92206955,25.75421906,59.24092102,43.53553009,2.142499924,0.0562762022
0.1424692035,0.1373504996,0.10873299839999999,0.1114215016,0.10835540290000001,0.028857359300000003,0.4054141045,0.027956360722222223,2.01154089,-0.238350496,0.676738918,-0.103843004,75.18916321,199.8475037,998.2797241,20.8225193,20.59766006,20.38375092,24.91435051,25.71780014,59.1760788,43.48720169,2.277499914,0.0562763393
0.142159605,0.1370766997,0.1084826946,0.1110331059,0.108138895,0.0289018989,0.44189209939999996,0.028024582333333332,2.016957998,-0.242522895,0.70199132,-0.05312847,75.18916321,200.3038025,998.2808838,20.82345009,20.59833908,20.38254929,24.9066391,25.68139076,59.11122894,43.43886948,2.087500095,0.0562764823
0.14200860259999998,0.1370913029,0.1080625057,0.1108662963,0.10792249439999999,0.0290573299,0.3496242046,0.028092778527777775,2.022375107,0.0149731,0.744463921,-0.063774452,66.51065063,199.4123993,998.2819824,20.82438087,20.59902954,20.24914932,24.8989296,25.64496994,59.04639053,43.39054108,2.347500086,0.056276619400000005
0.1422577024,0.1372254968,0.10790749790000001,0.11050020460000001,0.10770599839999999,0.029212760900000002,0.3238749981,0.02816100013888889,2.027791977,0.317173302,0.785870671,-0.062443111,63.6178093,202.0319977,998.2832031,20.82530975,20.59971046,20.20478058,24.87398911,25.60854912,58.98154068,43.34220886,2.182499886,0.0562767625
0.1424188018,0.13735970260000002,0.1078598022,0.11026999950000001,0.10748950239999999,0.029488501,0.3825259924,0.028233693444444444,2.033210039,0.196531594,0.820267797,-0.01459857,63.6178093,205.821701,998.2844238,20.82624054,20.60040092,20.20478058,24.84332085,25.5721302,58.91669846,43.29386902,2.352499962,0.0562768996
0.1422781944,0.1372159004,0.1078120947,0.11011910439999999,0.1072731018,0.02958076,0.42901759149999996,0.028314834166666667,2.025763035,-0.105906896,0.848492324,-0.022637431,63.6178093,213.4010925,998.2855225,20.82716942,20.60108948,20.20478058,24.81265068,25.50876999,58.8518486,43.3196106,2.462500095,0.05627704260000001
0.1420590997,0.1369793057,0.10759899619999999,0.1100857019,0.10705660580000001,0.0295984894,0.4511905193,0.028379389444444444,2.014028072,0.327902287,0.862736821,-0.05282066,57.10974884,222.2436981,998.2866821,20.8281002,20.6017704,20.27537918,24.78198051,25.43642998,58.78701019,43.37004852,2.147500038,0.0562771797
0.14184000489999998,0.13650280239999998,0.10733079910000001,0.1098814011,0.1068402052,0.0296162188,0.44046158789999995,0.028452582888888887,2.00229311,-0.01888282,0.872821987,-0.097836792,54.94039154,224.7158966,998.2877808,20.82902908,20.60246086,20.29891014,24.75130081,25.36408997,58.72216034,43.42047882,1.965000033,0.056277322799999994
0.14153050179999999,0.1366521001,0.10706260199999999,0.10960689779999999,0.10662369730000001,0.029471498699999998,0.3882478952,0.0285208045,1.990558982,-0.2244028,0.886984289,-0.102282301,54.94039154,221.5561981,998.2888794,20.82995987,20.60313988,20.29891014,24.72063065,25.29174995,58.65731049,43.47090912,1.940000057,0.05627745990000001
0.1418128967,0.13682390449999998,0.106794405,0.10933250189999999,0.1064072013,0.0298711389,0.3446172953,0.028579750055555558,1.978824019,-0.213196993,0.902505577,-0.136497095,54.94039154,217.227005,998.2901001,20.83089066,20.60383034,20.29891014,24.68996048,25.21940994,58.59246826,43.52135086,2.345000029,0.0562776029
0.1416267991,0.13663140540000002,0.1065842986,0.10905799869999999,0.1061908007,0.0302038401,0.5134177207999999,0.028627749555555554,1.97627902,0.174000695,0.914765179,-0.161899298,54.94039154,212.8977966,998.2913208,20.83182907,20.60450935,20.29891014,24.65929031,25.14706993,58.52761841,43.57178116,2.352499962,0.05627774
0.1412153006,0.1363412023,0.1063935995,0.1088603973,0.1059743047,0.0301186711,0.4526209831,0.02861119375,1.976798058,0.061703861,0.925937712,-0.119377002,47.23308945,208.5686035,998.2924194,20.83275986,20.60519981,20.29891014,24.62861061,25.07472992,58.46278,43.62221146,2.047499895,0.0562778771
0.141059196,0.1361722946,0.1063815951,0.10868849750000001,0.1057929039,0.0299238086,0.3374649048,0.02844297197222222,1.984424949,0.078631811,0.936498582,-0.127714202,44.66399002,204.2393951,998.2935791,20.83369064,20.60588074,20.29891014,24.59794044,25.00238991,58.39793015,43.60071182,2.289999962,0.056278020100000006
0.1409880996,0.1360438943,0.10618489980000001,0.10851650239999999,0.1056233048,0.029984420499999997,0.3489089012,0.028310527805555555,1.994421959,-0.157763794,0.946855605,-0.072330751,44.66399002,199.910202,998.2946777,20.83461952,20.60656929,20.29891014,24.56727028,24.9300499,58.36935043,43.55522919,2.190000057,0.0562781572
0.1407834053,0.13573100570000002,0.10590679649999998,0.10834449530000001,0.1054535985,0.030130189699999997,0.36106820110000004,0.028262165916666665,2.004419088,-0.246218398,0.954065621,-0.099962473,44.66399002,201.2828979,998.2958984,20.83555031,20.60725021,20.29891014,24.53659058,24.85770035,58.35287094,43.50973892,2.277499914,0.0562783122
0.1405341983,0.1355528951,0.1056285977,0.1081725955,0.10528390409999999,0.030159360200000002,0.3696512938,0.02818533366666667,2.014415026,-0.244787797,0.960226417,-0.164970294,44.66399002,204.5563965,998.2971191,20.83647919,20.60794067,20.29891014,24.50592041,24.78536034,58.33638,43.4642601,2.345000029,0.056278437400000006
0.1404412985,0.1354401946,0.1054697037,0.1080006003,0.1051141977,0.0301496714,0.36392920019999997,0.02817905638888889,2.024411917,-0.2161773,0.966387272,-0.144161597,67.7076416,202.6483002,998.2982178,20.83740997,20.60861969,20.25185013,24.47525024,24.71302032,58.31988907,43.41878128,2.140000105,0.0562785923
0.1404003978,0.1353274941,0.10535039900000001,0.1078287005,0.10494459869999999,0.0301399708,0.5026888847000001,0.02821947308333333,2.027708054,0.103666097,0.969499826,-0.09474726,75.38886261,199.0131073,998.2993774,20.83834076,20.60931015,20.24225998,24.44458008,24.64068031,58.30339813,43.37329102,2.309999943,0.0562787175
0.1403594971,0.1354174018,0.10505239959999998,0.10765670540000001,0.1047749043,0.0303072691,0.48552279470000004,0.028277748944444445,2.028769016,-0.105787702,0.971596181,-0.114786297,75.38886261,197.6811981,998.3004761,20.83926964,20.60998917,20.25040054,24.41390038,24.5683403,58.28691101,43.32781982,2.307499886,0.0562788725
0.1404396057,0.1355748057,0.1049450994,0.10744709969999999,0.1046051979,0.030533561100000002,0.4554820061,0.02833205541666667,2.029830933,0.537713826,0.973692477,-0.1164928,75.38886261,197.1170044,998.3015747,20.84020042,20.61067963,20.25852966,24.38323021,24.49600029,58.26036835,43.28232956,2.092499971,0.0562789977
0.1405599952,0.13597249979999998,0.10449210410000001,0.1072249055,0.1044355035,0.031100839400000004,0.3496242046,0.028367805472222223,2.020164967,0.810230374,0.975789011,-0.079525627,75.38886261,198.2192993,998.3027954,20.84114075,20.61136055,20.26667023,24.35256004,24.42366028,58.23046875,43.3158493,2.217499971,0.05627915260000001
0.1409927964,0.136450398,0.1043251991,0.1070026994,0.10426579709999999,0.0316473007,0.3517699003,0.02834563786111111,2.006922007,0.277595192,0.977885306,-0.095493659,77.51866913,201.1622009,998.3040161,20.84206963,20.6120491,20.27479935,24.32188988,24.35132027,58.20056915,43.37569046,2.227499962,0.056279277800000006
0.1415297985,0.1367913008,0.104301405,0.1067805052,0.1040961981,0.0321489215,0.3489089012,0.028249251055555556,1.993679047,0.07743971,0.97998172,-0.05266263,78.22860718,204.5335999,998.3051147,20.84300041,20.61273003,20.28293991,24.29121017,24.27898026,58.17066956,43.43553925,2.329999924,0.056279432799999994
0.1415974975,0.1365640998,0.10454570059999999,0.1065582991,0.1039265037,0.0322149992,0.4383159161,0.028154888166666666,1.980435967,0.744545102,0.982078075,-0.076980561,78.22860718,207.9049988,998.3062744,20.84392929,20.61342049,20.29107094,24.26054001,24.20663071,58.14076996,43.4953804,2.19749999,0.0562795579
0.14128600360000002,0.13631329539999998,0.1044981003,0.10677980179999999,0.10375679730000001,0.0321358889,0.40755991939999997,0.02810522291666667,1.975386977,0.40515101,0.98417449,-0.105884902,78.22860718,213.0686035,998.307373,20.84486008,20.61411095,20.29920006,24.22986984,24.1342907,58.13434982,43.55522919,2.282500029,0.0562797129
0.1410523057,0.1361127019,0.10432319640000001,0.1067181945,0.10358710289999999,0.032056778699999997,0.569207716,0.02807408438888889,1.973070025,0.152423501,0.986270785,-0.160208002,76.89395905,213.3305054,998.3085938,20.84579086,20.61478996,20.30734062,24.19919968,24.06195068,58.13576126,43.61507034,2.345000029,0.0562798381
0.14064500330000002,0.1355237007,0.10414839979999999,0.1065129042,0.10349409579999999,0.031977671400000005,0.5506111145,0.028062333,1.984745026,-0.144531295,0.988367319,-0.136784196,76.44907379,211.7595062,998.3098145,20.84671974,20.61547089,20.31546974,24.16851997,23.98961067,58.13716125,43.58317947,2.417500019,0.0562799871
0.1401628017,0.1348050952,0.104211998,0.1063074946,0.1034265995,0.0313537687,0.4018377781,0.028056388444444445,2.001082897,-0.026035519,0.990463614,-0.131918907,76.44907379,206.5252075,998.3109131,20.84765053,20.61615944,20.32361031,24.13784981,23.91727066,58.13856888,43.52072144,2.184999943,0.05628011819999999
0.13943020109999998,0.1340865016,0.1040868044,0.1061949968,0.1033591032,0.030762618800000002,0.3911089897,0.02804047266666667,2.017421007,0.158145696,0.991123617,-0.064430542,76.44907379,196.7010956,998.3120117,20.84857941,20.6168499,20.33173943,24.10717964,23.84493065,58.13996887,43.45825958,2.085000038,0.0562802672
0.1387842059,0.1336750984,0.1035861015,0.1061133027,0.1032917023,0.030459740800000003,0.3775192022,0.028021278388888887,2.023984909,0.069929421,0.991304815,-0.008909823,76.44907379,189.2937012,998.3131714,20.84951019,20.61753082,20.33987999,24.07650948,23.77259064,58.14136887,43.39580154,2.027499914,0.0562803984
0.1385028005,0.1333660007,0.103450501,0.10596799850000001,0.1032747984,0.030229139300000003,0.34604790209999997,0.02799063788888889,2.027290106,-0.168492794,0.991486013,0.03387529,67.72808075,188.2070007,998.31427,20.85043907,20.61821938,20.34800911,24.04582977,23.70025063,58.1427803,43.33333969,2.30250001,0.056280547400000006
0.1383239031,0.1330569029,0.10346839430000002,0.10580149889999999,0.1031725049,0.029998529000000003,0.4969668865,0.02796463861111111,2.030595064,0.468809813,0.991667211,0.07666041,64.82108307,186.4644012,998.3154907,20.85137939,20.6189003,20.35614967,24.01515961,23.62791061,58.1441803,43.27087021,2.295000076,0.0562806785
0.1379892945,0.13271540399999998,0.10348629949999999,0.1057731032,0.1030969977,0.0296074212,0.4597734928,0.027941472805555555,2.033900023,0.05145172,0.991848409,-0.021317581,64.82108307,195.1493073,998.3167114,20.85231018,20.61959076,20.3642807,23.98448944,23.55555916,58.14558029,43.20840836,2.267499924,0.0562808275
0.1376027942,0.1323632002,0.1035040975,0.1057908058,0.1030418992,0.029162800300000003,0.474793911,0.02787455452777778,2.037205935,-0.225117996,0.992029607,-0.105735101,64.82108307,207.5733948,998.3178101,20.85323906,20.62026978,20.37241936,23.95380974,23.48321915,58.14699173,43.21998978,2.450000048,0.056280958699999994
0.1372163057,0.1322198987,0.1033120036,0.1058084011,0.10298680069999999,0.0290344685,0.4275869846,0.027793110750000002,2.028117895,-0.190189198,0.998136818,-0.059663549,64.82108307,208.3410034,998.3189697,20.85416985,20.62096024,20.38055038,23.92313957,23.41087914,58.14839172,43.2562294,2.255000114,0.0562811077
0.1371250987,0.1321462035,0.10297809840000001,0.10571119790000001,0.1029315948,0.029189220100000003,0.4454683781,0.027739961411111114,2.014899015,0.189259797,1.006219029,-0.084235221,59.92744064,205.2232971,998.3201294,20.85510063,20.62163925,20.38869095,23.89246941,23.33853912,58.14979935,43.29248047,2.349999905,0.0562812388
0.1371323943,0.1322957039,0.10298409459999999,0.10557570460000001,0.1028764963,0.0292503208,0.4068446159,0.02772108713888889,2.001679897,0.264958799,1.010321021,-0.055567879,58.29623032,203.2357941,998.3212891,20.85602951,20.62232971,20.39682007,23.86179924,23.26619911,58.15119934,43.32873154,2.282500029,0.056281387800000006
0.1373062015,0.1325194955,0.1031111956,0.1054401994,0.10282130240000001,0.0292604804,0.3703665972,0.02769956165,1.988461018,-0.121165998,1.009914041,-0.067716733,58.29623032,201.6251068,998.3223877,20.8569603,20.62301064,20.40496063,23.83111954,23.1938591,58.16506958,43.36497879,2.42750001,0.05628151890000001
0.13753550050000002,0.1325942993,0.1032384038,0.10530469419999999,0.10276620389999999,0.0292706311,0.4390312195,0.02769922680277778,1.984776974,-0.207355604,1.008445024,0.01485122,58.29623032,206.3365936,998.3236084,20.85788918,20.62369919,20.41308975,23.80044937,23.12151909,58.18309021,43.40122986,2.362499952,0.0562816679
0.13759390119999998,0.1326192021,0.1032166004,0.1054319024,0.10271099809999999,0.0292807788,0.4651380062,0.02769028981388889,1.984272003,-0.231674701,1.006976008,0.01133614,58.29623032,214.8912964,998.324707,20.85881996,20.62438011,20.42123032,23.76977921,23.04917908,58.2010994,43.43748093,2.237499952,0.056281811
0.1375952959,0.1327201962,0.10314500330000001,0.1056467056,0.10265589950000001,0.0294291914,0.4665685177,0.027655853694444444,1.983767033,-0.227859899,1.005506992,-0.051881451,54.85935974,224.0245972,998.3259277,20.85975075,20.62507057,20.42935944,23.74451065,22.97683907,58.21912003,43.47372818,2.397500038,0.0562819481
0.1377637982,0.1326804996,0.10307350159999999,0.1055066943,0.10260070560000001,0.029623690200000004,0.481946516,0.027638132308333334,1.983260989,0.381547213,1.004039049,-0.102722898,53.7137413,226.8182983,998.3270264,20.86068916,20.62574959,20.4375,23.72104073,22.90449905,58.23714066,43.50997925,2.407500029,0.0562820911
0.13747110369999999,0.1325855017,0.1030019999,0.10536409620000001,0.10254559519999999,0.029666909600000003,0.45047531129999996,0.027628199258333336,1.987107992,-0.039387181,1.002570033,-0.108204298,53.7137413,220.956604,998.328186,20.86161995,20.62644005,20.44562912,23.69758034,22.83216095,58.25516891,43.50371933,2.202500105,0.05628222819999999
0.1374680042,0.1325971007,0.10293049809999999,0.105260098,0.1025318027,0.0296597004,0.4554821014,0.02760982301388889,1.992405057,-0.247172102,1.002293944,-0.100602798,53.7137413,212.9140015,998.3292847,20.86255074,20.62711906,20.45376968,23.67411041,22.75980949,58.27318954,43.48328018,2.410000086,0.0562823713
0.13761889929999999,0.1326442003,0.10293049809999999,0.1051560998,0.1025318027,0.0296524912,0.3346038103,0.027588628133333334,1.997702003,-0.247648999,1.002413988,-0.093001261,58.57514954,208.2595978,998.3305054,20.86347961,20.62780952,20.36166954,23.65065002,22.68746948,58.29121017,43.46284866,2.162499905,0.0562825084
0.13776990179999998,0.1329141974,0.102739799,0.10523999930000001,0.1025318027,0.0298990786,0.3825259924,0.027584326002777777,2.002999067,0.587305605,1.002534986,-0.05495799,60.19562149,207.1696014,998.3317261,20.8644104,20.62849045,20.33028984,23.6271801,22.61512947,58.30921936,43.44242096,2.372499943,0.05628265140000001
0.1381160975,0.1332584977,0.1027277946,0.10507470370000001,0.1025318027,0.03007586,0.32888178830000003,0.027572735680555557,2.008296013,0.085307628,1.002655983,-0.043304041,60.19562149,206.8912964,998.3328247,20.86533928,20.62918091,20.33028984,23.60371971,22.54278946,58.32723999,43.42198944,2.434999943,0.0562827885
0.1382737041,0.1334110022,0.1027992964,0.10513910060000001,0.1025318027,0.030422350799999998,0.4812312126,0.0275707478,2.013592958,-0.215938807,1.00277698,-0.136348799,60.19562149,208.7445984,998.3339844,20.86627007,20.62986946,20.33028984,23.58024979,22.47044945,58.34526062,43.40155029,2.112499952,0.056282931599999995
0.1383466005,0.1334995031,0.10269199609999999,0.1051738024,0.1025318027,0.030656379499999997,0.3868174076,0.027557832930555557,2.014255047,-0.236085504,1.002897978,-0.04183,60.19562149,208.7756042,998.335083,20.86720085,20.63055038,20.33028984,23.55677986,22.39810944,58.36328888,43.38111877,2.00999999,0.05628306870000001
0.1386162043,0.1337959051,0.10277550220000001,0.10516140460000001,0.1025318027,0.030631649500000004,0.3396106005,0.02753973007222222,2.013370991,0.654421508,1.003018022,-0.127381995,72.03539276,207.962204,998.3361816,20.86812973,20.63124084,20.28322029,23.53331947,22.32576942,58.38130951,43.36069107,2.0625,0.0562832117
0.1389513969,0.13400809760000001,0.1029423952,0.1051491022,0.1025318027,0.030829688900000003,0.4526209831,0.02752162721388889,2.012487888,0.330405712,1.003139019,-0.04246065,75.98197174,205.368103,998.3374023,20.86906052,20.63191986,20.26753044,23.50984955,22.25342941,58.3993187,43.34025955,2.170000076,0.0562833488
0.1387855053,0.1338734031,0.1029929996,0.1052633047,0.10256439449999999,0.0309525192,0.5477499962,0.02749524646388889,2.011605024,-0.114251703,1.003260016,-0.062241621,75.98197174,205.5737,998.338623,20.87000084,20.63261032,20.26753044,23.48638916,22.1810894,58.41733932,43.31983185,2.372499943,0.056283491799999995
0.13867139820000002,0.13364009859999998,0.1030048966,0.10541959999999999,0.10261809829999999,0.0308476299,0.3932547092,0.02749690373611111,2.005733013,0.426370591,1.002158999,-0.091675133,75.98197174,208.4998016,998.3397217,20.87092972,20.63328934,20.26753044,23.46291924,22.13540077,58.43535995,43.33570099,2.092499971,0.05628362890000001
0.1386304021,0.1335054994,0.1029811025,0.1053745985,0.1026751995,0.030685868900000003,0.4104207993,0.027486968569444447,1.998198986,0.052524619,1.000651002,-0.131913707,75.98197174,210.0641022,998.3408813,20.8718605,20.6339798,20.26753044,23.43946075,22.09860992,58.45338058,43.36368179,2.25,0.056283771999999996
0.1384511948,0.13340369459999998,0.10294530390000001,0.10526249409999999,0.1027323008,0.0306416303,0.4290174961,0.027496573130555556,1.990664005,-0.199249297,0.999142587,-0.036090352,60.27127838,207.8703003,998.34198,20.87278938,20.63466072,20.26753044,23.41599083,22.06181908,58.47140884,43.39165878,2.339999914,0.056283909099999994
0.1382259011,0.1333019972,0.10307940239999999,0.10529739860000001,0.1027892947,0.0304391205,0.39039380549999997,0.027499220105555555,1.983129978,-0.239065796,0.997634411,-0.0524203,55.03438187,204.6340027,998.3432007,20.87372017,20.63534927,20.26753044,23.3925209,22.0250206,58.48942947,43.41963959,2.422499895,0.0562840521
0.1381492019,0.1332002044,0.10313309429999999,0.1053814054,0.102846396,0.0301708102,0.3996921062,0.027501538594444444,1.982156038,-0.161816999,0.996126175,-0.091159657,55.03438187,204.6362,998.3444214,20.87464905,20.6360302,20.26753044,23.36906052,21.98822975,58.50743866,43.44762039,2.277499914,0.0562841892
0.1381219983,0.1332705975,0.1031409979,0.10546530489999999,0.1029034972,0.0299901605,0.4497600079,0.027535315619444445,1.983368993,-0.133444697,0.994618118,-0.066974796,55.03438187,205.717804,998.34552,20.87557983,20.63672066,20.26753044,23.34559059,21.95144081,58.52545929,43.4756012,2.069999933,0.056284332299999996
0.1384443998,0.1337252975,0.1031489968,0.1056707978,0.10296059849999999,0.030101719500000002,0.457627821,0.02764459186111111,1.984581947,-0.2187998,0.993109882,-0.049105,65.45597839,206.7994995,998.3466797,20.87651062,20.63739967,20.26753044,23.3221302,21.91464043,58.54347992,43.50357056,1.99000001,0.0562844694
0.1388834,0.1342890978,0.1030884027,0.10567510129999999,0.1030176997,0.0306369305,0.4490447044,0.02782936097222222,1.993412971,0.126077801,0.995586812,-0.077179193,68.92984772,205.9752045,998.3477783,20.8774395,20.63809013,20.26753044,23.31625938,21.87784958,58.51768875,43.48020935,2.055000067,0.0562846124
0.1395781994,0.13501340150000002,0.1030050039,0.1055989981,0.10307470560000001,0.0312841386,0.32888169289999997,0.02795255661111111,2.004785061,-0.069547579,1.001322985,-0.117920503,68.92984772,208.5399017,998.348877,20.87837029,20.63876915,20.26753044,23.31625938,21.84104919,58.47729111,43.4397316,2.319999933,0.056284749499999995
0.1403581023,0.1357911944,0.1032076001,0.10552279950000001,0.103104198,0.0318057895,0.3710818052,0.028009499444444443,2.016155958,-0.2295288,1.007702947,-0.091408134,68.92984772,208.7763062,998.3500977,20.87929916,20.63945961,20.26753044,23.31625938,21.80426025,58.43688965,43.39925003,2.144999981,0.056284892600000004
0.1405531049,0.13598289489999998,0.1035055995,0.10562469960000001,0.10319149489999999,0.032285588999999996,0.37465810780000003,0.02800505533333333,2.020160913,-0.01590257,0.999105811,0.01143674,68.92984772,207.7895966,998.3513184,20.88022995,20.64014053,20.26753044,23.31999969,21.76746941,58.39649963,43.35876846,2.029999971,0.056285041599999995
0.1405531049,0.1362027049,0.1036874056,0.1057858944,0.1033010006,0.0323133886,0.358207202,0.027984528,2.021708965,-0.158002198,0.970066071,0.05272961,55.75671005,210.1502075,998.352417,20.88117027,20.64082909,20.26753044,23.32497978,21.73067093,58.35609818,43.31829071,2.237499952,0.0562851727
0.1411157966,0.1364969015,0.1038305044,0.1059471965,0.1034106016,0.032449689500000004,0.4132819176,0.027949583277777777,2.023257971,-0.222495496,0.941390991,-0.01641101,51.36566162,216.0856934,998.3535767,20.88209915,20.64151001,20.26753044,23.32996941,21.69388008,58.31570053,43.27780914,2.227499962,0.0562853217
0.1416064978,0.13666030170000001,0.1039109945,0.1061084986,0.10352020260000001,0.0326723814,0.4218649864,0.027931694444444446,2.024806976,-0.233224407,0.909683228,-0.05073243,51.36566162,222.8408051,998.3546753,20.88302994,20.64220047,20.26753044,23.33494949,21.65708923,58.31290054,43.23733139,2.012500048,0.0562854528
0.1414724946,0.1365494967,0.1039705992,0.10610899929999999,0.1036296964,0.0327105612,0.5105566978,0.027911167138888887,2.01563096,-0.1980571,0.876351774,-0.128852993,51.36566162,223.2821045,998.355896,20.88396072,20.64287949,20.26753044,23.33993912,21.62029076,58.32263947,43.27122116,2.242500067,0.0562856019
0.1413424015,0.1363620043,0.1040868044,0.1062407017,0.10373929740000001,0.032465711200000004,0.4297327995,0.027899222916666667,2.002882004,-0.145127401,0.853792429,-0.1206614,51.36566162,217.0903015,998.3571167,20.8848896,20.64356995,20.26753044,23.3449192,21.58349991,58.33237839,43.32989883,2.317500114,0.056285726999999994
0.1410035014,0.135938096,0.1042219043,0.10643399950000001,0.10388449429999999,0.0321470201,0.5556178092999999,0.02789127775,1.990131021,0.649176121,0.856903791,-0.076506749,47.1496315,203.8970947,998.3582153,20.88582039,20.64425087,20.26753044,23.34991074,21.58288002,58.34212112,43.38856888,2.085000038,0.056285881999999995
0.14057470560000002,0.1354354978,0.1043570042,0.106627202,0.1040416002,0.0316112399,0.4597734928,0.02786744436111111,1.977381945,0.915970683,0.875454187,-0.068553083,45.74428177,195.4190063,998.359375,20.88674927,20.64493942,20.26753044,23.35489082,21.59431076,58.35186005,43.44725037,2.30250001,0.0562860072
0.1401458979,0.1349328995,0.10471260549999999,0.1068204999,0.10419859890000001,0.030765658600000002,0.4569125175,0.027853194333333334,1.972633004,0.466425598,0.896697581,-0.072666407,45.74428177,195.2904968,998.3604736,20.88768005,20.64562035,20.26753044,23.35988045,21.60574913,58.36159897,43.50592041,2.400000095,0.0562861621
0.1397171021,0.1346011043,0.1048199058,0.10701370240000001,0.1043557048,0.030124160599999998,0.4705023766,0.027850888583333334,1.970551968,0.782573521,0.913960695,-0.051277071,45.74428177,193.6434021,998.3615723,20.88861084,20.64631081,20.26753044,23.36486053,21.61717987,58.37133026,43.5646019,2.144999981,0.0562862873
0.1395936012,0.1345535994,0.1047662973,0.10720700030000001,0.1045127034,0.029843381000000002,0.3753734112,0.027827055194444443,1.979977012,0.06229993,0.918202221,-0.05364687,45.74428177,192.6667938,998.362793,20.88953972,20.64699936,20.26753044,23.36985016,21.62862015,58.38106918,43.54634094,2.262500048,0.056286442299999996
0.1395717978,0.1345818043,0.10490930080000001,0.10731769799999999,0.1046697974,0.029651370599999997,0.4426074982,0.027808193638888888,1.993237972,-0.231078699,0.910134017,-0.034851741,71.0907135,195.8912048,998.3640137,20.8904705,20.64768028,20.39673996,23.37483978,21.64005089,58.39080811,43.50244141,2.352499962,0.0562865674
0.1395499945,0.1345132947,0.10512390140000001,0.10740089420000001,0.10482679610000001,0.0294593602,0.42615652080000005,0.02779361088888889,2.006498098,0.334578097,0.902952671,-0.04898591,79.53951263,200.3090057,998.3651123,20.89141083,20.64837074,20.4398098,23.37981987,21.65148926,58.40055084,43.45854187,2.194999933,0.0562867224
0.1393851995,0.1347051024,0.1051061034,0.1074841022,0.104983902,0.029424271000000002,0.4290174961,0.02778399997222222,2.010612011,0.353055805,0.890864611,-0.100968599,79.53951263,208.4346924,998.366272,20.89233971,20.64904976,20.4398098,23.38480949,21.66292,58.41028976,43.41463852,2.230000019,0.0562868476
0.1396432996,0.1349943995,0.1051920056,0.107624805,0.1051409006,0.029441478799999997,0.3839564085,0.02775817871111111,2.01167798,0.106050402,0.876730978,-0.028977031,79.53951263,212.7619019,998.3673706,20.89327049,20.64974022,20.4398098,23.38978958,21.67436028,58.42002106,43.37073898,2.394999981,0.056287002600000004
0.14005830290000001,0.1352836967,0.1053385019,0.107784605,0.1052979946,0.029582071300000002,0.3689359903,0.02774128596111111,2.01274395,0.311212689,0.862597287,-0.101390198,65.84618378,211.9152069,998.3685913,20.89419937,20.65041924,20.43778992,23.39477921,21.68578911,58.42975998,43.32683945,2.342499971,0.056287127699999995
0.1403452039,0.135573101,0.10548499819999999,0.1079444051,0.1054550052,0.0297637999,0.3331732988,0.027735328675,2.013809919,0.191524804,0.852776587,-0.00890966,61.28173828,214.4418945,998.369812,20.89513016,20.6511097,20.43508911,23.39975929,21.69722939,58.4394989,43.28293991,2.279999971,0.056287282699999996
0.1405894041,0.1361014009,0.1056313992,0.1081042051,0.1055855036,0.029945519599999998,0.38753271100000003,0.027713966369444447,2.014875889,-0.091363177,0.848270416,-0.05262759,61.28173828,218.4815063,998.3709106,20.89606094,20.65179062,20.43239975,23.40475082,21.70866013,58.44924164,43.23904037,2.24000001,0.056287407899999996
0.1409422994,0.1365244031,0.10577789550000001,0.10817019939999999,0.1057070017,0.030375438900000003,0.3464055061,0.02768681208333333,2.015940905,0.095082998,0.845056474,-0.041451529,61.28173828,222.5211029,998.3720093,20.89698982,20.65247917,20.42970085,23.40973091,21.7201004,58.45898056,43.25920105,2.342499971,0.0562875628
0.1413316011,0.1368857026,0.1059242964,0.1082049966,0.10582859520000001,0.030600330199999998,0.2620054007,0.02767108281388889,2.009124041,-0.108768001,0.841842592,-0.099443123,61.28173828,224.934494,998.37323,20.89792061,20.6531601,20.42700958,23.41472054,21.73152924,58.46871948,43.30073166,2.3125,0.056287688
0.1419546008,0.1372470975,0.1060708046,0.1082962036,0.1059502006,0.0307292789,0.3353189945,0.02765022277777778,1.999678016,-0.117172398,0.844965875,-0.063196793,75.54989624,223.9573975,998.3743286,20.89884949,20.65385056,20.42432022,23.41970062,21.74296951,58.4784584,43.34225082,2.07249999,0.05628783699999999
0.1422615051,0.1374119997,0.10633989569999999,0.10840610269999999,0.1060716987,0.030858239500000002,0.4204345226,0.027636313969444444,1.990232944,0.000369744,0.853613615,0.016798951,80.30594635,220.4042053,998.3754883,20.89978027,20.65452957,20.42161942,23.42469025,21.75440979,58.4881897,43.38376999,2.082499981,0.0562879682
0.1424371004,0.1377774,0.10641740559999999,0.10871440169999999,0.10619330410000001,0.030987191200000003,0.3310275078,0.027615782419444446,1.980787039,0.127031595,0.872839928,-0.029473839,80.30594635,222.4624939,998.3765869,20.90070915,20.65522003,20.41893005,23.42967033,21.76584053,58.49792862,43.4253006,2.109999895,0.0562881172
0.1430495977,0.13823169470000002,0.1065425992,0.108910799,0.1063148975,0.031208089,0.3853868961,0.02760982301388889,1.978476048,0.408369809,0.882360101,0.01720902,80.30594635,226.5722046,998.3778076,20.90164948,20.65589905,20.41622925,23.43465996,21.77728081,58.50767136,43.46681976,2.319999933,0.056288248299999996
0.14313889740000002,0.1381384015,0.10678100589999999,0.1090477943,0.1064363956,0.0314596206,0.4304480076,0.027591942680555554,1.97854197,0.506718874,0.876341105,-0.070447251,80.30594635,227.4145966,998.3790283,20.90258026,20.65658951,20.41353989,23.43964005,21.78870964,58.51741028,43.50835037,2.472500086,0.0562883973
0.1430052996,0.1379884005,0.10704319479999999,0.1091848969,0.10655800099999999,0.031101161199999998,0.431163311,0.027572072347222223,1.978608012,0.080896847,0.866570592,-0.096497968,66.06240845,227.1679993,998.380127,20.90350914,20.65727043,20.41083908,23.44462967,21.80014992,58.5271492,43.54986954,2.477499962,0.056288540399999996
0.1428715944,0.1378803015,0.1071588993,0.10932190420000001,0.1066782951,0.030798721299999998,0.3696513891,0.027544585333333333,1.978674054,-0.175049394,0.870844424,-0.118760698,61.31455994,223.0977936,998.3812866,20.90443993,20.65796089,20.40814972,23.44960976,21.81158066,58.53688812,43.53293991,2.162499905,0.056288677499999995
0.14273790120000002,0.13769090180000002,0.1072255969,0.10945889950000001,0.1067981005,0.030582728999999996,0.360352993,0.027543924119444445,1.985901952,-0.01256467,0.889541388,-0.087060802,61.31455994,215.0838013,998.3823853,20.90537071,20.65863991,20.40545082,23.45459938,21.82302094,58.5571785,43.496521,2.32249999,0.0562888205
0.14250580070000002,0.13747429849999998,0.10729240179999999,0.1095960021,0.1069179058,0.030366739599999998,0.3017019987,0.02753928714444444,1.995517015,0.384885103,0.899147391,-0.103333503,61.31455994,207.9223022,998.383606,20.90629959,20.65933037,20.40275955,23.45957947,21.83444977,58.58098984,43.46009827,2.440000057,0.0562889576
0.1425884008,0.137698698,0.10735909939999999,0.1097329974,0.10703769919999999,0.0301507503,0.3903937101,0.027512137094444448,2.00513196,-0.06132203,0.897752583,-0.101760402,61.31455994,203.3536072,998.3847046,20.90723038,20.66002083,20.40007019,23.46456909,21.86638069,58.60478973,43.42367935,2.157500029,0.056289100599999996
0.1427867055,0.13790099620000001,0.10742590430000001,0.1098700047,0.1071575046,0.0302859485,0.41399707790000007,0.02749193827222222,2.014746904,-0.244072601,0.894061923,-0.086457178,73.38046265,199.4555054,998.3859253,20.90815926,20.66069984,20.39736938,23.46954918,21.90513039,58.62860107,43.38727188,2.292500019,0.05628923770000001
0.1429849982,0.1382045984,0.1075320005,0.1098938942,0.10727729800000001,0.030351120199999998,0.3689361095,0.027483988866666666,2.016522884,-0.240416899,0.882453084,-0.04081713,77.40242004,199.2718048,998.3870239,20.90909004,20.66138077,20.39468002,23.47454071,21.94388962,58.6524086,43.35084915,2.092499971,0.0562893808
0.1434010983,0.1387791038,0.1076511979,0.110097301,0.1073971033,0.0306387097,0.3403258085,0.02745782852222222,2.015685081,-0.236761004,0.865318894,-0.089609087,77.40242004,203.7406006,998.3881836,20.91002083,20.66206932,20.39197922,23.4795208,21.98263931,58.67621994,43.31443024,2.269999981,0.056289517899999995
0.1438897014,0.1391262054,0.10777050260000001,0.11020799880000001,0.1075168967,0.031021231399999998,0.38467168809999996,0.027456501855555555,2.01484704,0.006270688,0.847222626,-0.02762978,77.40242004,205.8424072,998.3892822,20.91095924,20.66275978,20.38928986,23.49305916,22.02140045,58.70003128,43.27801895,2.315000057,0.0562896609
0.14410550589999999,0.1393731952,0.1078896999,0.110263598,0.10766860250000002,0.031217101200000003,0.321729207,0.02745485093888889,2.014008999,0.639520228,0.832642019,-0.017291181,67.4536438,206.7758026,998.3905029,20.91189003,20.6634407,20.38658905,23.50945091,22.06015015,58.72383118,43.30368042,2.097500086,0.056289798
0.14443680050000002,0.1398301005,0.1080088973,0.11031919720000001,0.1078309059,0.031350758699999995,0.32101390360000004,0.027440607283333335,2.006100893,0.085188448,0.819233119,-0.040346071,64.13738251,211.6381073,998.3917236,20.91282082,20.66412926,20.38389969,23.5258503,22.09890938,58.7476387,43.35004044,2.029999971,0.0562899411
0.144836998,0.14018059970000002,0.10834269519999999,0.1105041981,0.10799319739999999,0.0314844191,0.4454683781,0.02742338816388889,1.995836973,-0.192096606,0.80582422,-0.01152745,64.13738251,217.809906,998.3928223,20.91374969,20.66481018,20.38120079,23.54224014,22.13765907,58.77145004,43.39638901,2.059999943,0.0562900782
0.1451063037,0.1404723048,0.10819360019999999,0.11073240040000001,0.10808470249999999,0.0319161892,0.3703665018,0.027411138747222223,1.985573053,-0.219097897,0.790112197,0.058556221,64.13738251,220.8684998,998.3939819,20.91468048,20.66550064,20.37850952,23.55862999,22.17642021,58.79526138,43.44274902,2.190000057,0.056290221200000004
0.1455147982,0.1409548998,0.1082211018,0.11069699529999999,0.10815249680000001,0.0322555602,0.3732275963,0.027384643555555553,1.975309014,-0.241271198,0.773632407,-0.04507605,64.13738251,224.8385925,998.3950806,20.91560936,20.66617966,20.37582016,23.57501984,22.21517944,58.81906891,43.48910904,2.07249999,0.056290358299999996
0.1459841967,0.1411563039,0.1083688974,0.1107583046,0.1082203031,0.0325310111,0.4726481915,0.02739557266111111,1.971199036,-0.057626471,0.7631073,-0.073264427,70.51772308,227.3470001,998.3961792,20.91654015,20.66687012,20.37311935,23.59140968,22.25392914,58.8428688,43.53546906,2.147500038,0.056290501400000005
0.1462195992,0.1412425995,0.10851670499999999,0.1108809948,0.1082882047,0.0325752199,0.43044810299999997,0.027412793900000003,1.969140053,-0.071097307,0.754567027,-0.091321573,72.6444931,223.8796997,998.3973999,20.91747093,20.66754913,20.37042999,23.60780907,22.29269028,58.86668015,43.58182907,2.25,0.0562906384
0.1462236047,0.1413290024,0.1086645007,0.1110036969,0.108355999,0.0325423509,0.29526469710000003,0.027467100355555555,1.967080951,0.039292172,0.743333817,-0.0707746,72.6444931,218.6551971,998.3986206,20.91839981,20.66823959,20.36772919,23.62420082,22.33143997,58.89049149,43.62818146,2.202500105,0.0562907815
0.1461765051,0.141307199,0.10881229640000001,0.11112639900000001,0.10842380519999999,0.0325094908,0.2773833036,0.02760717603888889,1.974266052,0.178650007,0.742124915,-0.072445333,72.6444931,215.0523987,998.3997192,20.9193306,20.66892052,20.36503983,23.64059067,22.3701992,58.91429901,43.61315155,2.390000105,0.056290918599999996
0.1461292982,0.1412493944,0.10890289550000001,0.11124919650000001,0.10853480099999999,0.032356590000000005,0.3374648094,0.027695918613888888,1.984531999,-0.033545829,0.752861083,-0.112057202,72.6444931,211.9900055,998.4008789,20.92027092,20.66960907,20.36234093,23.65698051,22.40895081,58.92612839,43.57765961,2.25,0.056291061600000004
0.1460821986,0.1411916018,0.10897439719999999,0.1113718987,0.1086601019,0.0321636707,0.3789496899,0.027732675341666665,1.994797945,-0.122954197,0.76636529,-0.117592096,50.64743042,208.9277039,998.4019775,20.9211998,20.67028999,20.4557991,23.67337036,22.44771004,58.93397141,43.54217148,2.255000114,0.0562911987
0.1460078001,0.14095779660000002,0.10918899769999998,0.1114830971,0.1087852955,0.0319707602,0.44046158789999995,0.0277336714,2.005064011,-0.01053808,0.787830472,-0.108996697,43.31507111,203.3406067,998.4031982,20.92213058,20.67098045,20.48718071,23.68976021,22.48645973,58.94181061,43.50667953,2.069999933,0.056291341800000005
0.1457502007,0.1406654,0.10934400559999999,0.11159039740000001,0.1089105964,0.0317016691,0.4336667061,0.027731683519444446,2.007817984,0.178769097,0.818944514,-0.081345409,43.31507111,198.8076019,998.4044189,20.92305946,20.67165947,20.48718071,23.70615005,22.52522087,58.94964981,43.47119141,2.292500019,0.056291478900000004
0.1454345942,0.14037300349999998,0.10946320300000001,0.11169769759999999,0.1090358973,0.031244540199999997,0.40076489449999997,0.02771578682777778,2.008066893,0.089599237,0.846746981,-0.04734223,43.31507111,194.9064941,998.4055176,20.92399025,20.67234993,20.48718071,23.72254944,22.56397057,58.95750046,43.43569946,2.075000048,0.0562916219
0.1451189995,0.1402376056,0.1094393969,0.11180499790000001,0.1091611981,0.030915451,0.3313851118,0.02769956165,2.00831604,0.165059894,0.868956029,-0.054027449,63.66447067,197.7709961,998.4066772,20.92491913,20.67303085,20.36951065,23.73893929,22.6027298,58.96533966,43.40021133,2.232500076,0.056291759
0.1449947,0.1401546001,0.1095466971,0.1119122982,0.10928649900000001,0.030647099,0.24984600540000002,0.02766710917222222,2.008564949,0.064445719,0.879209399,-0.1166251,70.44760132,202.8907928,998.4077759,20.92584991,20.67371941,20.33028984,23.75532913,22.64459991,58.97317886,43.36471939,2.394999981,0.0562919021
0.14493429659999998,0.13992539639999999,0.1097136021,0.11201959850000001,0.10941179990000001,0.030378758900000004,0.3496242046,0.027651545205555555,2.00881505,-0.178625703,0.885890007,-0.093554758,70.44760132,203.4268951,998.4088745,20.9267807,20.67440033,20.33028984,23.77172089,22.68751907,58.98102188,43.37094879,2.164999962,0.0562920511
0.1448737979,0.13964749569999999,0.1097962022,0.1121268988,0.10953710080000001,0.0301104188,0.3982615948,0.027643597919444443,2.00551796,-0.1051917,0.883531392,-0.062472571,70.44760132,198.2476044,998.4100952,20.92770958,20.67509079,20.33028984,23.78811073,22.7304306,58.98886108,43.39107895,2.200000048,0.0562921822
0.1446334004,0.13968809840000002,0.1098507047,0.112234199,0.10961760279999999,0.029842078700000003,0.3453325987,0.027635650636111113,2.001039028,-0.038910318,0.878159702,-0.03980691,70.44760132,193.6333008,998.4113159,20.92864037,20.67577934,20.33028984,23.80450058,22.77334023,58.99670029,43.41120911,2.105000019,0.056292331200000004
0.1445381045,0.13983490469999998,0.1099051952,0.1123016,0.1096830964,0.0298493385,0.3439022064,0.02762869728888889,1.996559978,0.163748503,0.872788072,-0.03847627,47.55895996,196.8625031,998.4124146,20.92956924,20.67646027,20.3538208,23.82089996,22.81624985,59.00453949,43.43133163,2.375,0.0562924623
0.1447824001,0.139981699,0.1099596977,0.1123556018,0.1097486973,0.0299484611,0.3260206938,0.027612141502777778,1.992081046,0.342445999,0.867416382,-0.04425732,39.92940903,205.5944061,998.4135742,20.93050957,20.67715073,20.36689949,23.83728981,22.85917091,59.01239014,43.45146179,2.32249999,0.056292611400000005
0.1451171994,0.1403329015,0.1100142002,0.112409699,0.10981420280000001,0.030047580600000002,0.34175639150000003,0.027592271169444446,1.987601995,0.397044688,0.863627315,0.02378206,39.92940903,215.3618011,998.4146729,20.93144035,20.67782974,20.37387085,23.85367966,22.90208054,59.02022934,43.47158813,2.217499971,0.056292742500000006
0.1454519033,0.1407523036,0.11006870269999999,0.11246379609999999,0.10987980369999999,0.0303174704,0.343186903,0.027578360238888888,1.983122945,0.01997998,0.87010771,-0.020718411,39.92940903,222.2371979,998.4158936,20.93236923,20.6785202,20.38084984,23.8700695,22.94499016,59.02806854,43.49171829,2.035000086,0.0562928915
0.1458392978,0.14105190039999999,0.1101232052,0.1125179052,0.10994529719999999,0.0306442797,0.3024173021,0.02755253685833333,1.978644013,-0.183751807,0.887045085,0.039384119,39.92940903,228.1486969,998.4171143,20.93330002,20.67919922,20.38781929,23.88645935,22.98789978,59.04238129,43.51184845,1.995000005,0.0562930226
0.1460613012,0.1413118005,0.11002949479999999,0.11257200240000001,0.1099617004,0.030971089,0.3474783897,0.027528029547222225,1.982576013,0.1112957,0.897266328,-0.030109139,42.36841965,230.3591003,998.4182129,20.9342308,20.67988968,20.39479065,23.9028492,23.0308094,59.05884171,43.53197861,2.13499999,0.056293171600000004
0.14643349649999998,0.14170370100000002,0.11011890170000001,0.1126260996,0.1099617004,0.0311215907,0.321729207,0.02751445346388889,1.989312053,-0.130226105,0.909736991,0.01510065,43.18143082,231.3356934,998.4193726,20.93515968,20.6805706,20.40176964,23.91924095,23.07372093,59.07529831,43.52634048,2.217499971,0.0562933028
0.14663996699999998,0.141794467,0.1102857709,0.1126801848,0.1099617004,0.0313821584,0.4204344273,0.027503857083333333,1.996047974,-0.245622426,0.923970759,-0.072319396,43.18143082,230.0217743,998.4204712,20.93609047,20.68125725,20.408741,23.93563652,23.11663818,59.09176254,43.51211166,2.36500001,0.056293445799999994
